1;3317;3032;3904;4046
1;3335;3045;3920;4059
1;3317;3028;3913;4047
1;3322;3037;3915;4047
1;3314;3027;3916;4045
1;3330;3044;3914;4053
1;3319;3038;3916;4053
1;3326;3039;3913;4046
1;3322;3035;3920;4050
1;3325;3041;3915;4048
1;3325;3041;3911;4053
1;3315;3029;3909;4047
1;3321;3027;3914;4054
1;3325;3035;3911;4049
1;3327;3030;3915;4051
1;3325;3038;3917;4063
1;3328;3038;3917;4057
1;3327;3042;3920;4049
1;3322;3039;3920;4054
1;3326;3038;3914;4051
1;3326;3033;3919;4059
1;3328;3039;3914;4054
1;3328;3042;3920;4055
1;3326;3040;3918;4049
1;3326;3042;3919;4055
1;3327;3037;3920;4053
1;3328;3038;3920;4054
1;3328;3041;3920;4055
1;3327;3034;3915;4053
1;3325;3037;3918;4050
1;3327;3042;3917;4057
1;3328;3042;3911;4051
1;3327;3041;3926;4047
1;3343;3063;3939;4070
1;3322;3038;3916;4063
1;3323;3038;3911;4055
1;3325;3040;3916;4053
1;3323;3035;3923;4054
1;3321;3037;3920;4050
1;3325;3039;3914;4050
1;3322;3034;3915;4044
1;3325;3031;3915;4051
1;3319;3038;3918;4049
1;3312;3026;3910;4046
1;3319;3029;3909;4050
1;3315;3029;3910;4051
1;3321;3033;3914;4055
1;3324;3027;3911;4057
1;3323;3030;3914;4049
1;3322;3038;3916;4048
1;3322;3037;3918;4048
1;3326;3038;3917;4051
1;3324;3035;3917;4055
1;3324;3037;3920;4048
1;3319;3040;3911;4064
1;3326;3037;3916;4049
1;3328;3039;3915;4049
1;3325;3041;3920;4063
1;3328;3040;3923;4053
1;3328;3040;3920;4050
1;3327;3040;3918;4050
1;3328;3041;3915;4051
1;3328;3041;3920;4050
1;3328;3038;3918;4052
1;3328;3038;3916;4060
1;3329;3039;3922;4055
1;3328;3041;3920;4059
1;3329;3035;3921;4055
1;3330;3041;3917;4054
1;3327;3039;3920;4054
1;3328;3042;3918;4060
1;3323;3039;3919;4050
1;3328;3040;3920;4057
1;3329;3040;3920;4057
1;3328;3039;3920;4064
1;3327;3042;3930;4049
1;3327;3042;3919;4049
1;3329;3042;3915;4053
1;3331;3040;3920;4055
1;3326;3039;3920;4051
1;3328;3042;3916;4052
1;3325;3042;3919;4053
1;3327;3043;3914;4048
1;3333;3047;3920;4050
1;3333;3045;3924;4051
1;3330;3047;3923;4061
1;3337;3046;3916;4059
1;3343;3056;3921;4057
1;3335;3051;3920;4055
1;3338;3053;3934;4062
1;3337;3053;3922;4061
1;3336;3045;3920;4071
1;3338;3051;3923;4055
1;3346;3061;3931;4066
1;3333;3045;3920;4057
1;3331;3044;3920;4052
1;3330;3041;3918;4057
1;3328;3042;3929;4054
1;3330;3041;3920;4057
1;3330;3043;3922;4054
1;3326;3043;3920;4057
1;3328;3041;3920;4063
1;3329;3040;3921;4058
1;3329;3042;3920;4058
1;3328;3040;3915;4055
1;3333;3041;3925;4058
1;3327;3041;3922;4049
1;3328;3042;3920;4051
1;3329;3039;3920;4060
1;3327;3042;3919;4064
1;3328;3042;3915;4051
1;3329;3044;3920;4053
1;3328;3042;3926;4053
1;3328;3042;3925;4062
1;3331;3042;3921;4052
1;3327;3035;3920;4053
1;3327;3041;3920;4055
1;3330;3043;3919;4050
1;3327;3039;3920;4052
1;3323;3035;3911;4061
1;3321;3037;3907;4064
1;3321;3033;3911;4053
1;3326;3034;3921;4052
1;3324;3036;3916;4050
1;3319;3037;3915;4050
1;3322;3036;3915;4048
1;3319;3039;3920;4052
1;3321;3036;3920;4060
1;3326;3035;3921;4058
1;3321;3040;3839;4048
1;3323;3039;3910;4054
1;3328;3039;3924;4063
1;3326;3038;3920;4057
1;3325;3039;3920;4058
1;3325;3043;3915;4052
1;3327;3039;3920;4049
1;3325;3043;3918;4047
1;3327;3037;3919;4061
1;3326;3038;3920;4063
1;3328;3044;3922;4057
1;3328;3042;3926;4055
1;3327;3043;3920;4066
1;3328;3038;3924;4055
1;3330;3042;3920;4060
1;3330;3045;3920;4048
1;3332;3042;3923;4051
1;3330;3045;3925;4056
1;3335;3041;3922;4053
1;3330;3045;3920;4063
1;3329;3043;3920;4050
1;3334;3047;3926;4058
1;3330;3049;3921;4057
1;3333;3050;3923;4055
1;3333;3045;3931;4065
1;3329;3047;3920;4061
1;3333;3047;3922;4058
1;3335;3047;3920;4055
1;3333;3047;3920;4063
1;3337;3052;3933;4053
1;3338;3049;3926;4064
1;3341;3053;3923;4063
1;3338;3051;3920;4062
1;3329;3042;3920;4055
1;3332;3047;3924;4056
1;3335;3050;3918;4065
1;3334;3047;3921;4073
1;3334;3050;3921;4067
1;3339;3049;3921;4063
1;3332;3049;3920;4058
1;3333;3051;3924;4055
1;3334;3055;3927;4070
1;3341;3054;3929;4057
1;3341;3055;3926;4057
1;3353;3067;3936;4066
1;3342;3056;3923;4061
1;3339;3054;3921;4060
1;3337;3050;3920;4067
1;3333;3050;3922;4055
1;3337;3051;3920;4052
1;3331;3050;3929;4061
1;3332;3054;3920;4065
1;3335;3047;3935;4075
1;3334;3055;3927;4053
1;3344;3053;3925;4055
1;3339;3053;3925;4070
1;3347;3066;3930;4065
1;3358;3082;3942;4065
1;3349;3065;3935;4073
1;3343;3050;3925;4062
1;3341;3056;3926;4059
1;3338;3052;3925;4058
1;3341;3056;3924;4063
1;3339;3055;3921;4062
1;3337;3054;3920;4068
1;3340;3053;3924;4059
1;3338;3055;3921;4068
1;3335;3053;3923;4063
1;3336;3055;3920;4057
1;3339;3052;3931;4067
1;3337;3053;3921;4063
1;3337;3053;3919;4057
1;3339;3052;3921;4062
1;3337;3054;3933;4055
1;3338;3054;3922;4062
1;3341;3056;3920;4057
1;3357;3071;3937;4074
1;3361;3083;3939;4071
1;3336;3051;3931;4067
1;3377;3102;3951;4081
1;3341;3055;3923;4060
1;3330;3047;3924;4065
1;3333;3046;3926;4055
1;3349;3070;3934;4061
1;3345;3063;3930;4074
1;3328;3043;3920;4055
1;3409;3127;3962;4083
1;3333;3046;3926;4063
1;3335;3050;3925;4057
1;3347;3066;3933;4065
1;3328;3045;3922;4058
1;3328;3045;3929;4057
1;3328;3041;3920;4055
1;3333;3047;3926;4067
1;3327;3039;3922;4053
1;3327;3037;3922;4055
1;3327;3038;3920;4045
1;3328;3039;3920;4059
1;3327;3034;3917;4054
1;3325;3041;3916;4054
1;3329;3036;3920;4067
1;3328;3041;3920;4052
1;3327;3042;3918;4062
1;3329;3039;3920;4061
1;3326;3039;3915;4048
1;3323;3040;3914;4051
1;3325;3035;3922;4048
1;3327;3040;3913;4051
1;3326;3038;3916;4054
1;3329;3041;3917;4058
1;3326;3039;3920;4049
1;3319;3035;3919;4058
1;3325;3041;3920;4055
1;3325;3038;3918;4051
1;3325;3036;3923;4063
1;3327;3040;3920;4060
1;3326;3037;3920;4063
1;3327;3039;3920;4052
1;3329;3039;3920;4061
1;3326;3037;3911;4067
1;3321;3035;3911;4057
1;3323;3034;3918;4064
1;3322;3029;3920;4063
1;3324;3034;3920;4054
1;3323;3035;3921;4057
1;3323;3034;3920;4049
1;3322;3031;3917;4053
1;3319;3033;3927;4050
1;3322;3034;3909;4055
1;3319;3027;3907;4054
1;3319;3030;3919;4053
1;3317;3030;3911;4055
1;3317;3029;3917;4048
1;3319;3031;3920;4061
1;3317;3027;3911;4053
1;3315;3030;3912;4057
1;3318;3030;3917;4054
1;3317;3030;3915;4054
1;3319;3029;3914;4054
1;3319;3033;3914;4048
1;3315;3031;3914;4050
1;3318;3027;3915;4059
1;3317;3030;3911;4055
1;3323;3028;3916;4051
1;3321;3027;3904;4053
1;3316;3030;3914;4048
1;3319;3029;3917;4058
1;3318;3031;3914;4053
1;3318;3033;3915;4052
1;3315;3034;3917;4051
1;3319;3031;3915;4051
1;3317;3029;3919;4057
1;3321;3029;3912;4051
1;3318;3027;3920;4049
1;3318;3029;3918;4048
1;3317;3029;3907;4051
1;3324;3029;3920;4052
1;3319;3031;3918;4061
1;3318;3028;3914;4051
1;3315;3030;3909;4048
1;3322;3030;3920;4050
1;3318;3029;3919;4051
1;3317;3030;3912;4055
1;3318;3031;3913;4055
1;3319;3033;3918;4049
1;3324;3027;3904;4061
1;3317;3030;3915;4053
1;3315;3033;3920;4052
1;3317;3031;3915;4049
1;3321;3031;3915;4052
1;3324;3027;3914;4050
1;3317;3031;3921;4051
1;3315;3031;3920;4048
1;3314;3031;3920;4050
1;3319;3029;3916;4061
1;3318;3030;3916;4058
1;3319;3031;3913;4051
1;3315;3024;3918;4045
1;3319;3030;3916;4049
1;3316;3034;3920;4048
1;3315;3031;3912;4048
1;3312;3029;3913;4055
1;3314;3033;3916;4054
1;3312;3027;3913;4048
1;3314;3024;3911;4049
1;3318;3027;3914;4055
1;3312;3027;3913;4049
1;3313;3025;3907;4048
1;3317;3027;3911;4048
1;3317;3029;3914;4057
1;3313;3024;3910;4052
2;3316;3029;3914;4053
2;3317;3033;3914;4048
2;3315;3029;3918;4049
2;3318;3033;3916;4048
2;3317;3029;3906;4057
2;3317;3030;3917;4054
2;3317;3024;3920;4053
2;3317;3029;3920;4055
2;3322;3026;3920;4050
2;3317;3030;3911;4063
2;3318;3025;3912;4061
2;3319;3033;3920;4048
2;3317;3027;3916;4052
2;3317;3025;3919;4049
2;3319;3029;3914;4059
2;3319;3029;3916;4065
2;3323;3035;3920;4053
2;3322;3036;3918;4061
2;3318;3031;3915;4051
2;3319;3033;3913;4048
2;3315;3029;3920;4054
2;3318;3034;3920;4054
2;3321;3028;3920;4055
2;3316;3036;3917;4048
2;3316;3031;3922;4055
2;3323;3030;3913;4054
2;3322;3035;3915;4050
2;3321;3031;3920;4054
2;3323;3034;3919;4063
2;3319;3034;3920;4053
2;3322;3034;3917;4049
2;3321;3030;3919;4056
2;3322;3035;3918;4052
2;3318;3034;3916;4062
2;3319;3027;3923;4058
2;3326;3031;3920;4049
2;3324;3028;3920;4060
2;3322;3029;3921;4059
2;3319;3030;3915;4047
2;3325;3034;3913;4055
2;3319;3029;3915;4048
2;3319;3031;3921;4057
2;3318;3031;3915;4054
2;3319;3033;3917;4048
2;3321;3034;3923;4055
2;3321;3030;3918;4054
2;3316;3033;3933;4053
2;3323;3027;3922;4055
2;3322;3031;3917;4055
2;3323;3031;3920;4054
2;3322;3031;3911;4054
2;3322;3027;3920;4055
2;3314;3027;3918;4049
2;3319;3031;3918;4050
2;3317;3030;3917;4063
2;3321;3030;3920;4054
2;3321;3034;3920;4059
2;3318;3029;3919;4050
2;3323;3031;3914;4049
2;3319;3034;3920;4061
2;3319;3031;3920;4054
2;3318;3027;3919;4058
2;3319;3034;3919;4054
2;3319;3029;3917;4048
2;3318;3035;3920;4059
2;3318;3031;3916;4055
2;3322;3031;3920;4054
2;3319;3029;3920;4054
2;3319;3032;3915;4048
2;3317;3028;3919;4059
2;3325;3035;3914;4065
2;3318;3031;3914;4048
2;3320;3034;3916;4065
2;3318;3033;3920;4058
2;3318;3038;3915;4061
2;3319;3028;3920;4071
2;3326;3036;3920;4053
2;3324;3030;3920;4058
2;3326;3037;3920;4048
2;3328;3037;3917;4074
2;3327;3037;3915;4063
2;3324;3036;3920;4055
2;3328;3038;3925;4053
2;3323;3036;3920;4048
2;3323;3038;3921;4053
2;3319;3035;3920;4049
2;3326;3037;3914;4053
2;3322;3035;3925;4062
2;3322;3038;3920;4059
2;3325;3035;3920;4061
2;3322;3037;3918;4055
2;3323;3037;3920;4058
2;3324;3038;3914;4052
2;3326;3037;3920;4061
2;3330;3040;3921;4059
2;3328;3041;3920;4054
2;3327;3035;3917;4058
2;3327;3039;3920;4054
2;3328;3042;3920;4061
2;3327;3031;3920;4065
2;3323;3040;3920;4054
2;3325;3038;3920;4062
2;3326;3038;3914;4062
2;3319;3037;3923;4052
2;3327;3040;3919;4053
2;3325;3038;3920;4062
2;3323;3034;3909;4053
2;3325;3037;3917;4055
2;3323;3040;3918;4050
2;3322;3036;3911;4057
2;3324;3038;3919;4048
2;3325;3038;3920;4047
2;3325;3038;3920;4053
2;3326;3037;3915;4066
2;3327;3040;3920;4063
2;3327;3040;3920;4050
2;3323;3039;3920;4050
2;3326;3041;3920;4058
2;3323;3041;3920;4051
2;3328;3041;3922;4060
2;3328;3045;3920;4054
2;3330;3041;3929;4066
2;3335;3042;3920;4061
2;3331;3045;3921;4063
2;3333;3041;3921;4062
2;3331;3045;3915;4055
2;3327;3045;3921;4065
2;3326;3039;3918;4061
2;3323;3038;3921;4058
2;3323;3038;3920;4049
2;3328;3042;3920;4055
2;3331;3042;3921;4059
2;3330;3042;3924;4059
2;3328;3041;3921;4057
2;3328;3045;3919;4061
2;3330;3045;3920;4059
2;3330;3046;3915;4057
2;3327;3040;3920;4053
2;3328;3041;3920;4048
2;3330;3036;3923;4054
2;3332;3049;3917;4053
2;3328;3041;3920;4054
2;3331;3042;3915;4055
2;3328;3041;3917;4052
2;3328;3040;3920;4065
2;3327;3039;3919;4063
2;3328;3043;3918;4060
2;3333;3043;3915;4055
2;3327;3043;3922;4064
2;3328;3046;3918;4064
2;3329;3042;3919;4053
2;3329;3044;3926;4061
2;3333;3047;3925;4055
2;3338;3044;3925;4055
2;3339;3051;3929;4063
2;3325;3042;3919;4048
2;3335;3051;3914;4059
2;3335;3049;3920;4059
2;3333;3050;3922;4055
2;3344;3058;3927;4059
2;3328;3045;3921;4059
2;3335;3049;3924;4057
2;3338;3052;3926;4059
2;3338;3056;3920;4064
2;3328;3039;3919;4050
2;3325;3040;3918;4048
2;3327;3040;3921;4054
2;3332;3042;3925;4071
2;3330;3044;3924;4054
2;3336;3046;3920;4054
2;3332;3049;3927;4063
2;3344;3051;3921;4059
2;3340;3056;3927;4061
2;3326;3039;3920;4050
2;3326;3041;3920;4059
2;3326;3031;3918;4059
2;3327;3038;3920;4048
2;3326;3037;3921;4059
2;3327;3041;3919;4061
2;3325;3038;3919;4066
2;3328;3041;3920;4053
2;3328;3041;3920;4063
2;3331;3041;3920;4060
2;3338;3046;3926;4059
2;3334;3049;3922;4064
2;3331;3049;3921;4059
2;3332;3043;3921;4059
2;3329;3039;3920;4059
2;3325;3034;3920;4048
2;3331;3036;3917;4059
2;3323;3039;3920;4063
2;3319;3035;3917;4059
2;3331;3043;3920;4050
2;3328;3046;3920;4057
2;3328;3044;3920;4061
2;3330;3045;3923;4051
2;3327;3039;3914;4054
2;3327;3043;3909;4054
2;3329;3041;3920;4065
2;3331;3040;3920;4055
2;3327;3040;3920;4060
2;3328;3044;3920;4066
2;3326;3041;3920;4055
2;3326;3039;3920;4048
2;3326;3039;3911;4058
2;3327;3041;3920;4055
2;3325;3046;3922;4051
2;3326;3038;3920;4053
2;3328;3041;3920;4054
2;3327;3040;3917;4059
2;3326;3040;3931;4053
2;3329;3039;3922;4054
2;3328;3042;3920;4062
2;3326;3043;3920;4065
2;3331;3044;3925;4062
2;3328;3044;3920;4065
2;3326;3040;3921;4059
2;3328;3043;3931;4054
2;3329;3047;3917;4065
2;3328;3041;3907;4068
2;3327;3038;3920;4062
2;3329;3043;3917;4057
2;3330;3043;3920;4051
2;3339;3049;3931;4057
2;3331;3043;3920;4064
2;3330;3041;3922;4055
2;3333;3043;3923;4063
2;3337;3047;3921;4053
2;3332;3047;3919;4062
2;3330;3045;3922;4058
2;3339;3046;3920;4053
2;3332;3046;3920;4059
3;3326;3046;3926;4063
3;3326;3039;3925;4055
3;3327;3042;3930;4063
3;3330;3044;3923;4061
3;3327;3044;3920;4060
3;3327;3041;3923;4053
3;3328;3042;3917;4064
3;3329;3042;3920;4059
3;3329;3047;3920;4054
3;3330;3041;3920;4062
3;3328;3043;3924;4066
3;3327;3042;3928;4064
3;3328;3044;3922;4069
3;3325;3040;3920;4064
3;3327;3042;3920;4058
3;3326;3038;3920;4067
3;3328;3042;3920;4052
3;3329;3040;3920;4067
3;3329;3043;3925;4054
3;3330;3046;3921;4063
3;3329;3043;3927;4048
3;3329;3046;3920;4059
3;3331;3045;3920;4071
3;3331;3044;3922;4060
3;3329;3045;3920;4062
3;3331;3039;3925;4062
3;3335;3046;3928;4066
3;3331;3046;3935;4059
3;3331;3046;3921;4058
3;3333;3046;3925;4062
3;3331;3046;3917;4063
3;3328;3043;3923;4053
3;3333;3043;3921;4053
3;3333;3043;3923;4057
3;3332;3045;3919;4068
3;3328;3039;3923;4063
3;3331;3045;3922;4059
3;3331;3043;3926;4058
3;3334;3050;3933;4065
3;3334;3046;3917;4062
3;3331;3049;3926;4057
3;3333;3044;3920;4068
3;3335;3046;3920;4069
3;3332;3045;3929;4063
3;3332;3049;3925;4063
3;3334;3044;3927;4062
3;3339;3047;3925;4069
3;3335;3049;3925;4069
3;3334;3053;3925;4060
3;3332;3049;3920;4059
3;3335;3052;3927;4065
3;3341;3054;3926;4058
3;3338;3047;3921;4054
3;3339;3051;3930;4061
3;3338;3048;3926;4061
3;3333;3043;3923;4058
3;3333;3051;3922;4067
3;3334;3046;3917;4055
3;3330;3049;3917;4059
3;3334;3047;3922;4057
3;3329;3045;3920;4068
3;3328;3043;3915;4057
3;3332;3047;3919;4050
3;3333;3050;3920;4054
3;3331;3047;3923;4054
3;3331;3051;3929;4063
3;3336;3053;3923;4063
3;3340;3052;3933;4070
3;3339;3052;3926;4062
3;3339;3052;3920;4059
3;3338;3053;3927;4059
3;3339;3052;3927;4065
3;3335;3049;3923;4069
3;3344;3052;3925;4063
3;3338;3047;3936;4062
3;3329;3046;3923;4063
3;3329;3047;3926;4063
3;3330;3046;3922;4050
3;3330;3046;3920;4059
3;3332;3043;3921;4063
3;3332;3045;3920;4064
3;3333;3049;3926;4062
3;3329;3043;3924;4060
3;3330;3043;3921;4058
3;3333;3045;3922;4058
3;3330;3044;3918;4053
3;3329;3043;3931;4055
3;3330;3037;3924;4061
3;3333;3041;3929;4055
3;3330;3039;3933;4059
3;3332;3043;3922;4062
3;3334;3046;3924;4055
3;3331;3044;3936;4059
3;3332;3043;3925;4054
3;3329;3045;3920;4063
3;3327;3041;3917;4061
3;3328;3041;3920;4057
3;3330;3044;3920;4061
3;3330;3043;3920;4059
3;3326;3041;3920;4059
3;3332;3045;3921;4049
3;3329;3045;3919;4061
3;3328;3042;3925;4055
3;3330;3043;3920;4058
3;3330;3041;3921;4061
3;3328;3042;3921;4052
3;3326;3047;3922;4059
3;3328;3043;3925;4053
3;3326;3035;3921;4058
3;3328;3041;3923;4059
3;3328;3040;3926;4055
3;3326;3041;3920;4054
3;3328;3041;3926;4064
3;3330;3043;3920;4064
3;3329;3046;3920;4051
3;3328;3044;3920;4058
3;3341;3055;3919;4060
3;3334;3055;3924;4057
3;3331;3054;3920;4054
3;3330;3050;3915;4066
3;3335;3046;3924;4064
3;3329;3047;3919;4055
3;3331;3047;3920;4059
3;3332;3047;3916;4055
3;3330;3049;3920;4053
3;3330;3045;3922;4061
3;3328;3050;3920;4064
3;3334;3045;3920;4062
3;3331;3046;3920;4057
3;3330;3045;3924;4059
3;3330;3045;3921;4066
3;3328;3047;3920;4063
3;3329;3047;3927;4065
3;3330;3042;3920;4063
3;3329;3050;3921;4055
3;3333;3047;3924;4051
3;3330;3046;3919;4061
3;3328;3039;3918;4063
3;3329;3043;3933;4051
3;3338;3044;3920;4055
3;3336;3046;3920;4063
3;3334;3044;3920;4061
3;3329;3047;3921;4061
3;3331;3049;3930;4058
3;3331;3046;3925;4059
3;3329;3043;3920;4055
3;3333;3047;3920;4062
3;3332;3044;3934;4055
3;3330;3042;3919;4054
3;3330;3042;3920;4055
3;3334;3049;3922;4061
3;3330;3045;3921;4057
3;3330;3049;3921;4057
3;3333;3043;3925;4066
3;3332;3050;3915;4054
3;3333;3041;3914;4055
3;3328;3041;3920;4061
3;3331;3045;3920;4053
3;3332;3040;3927;4055
3;3329;3043;3930;4060
3;3338;3045;3921;4065
3;3337;3043;3920;4049
3;3333;3047;3932;4062
3;3338;3052;3921;4060
3;3338;3046;3920;4055
3;3335;3052;3922;4079
3;3341;3051;3926;4067
3;3337;3051;3927;4058
3;3334;3052;3923;4058
3;3333;3049;3923;4055
3;3339;3053;3925;4063
3;3338;3053;3927;4061
3;3338;3050;3921;4062
3;3336;3049;3931;4055
3;3337;3051;3924;4070
3;3337;3053;3923;4070
3;3339;3055;3926;4070
3;3338;3051;3927;4057
3;3335;3047;3931;4055
3;3339;3055;3923;4062
3;3342;3053;3927;4063
3;3336;3053;3927;4063
3;3341;3055;3936;4062
3;3339;3055;3927;4061
3;3340;3052;3934;4057
3;3342;3051;3929;4064
3;3341;3055;3920;4066
3;3340;3056;3926;4061
3;3333;3054;3927;4064
3;3340;3049;3931;4064
3;3343;3055;3931;4059
3;3334;3050;3926;4059
3;3333;3053;3927;4064
3;3337;3053;3926;4067
3;3332;3053;3927;4057
3;3340;3050;3927;4058
3;3337;3052;3927;4061
3;3338;3055;3924;4058
3;3337;3046;3925;4060
3;3339;3047;3931;4064
3;3341;3052;3925;4065
3;3341;3053;3931;4061
3;3341;3057;3922;4075
3;3341;3056;3926;4065
3;3343;3056;3925;4063
3;3343;3056;3922;4069
3;3344;3059;3927;4063
3;3344;3060;3926;4063
3;3344;3058;3931;4076
3;3339;3053;3926;4071
3;3339;3050;3936;4059
3;3342;3055;3922;4057
3;3335;3056;3920;4064
3;3342;3056;3929;4076
3;3338;3052;3925;4068
3;3341;3056;3921;4067
3;3338;3055;3924;4069
3;3339;3052;3923;4061
3;3343;3051;3921;4060
3;3335;3056;3925;4054
3;3330;3054;3925;4061
3;3339;3054;3921;4058
3;3334;3056;3922;4061
3;3335;3054;3920;4064
3;3337;3056;3922;4070
3;3348;3059;3925;4062
3;3339;3056;3924;4075
3;3341;3056;3924;4065
3;3343;3058;3923;4064
3;3344;3056;3921;4067
3;3344;3057;3933;4064
3;3339;3058;3937;4057
3;3344;3061;3929;4070
3;3344;3059;3924;4062
3;3341;3057;3929;4069
3;3335;3054;3922;4063
3;3344;3063;3931;4069
3;3343;3056;3932;4072
3;3343;3057;3924;4065
3;3331;3043;3923;4062
4;3338;3046;3925;4071
4;3339;3051;3920;4063
4;3344;3059;3932;4063
4;3344;3056;3923;4066
4;3343;3062;3938;4066
4;3345;3062;3935;4066
4;3328;3045;3921;4060
4;3330;3041;3921;4055
4;3332;3046;3921;4064
4;3333;3044;3921;4061
4;3344;3056;3927;4068
4;3347;3066;3931;4080
4;3327;3043;3920;4058
4;3331;3045;3922;4059
4;3328;3040;3920;4064
4;3331;3043;3920;4068
4;3330;3042;3924;4058
4;3331;3046;3927;4061
4;3339;3050;3923;4059
4;3345;3057;3930;4066
4;3345;3066;3935;4069
4;3328;3042;3922;4064
4;3330;3046;3923;4059
4;3333;3047;3930;4057
4;3333;3048;3921;4071
4;3331;3045;3920;4069
4;3333;3050;3927;4059
4;3337;3047;3925;4063
4;3330;3045;3920;4062
4;3326;3045;3920;4059
4;3332;3049;3925;4058
4;3329;3043;3921;4067
4;3329;3047;3910;4059
4;3329;3043;3918;4060
4;3331;3044;3920;4050
4;3328;3044;3917;4050
4;3330;3045;3920;4055
4;3327;3046;3917;4062
4;3338;3054;3925;4058
4;3327;3043;3920;4058
4;3337;3050;3920;4054
4;3334;3051;3924;4059
4;3345;3063;3925;4069
4;3331;3049;3919;4051
4;3329;3043;3924;4059
4;3329;3042;3927;4064
4;3328;3042;3920;4067
4;3329;3042;3920;4055
4;3327;3041;3915;4057
4;3329;3041;3924;4061
4;3327;3040;3916;4060
4;3329;3043;3921;4057
4;3327;3041;3923;4051
4;3328;3041;3923;4058
4;3328;3038;3919;4063
4;3327;3040;3921;4055
4;3327;3035;3920;4054
4;3328;3039;3919;4059
4;3326;3034;3920;4055
4;3323;3031;3915;4055
4;3323;3037;3922;4059
4;3322;3037;3930;4063
4;3328;3040;3917;4061
4;3328;3039;3917;4055
4;3328;3040;3914;4053
4;3327;3039;3920;4056
4;3325;3039;3910;4055
4;3326;3037;3920;4057
4;3330;3040;3917;4055
4;3324;3041;3916;4057
4;3323;3037;3919;4049
4;3326;3041;3920;4050
4;3328;3041;3917;4061
4;3327;3036;3925;4048
4;3323;3038;3922;4049
4;3327;3037;3930;4071
4;3326;3035;3914;4054
4;3327;3038;3919;4059
4;3327;3042;3923;4053
4;3325;3040;3919;4048
4;3327;3040;3909;4055
4;3323;3035;3917;4049
4;3325;3042;3917;4066
4;3333;3041;3916;4065
4;3327;3043;3920;4049
4;3329;3041;3930;4055
4;3328;3042;3921;4058
4;3330;3043;3917;4065
4;3329;3044;3920;4053
4;3331;3041;3926;4062
4;3329;3046;3920;4058
4;3330;3048;3921;4049
4;3329;3046;3922;4053
4;3328;3045;3920;4058
4;3334;3050;3920;4055
4;3332;3047;3920;4064
4;3329;3049;3925;4070
4;3341;3056;3927;4063
4;3333;3046;3917;4061
4;3331;3046;3922;4061
4;3332;3051;3926;4058
4;3331;3047;3919;4063
4;3326;3050;3913;4063
4;3332;3050;3922;4055
4;3331;3050;3923;4058
4;3333;3049;3921;4065
4;3338;3052;3920;4054
4;3332;3051;3925;4068
4;3355;3070;3933;4072
4;3343;3056;3929;4059
4;3350;3067;3936;4073
4;3346;3055;3925;4061
4;3340;3055;3926;4067
4;3328;3042;3920;4062
4;3331;3046;3921;4061
4;3328;3045;3921;4054
4;3328;3042;3917;4061
4;3326;3042;3920;4055
4;3328;3040;3922;4059
4;3328;3043;3922;4054
4;3330;3043;3924;4054
4;3323;3040;3916;4050
4;3325;3035;3920;4050
4;3327;3039;3921;4055
4;3325;3040;3920;4051
4;3329;3038;3921;4058
4;3322;3039;3920;4049
4;3326;3036;3920;4054
4;3328;3038;3922;4055
4;3328;3035;3919;4067
4;3329;3041;3917;4064
4;3331;3040;3923;4051
4;3331;3044;3920;4055
4;3328;3041;3923;4048
4;3332;3043;3922;4057
4;3332;3043;3921;4051
4;3329;3046;3920;4056
4;3328;3039;3921;4064
4;3331;3046;3925;4058
4;3331;3044;3920;4064
4;3327;3046;3926;4057
4;3333;3041;3922;4054
4;3328;3043;3921;4058
4;3337;3051;3920;4067
4;3328;3044;3921;4058
4;3331;3041;3914;4067
4;3343;3056;3927;4055
4;3330;3040;3920;4052
4;3329;3046;3922;4067
4;3326;3039;3923;4053
4;3328;3040;3920;4066
4;3330;3044;3920;4054
4;3335;3043;3918;4059
4;3329;3040;3920;4057
4;3331;3037;3925;4055
4;3327;3043;3919;4055
4;3328;3043;3920;4057
4;3326;3031;3920;4069
4;3318;3033;3920;4053
4;3322;3038;3915;4059
4;3323;3034;3919;4055
4;3323;3037;3912;4055
4;3318;3038;3919;4053
4;3322;3033;3920;4052
4;3319;3027;3920;4055
4;3323;3037;3920;4065
4;3319;3025;3919;4050
4;3314;3026;3920;4048
4;3322;3033;3917;4054
4;3323;3036;3913;4066
4;3326;3035;3916;4051
4;3328;3039;3920;4052
4;3328;3042;3920;4064
4;3328;3038;3920;4064
4;3324;3037;3918;4058
4;3326;3041;3909;4054
4;3328;3042;3918;4052
4;3327;3040;3919;4053
4;3327;3043;3917;4053
4;3327;3043;3919;4053
4;3330;3043;3920;4051
4;3335;3051;3923;4067
4;3330;3044;3920;4055
4;3330;3045;3927;4065
4;3329;3047;3920;4061
4;3328;3042;3922;4065
4;3335;3047;3926;4069
4;3338;3053;3922;4066
4;3337;3051;3922;4060
4;3328;3043;3920;4053
4;3326;3044;3924;4061
4;3332;3045;3925;4061
4;3330;3045;3919;4059
4;3328;3045;3921;4055
4;3330;3049;3920;4074
4;3332;3053;3920;4054
4;3331;3045;3921;4053
4;3329;3047;3925;4062
4;3338;3047;3930;4063
4;3335;3045;3925;4061
4;3330;3050;3927;4063
4;3342;3056;3931;4065
4;3343;3056;3927;4067
4;3343;3057;3923;4060
4;3339;3058;3929;4067
4;3347;3068;3935;4069
4;3344;3056;3925;4061
4;3344;3061;3931;4072
4;3349;3063;3934;4069
4;3340;3054;3926;4062
4;3339;3056;3927;4051
4;3327;3042;3920;4058
4;3329;3043;3920;4059
4;3334;3047;3930;4069
4;3333;3046;3920;4050
4;3335;3047;3917;4064
4;3328;3051;3923;4061
4;3339;3051;3920;4065
4;3338;3054;3924;4065
4;3335;3050;3920;4055
4;3339;3056;3922;4061
4;3344;3063;3929;4077
4;3330;3047;3916;4054
4;3325;3039;3920;4067
4;3319;3035;3919;4050
4;3330;3043;3920;4057
4;3344;3063;3927;4062
4;3325;3040;3920;4054
4;3348;3065;3922;4066
4;3340;3051;3918;4061
4;3342;3056;3936;4061
4;3324;3038;3919;4060
4;3345;3063;3927;4063
4;3341;3060;3929;4055
4;3327;3041;3923;4061
4;3328;3043;3920;4059
4;3329;3043;3919;4060
4;3331;3038;3920;4057
4;3323;3036;3920;4053
4;3329;3044;3922;4050
4;3332;3047;3920;4060
4;3329;3049;3920;4059
4;3331;3047;3920;4055
4;3335;3045;3922;4061
4;3323;3038;3924;4052
4;3334;3050;3920;4061
4;3323;3031;3926;4063
4;3357;3083;3934;4067
4;3323;3038;3920;4059
4;3331;3042;3920;4058
4;3332;3047;3921;4057
4;3344;3056;3928;4060
4;3354;3077;3931;4067
4;3346;3067;3929;4074
4;3344;3062;3930;4071
4;3339;3056;3923;4065
4;3353;3070;3933;4060
4;3344;3058;3930;4065
4;3344;3058;3926;4067
4;3344;3058;3922;4063
4;3344;3058;3931;4061
4;3343;3056;3929;4061
4;3344;3062;3927;4075
4;3341;3059;3933;4068
4;3342;3058;3934;4061
4;3346;3057;3929;4065
4;3342;3058;3926;4074
4;3343;3057;3923;4059
4;3344;3056;3927;4070
4;3342;3056;3924;4065
4;3339;3052;3927;4070
4;3332;3046;3920;4063
4;3331;3047;3922;4056
4;3336;3050;3926;4061
4;3338;3056;3926;4061
4;3335;3055;3925;4070
4;3342;3054;3920;4060
4;3337;3054;3919;4064
4;3339;3053;3925;4071
4;3342;3055;3931;4063
4;3342;3056;3926;4075
4;3343;3056;3927;4071
4;3340;3056;3920;4067
4;3342;3055;3934;4064
5;3344;3058;3927;4067
5;3344;3056;3930;4080
5;3343;3060;3922;4066
5;3344;3061;3931;4067
5;3344;3056;3934;4074
5;3344;3055;3929;4074
5;3347;3062;3927;4062
5;3344;3062;3931;4063
5;3335;3044;3919;4063
5;3330;3046;3925;4063
5;3340;3052;3925;4070
5;3339;3049;3927;4063
5;3337;3054;3925;4063
5;3334;3054;3925;4058
5;3331;3044;3921;4070
5;3327;3040;3921;4058
5;3332;3051;3925;4063
5;3332;3045;3920;4062
5;3334;3051;3924;4057
5;3334;3050;3931;4064
5;3339;3046;3920;4063
5;3335;3047;3920;4064
5;3325;3040;3920;4052
5;3325;3036;3918;4059
5;3343;3049;3925;4059
5;3339;3045;3927;4064
5;3338;3056;3927;4057
5;3376;3094;3951;4080
5;3403;3118;3966;4090
5;3400;3114;3970;4095
5;3376;3093;3953;4083
5;3414;3125;3982;4095
5;3425;3152;4003;4095
5;3387;3088;3998;4095
5;3393;3109;3984;4095
5;3391;3101;3984;4095
5;3381;3094;3984;4095
5;3385;3094;3971;4095
5;3386;3101;3977;4095
5;3387;3095;3971;4095
5;3472;3216;3979;4095
5;3514;3297;3973;4095
5;3365;3107;3973;4095
5;3372;3091;3979;4095
5;3376;3099;3975;4095
5;3376;3088;3968;4095
5;3373;3088;3969;4095
5;3346;3049;3971;4095
5;3378;3094;3984;4095
5;3347;3056;3953;4084
5;3357;3060;3951;4091
5;3347;3051;3952;4093
5;3346;3055;3957;4095
5;3376;3082;3969;4095
5;3360;3069;3965;4086
5;3354;3062;3969;4093
5;3353;3065;3951;4089
5;3355;3056;3957;4095
5;3343;3052;3962;4084
5;3346;3050;3952;4086
5;3385;3096;3972;4095
5;3376;3086;3966;4095
5;3344;3047;3945;4080
5;3346;3043;3952;4080
5;3350;3059;3947;4086
5;3356;3060;3952;4094
5;3358;3067;3955;4083
5;3361;3077;3965;4091
5;3359;3061;3952;4086
5;3357;3064;3964;4095
5;3357;3058;3962;4083
5;3359;3066;3966;4085
5;3362;3071;3965;4095
5;3370;3082;3967;4095
5;3354;3063;3957;4091
5;3359;3064;3954;4086
5;3361;3070;3961;4095
5;3362;3063;3964;4094
5;3375;3087;3971;4095
5;3368;3083;3965;4095
5;3369;3070;3970;4093
5;3369;3083;3963;4090
5;3376;3090;3970;4095
5;3372;3081;3968;4095
5;3373;3069;3967;4089
5;3365;3070;3963;4091
5;3362;3078;3967;4094
5;3372;3081;3960;4095
5;3378;3090;3971;4095
5;3360;3066;3961;4089
5;3360;3059;3952;4095
5;3365;3081;3969;4089
5;3366;3078;3967;4087
5;3355;3058;3959;4094
5;3363;3065;3963;4095
5;3346;3054;3954;4092
5;3365;3071;3959;4095
5;3383;3101;3984;4095
5;3347;3045;3958;4081
5;3349;3051;3949;4082
5;3355;3057;3968;4095
5;3376;3086;3967;4095
5;3372;3084;3964;4095
5;3363;3071;3961;4092
5;3370;3078;3963;4095
5;3369;3081;3973;4095
5;3376;3088;3973;4092
5;3373;3085;3970;4095
5;3365;3082;3967;4095
5;3372;3082;3968;4095
5;3370;3083;3957;4095
5;3367;3079;3983;4093
5;3371;3078;3957;4095
5;3365;3081;3974;4093
5;3366;3081;3966;4093
5;3370;3078;3974;4093
5;3366;3079;3967;4090
5;3367;3078;3967;4095
5;3372;3087;3965;4095
5;3373;3085;3959;4094
5;3373;3086;3967;4095
5;3374;3092;3970;4095
5;3376;3091;3965;4095
5;3376;3092;3975;4095
5;3360;3071;3969;4094
5;3376;3095;3968;4095
5;3350;3053;3956;4081
5;3346;3053;3959;4086
5;3347;3054;3963;4085
5;3346;3054;3963;4086
5;3349;3057;3965;4089
5;3358;3054;3962;4089
5;3349;3058;3959;4094
5;3370;3083;3960;4094
5;3366;3071;3970;4095
5;3366;3071;3968;4093
5;3355;3062;3965;4095
5;3365;3068;3963;4095
5;3371;3078;3967;4095
5;3381;3098;3982;4095
5;3376;3088;3967;4095
5;3370;3082;3972;4095
5;3365;3079;3963;4095
5;3361;3071;3967;4095
5;3380;3101;3982;4095
5;3383;3098;3978;4095
5;3360;3063;3968;4091
5;3360;3071;3966;4095
5;3361;3064;3959;4090
5;3366;3067;3970;4089
5;3382;3096;3963;4095
5;3382;3098;3977;4095
5;3365;3084;3965;4095
5;3366;3075;3966;4092
5;3370;3071;3963;4095
5;3378;3088;3959;4095
5;3372;3083;3971;4095
