1;3949;3779;3126;4095
1;3948;3768;3082;4095
1;3954;3766;3034;4095
1;3951;3770;3082;4095
1;3953;3770;3091;4095
1;3943;3765;3063;4095
1;3953;3761;3119;4095
1;3936;3766;3118;4095
1;3951;3766;3119;4095
1;3948;3770;3108;4095
1;3947;3767;3117;4095
1;3951;3762;3123;4095
1;3950;3773;3071;4095
1;3952;3772;3130;4095
1;3952;3776;3117;4095
1;3953;3777;3127;4095
1;3949;3767;3088;4095
1;3946;3775;3123;4093
1;3955;3773;3108;4095
1;3955;3783;3119;4095
1;3951;3772;3106;4095
1;3950;3765;3064;4095
1;3963;3759;3119;4095
1;3940;3770;3113;4095
1;3952;3772;3102;4095
1;3955;3771;3133;4095
1;3950;3777;3114;4095
1;3942;3767;3149;4095
1;3950;3775;3151;4095
1;3950;3777;3133;4095
1;3952;3780;3115;4095
1;3950;3773;3115;4095
1;3948;3770;3152;4095
1;3952;3776;3106;4095
1;3952;3773;3134;4095
1;3949;3773;3120;4095
1;3952;3779;3138;4095
1;3947;3768;3115;4095
1;3949;3777;3137;4095
1;3953;3764;3033;4095
1;3954;3772;3143;4095
1;3952;3767;3159;4095
1;3951;3765;3213;4095
1;3952;3781;3038;4095
1;3961;3770;3089;4095
1;3953;3767;3135;4095
1;3959;3766;3156;4095
1;3952;3769;3109;4095
1;3952;3774;3135;4095
1;3955;3771;3133;4095
1;3947;3772;3129;4095
1;3951;3769;3116;4095
1;3949;3762;3094;4095
1;3949;3771;3086;4095
1;3952;3763;3066;4095
1;3945;3773;3060;4095
1;3943;3765;3125;4095
1;3955;3772;3070;4095
1;3959;3781;3104;4095
1;3950;3760;3099;4095
1;3952;3776;3131;4095
1;3953;3770;3104;4095
1;3951;3775;3095;4095
1;3953;3762;3046;4095
1;3957;3772;3151;4095
1;3954;3777;3079;4095
1;3948;3773;3133;4095
1;3949;3771;3039;4095
1;3957;3777;3099;4095
1;3967;3771;3063;4095
1;3961;3777;3097;4095
1;3955;3780;3097;4095
1;3952;3775;3091;4095
1;3952;3770;3102;4095
1;3955;3775;3103;4095
1;3949;3765;3062;4095
1;3950;3766;3079;4095
1;3952;3773;3034;4095
1;3952;3774;3107;4095
1;3946;3776;3092;4095
1;3951;3772;3111;4095
1;3953;3769;3091;4095
1;3955;3778;3136;4095
1;3950;3775;3122;4095
1;3952;3770;3120;4095
1;3952;3774;3098;4095
1;3953;3770;3098;4095
1;3957;3771;3087;4095
1;3947;3778;3130;4095
1;3954;3774;3098;4095
1;3947;3765;3118;4095
1;3954;3780;3108;4095
1;3958;3771;3113;4095
1;3957;3774;3105;4095
1;3958;3775;3133;4095
1;3952;3774;3039;4095
1;3953;3774;3090;4095
1;3957;3761;3029;4095
1;3955;3786;3087;4095
1;3954;3771;3030;4095
1;3955;3776;3095;4095
1;3952;3767;3014;4095
1;3959;3769;3122;4095
1;3952;3777;3042;4095
1;3952;3770;3154;4095
1;3947;3771;3027;4095
1;3951;3773;3120;4095
1;3954;3771;3059;4095
1;3958;3773;3122;4095
1;3966;3779;3039;4095
1;3952;3773;3134;4095
1;3952;3773;3042;4095
1;3948;3773;3121;4095
1;3957;3761;3056;4095
1;3954;3765;3120;4095
1;3963;3774;3026;4095
1;3951;3772;3120;4095
1;3961;3775;2994;4095
1;3953;3781;3186;4095
1;3961;3776;3100;4095
1;3952;3776;3221;4095
1;3958;3779;3056;4095
1;3964;3770;3183;4095
1;3949;3771;3078;4095
1;3950;3770;3184;4095
1;3962;3769;3066;4095
1;3940;3771;3166;4095
1;3959;3776;3101;4095
1;3954;3776;3243;4095
1;3951;3771;3135;4095
1;3957;3775;3269;4095
1;3955;3768;3120;4095
1;3952;3767;3183;4095
1;3956;3772;3087;4095
1;3949;3779;3222;4095
1;3956;3777;3119;4095
1;3952;3781;3203;4095
1;3952;3770;3102;4095
1;3952;3775;3205;4095
1;3963;3770;3098;4095
1;3963;3774;3152;4095
1;3955;3773;3129;4095
1;3953;3773;3211;4095
1;3953;3776;3120;4095
1;3954;3773;3205;4095
1;3963;3783;3105;4095
1;3952;3774;3225;4095
1;3954;3776;3096;4095
1;3955;3777;3270;4095
1;3965;3776;3086;4095
1;3953;3770;3216;4095
1;3957;3766;3097;4095
1;3956;3776;3182;4095
1;3959;3780;3100;4095
1;3957;3770;3214;4095
1;3954;3763;3123;4095
1;3955;3776;3095;4095
1;3962;3775;3139;4095
1;3952;3773;3134;4095
1;3952;3775;3105;4095
1;3955;3777;3146;4095
1;3958;3774;3119;4095
1;3952;3777;3179;4095
1;3954;3771;3105;4095
1;3952;3778;3162;4095
1;3949;3770;3023;4095
1;3951;3776;3090;4095
1;3963;3775;3011;4095
1;3964;3770;3183;4095
1;3962;3770;3122;4095
1;3954;3783;3179;4095
1;3954;3760;3088;4095
1;3952;3773;3155;4095
1;3952;3767;3039;4095
1;3950;3777;3084;4095
1;3952;3778;3028;4095
1;3948;3770;3117;4095
1;3953;3767;3076;4095
1;3955;3770;3136;4095
1;3952;3773;3024;4093
1;3952;3777;3086;4095
1;3951;3767;3056;4095
1;3950;3770;3097;4095
1;3955;3775;3077;4095
1;3949;3770;3091;4095
1;3947;3778;3025;4095
1;3950;3778;3107;4095
1;3955;3775;3035;4095
1;3953;3762;3155;4095
1;3952;3776;3122;4095
1;3945;3763;3118;4095
1;3958;3777;3153;4095
1;3965;3770;3183;4095
1;3963;3770;3180;4095
1;3953;3776;3170;4095
1;3953;3771;3152;4095
1;3956;3766;3175;4095
1;3966;3779;3145;4095
1;3955;3779;3184;4095
1;3952;3771;3135;4095
1;3949;3779;3229;4095
1;3962;3766;3170;4095
1;3956;3776;3200;4095
1;3962;3793;3136;4095
1;3954;3776;3230;4095
1;3952;3775;3136;4095
1;3958;3771;3229;4095
1;3958;3771;3176;4095
1;3955;3774;3200;4095
1;3959;3779;3150;4095
1;3959;3778;3216;4095
1;3958;3782;3189;4095
1;3952;3787;3212;4095
1;3962;3782;3161;4095
1;3951;3773;3224;4095
1;3951;3782;3142;4095
1;3953;3775;3227;4095
1;3955;3773;3243;4095
1;3958;3777;3280;4095
1;3954;3773;3237;4095
1;3952;3776;3290;4095
1;3952;3788;3280;4095
1;3955;3772;3283;4095
1;3955;3779;3255;4095
1;3952;3779;3161;4095
1;3959;3779;3173;4095
1;3955;3775;3173;4095
1;3957;3787;3088;4095
1;3963;3775;3136;4095
1;3957;3781;3154;4095
1;3956;3781;3126;4095
1;3954;3777;3097;4095
1;3966;3787;3126;4095
1;3951;3783;3142;4095
1;3957;3777;3120;4095
1;3949;3776;3133;4095
1;3952;3777;3159;4095
1;3957;3782;3155;4095
1;3963;3777;3185;4095
1;3965;3781;3201;4095
1;3959;3779;3151;4095
1;3947;3778;3188;4095
1;3951;3781;3158;4095
1;3968;3777;3185;4095
1;3952;3774;3141;4095
1;3953;3777;3184;4095
1;3956;3782;3152;4095
1;3951;3792;3216;4095
1;3962;3786;3123;4095
1;3962;3772;3217;4095
1;3959;3782;3149;4095
1;3955;3775;3229;4095
1;3952;3775;3165;4095
1;3957;3776;3190;4095
1;3957;3770;3110;4095
1;3963;3791;3197;4095
1;3956;3782;3231;4095
1;3951;3781;3222;4095
1;3954;3775;3171;4095
1;3956;3778;3152;4095
1;3958;3778;3158;4095
1;3951;3775;3184;4095
1;3953;3766;3165;4095
1;3952;3783;3193;4095
1;3952;3777;3191;4095
1;3961;3773;3206;4095
1;3955;3770;3154;4095
1;3955;3786;3216;4095
1;3962;3792;3188;4095
1;3958;3780;3207;4095
1;3961;3787;3174;4095
1;3959;3776;3239;4095
1;3965;3797;3165;4095
1;3953;3775;3190;4095
1;3965;3792;3152;4095
1;3958;3790;3184;4095
1;3957;3779;3147;4095
1;3957;3782;3216;4095
1;3968;3771;3184;4095
1;3961;3782;3245;4095
1;3953;3785;3173;4095
1;3964;3779;3193;4095
1;3959;3780;3145;4095
1;3966;3789;3206;4095
1;3952;3782;3137;4095
1;3958;3783;3216;4095
1;3961;3777;3174;4095
1;3953;3776;3216;4095
1;3953;3776;3165;4095
1;3967;3773;3209;4095
1;3963;3785;3205;4095
1;3966;3773;3130;4095
1;3956;3783;3205;4095
1;3963;3766;3215;4095
1;3950;3773;3170;4095
1;3957;3773;3169;4095
1;3967;3775;3136;4095
1;3944;3775;3247;4095
1;3957;3776;3173;4095
1;3955;3785;3227;4095
1;3962;3776;3231;4095
1;3959;3776;3248;4095
1;3952;3779;3171;4095
1;3957;3792;3225;4095
1;3949;3779;3219;4095
1;3963;3785;3248;4095
1;3954;3786;3203;4095
1;3952;3776;3218;4095
1;3954;3776;3186;4095
1;3959;3781;3257;4095
1;3958;3773;3227;4095
1;3954;3771;3263;4095
1;3955;3777;3200;4095
1;3959;3785;3251;4095
1;3954;3773;3169;4095
1;3963;3783;3212;4095
1;3964;3776;3216;4095
1;3954;3787;3267;4095
1;3957;3782;3220;4095
1;3955;3778;3237;4095
2;3959;3779;3200;4095
2;3968;3777;3229;4095
2;3966;3779;3124;4095
2;3957;3777;3232;4095
2;3962;3777;3214;4095
2;3953;3782;3248;4095
2;3957;3782;3205;4095
2;3948;3792;3278;4095
2;3950;3777;3217;4095
2;3959;3779;3231;4095
2;3970;3778;3151;4095
2;3958;3786;3215;4095
2;3953;3776;3186;4095
2;3957;3777;3221;4095
2;3964;3781;3187;4095
2;3955;3786;3183;4095
2;3968;3782;3174;4095
2;3952;3770;3284;4095
2;3955;3794;3227;4095
2;3952;3779;3258;4095
2;3951;3778;3279;4095
2;3951;3786;3312;4095
2;3957;3777;3270;4095
2;3966;3783;3316;4095
2;3954;3775;3159;4095
2;3963;3787;3183;4095
2;3961;3783;3120;4095
2;3954;3771;3269;4095
2;3959;3787;3167;4095
2;3955;3787;3227;4095
2;3959;3790;3120;4095
2;3957;3778;3277;4095
2;3963;3781;3142;4095
2;3965;3783;3275;4095
2;3970;3776;3126;4095
2;3956;3780;3231;4095
2;3962;3776;3098;4095
2;3958;3787;3280;4095
2;3959;3783;3134;4095
2;3952;3779;3281;4095
2;3954;3775;3135;4095
2;3954;3779;3251;4095
2;3953;3777;3110;4095
2;3952;3785;3281;4095
2;3957;3786;3122;4095
2;3958;3790;3282;4095
2;3952;3780;3157;4095
2;3971;3781;3200;4095
2;3961;3781;3135;4095
2;3955;3785;3280;4095
2;3955;3777;3126;4095
2;3961;3792;3286;4095
2;3954;3785;3143;4095
2;3952;3776;3307;4095
2;3957;3779;3095;4095
2;3954;3777;3236;4095
2;3952;3782;3139;4095
2;3958;3782;3303;4095
2;3959;3790;3153;4095
2;3965;3778;3306;4095
2;3962;3781;3110;4095
2;3965;3776;3294;4095
2;3957;3783;3068;4095
2;3962;3770;3280;4095
2;3958;3781;3124;4095
2;3952;3775;3333;4095
2;3963;3785;3134;4095
2;3963;3779;3265;4095
2;3952;3781;3136;4095
2;3964;3781;3289;4095
2;3953;3782;3149;4095
2;3957;3789;3318;4095
2;3961;3781;3139;4095
2;3954;3790;3253;4095
2;3957;3780;3154;4095
2;3953;3775;3285;4095
2;3957;3773;3157;4095
2;3953;3777;3294;4095
2;3964;3779;3153;4095
2;3966;3776;3251;4095
2;3966;3786;3134;4095
2;3965;3776;3301;4095
2;3972;3779;3157;4095
2;3967;3781;3301;4095
2;3952;3790;3137;4095
2;3965;3787;3312;4095
2;3962;3783;3179;4095
2;3955;3782;3333;4095
2;3959;3782;3152;4095
2;3957;3778;3308;4095
2;3955;3776;3149;4095
2;3959;3779;3253;4095
2;3963;3783;2837;4095
2;3955;3771;3007;4095
2;3958;3783;3045;4095
2;3963;3776;3138;4095
2;3970;3785;2855;4095
2;3966;3786;3195;4095
2;3952;3786;3021;4095
2;3952;3783;3071;4095
2;3951;3779;2782;4095
2;3959;3779;3092;4095
2;3960;3781;2960;4095
2;3974;3774;3091;4095
2;3963;3783;2960;4095
2;3962;3777;3105;4095
2;3963;3779;2967;4095
2;3957;3789;3115;4095
2;3952;3785;2979;4095
2;3962;3776;3140;4095
2;3961;3791;2969;4095
2;3967;3786;3078;4095
2;3952;3790;2975;4095
2;3968;3781;3038;4095
2;3956;3776;2977;4095
2;3967;3778;3097;4095
2;3955;3786;3019;4095
2;3957;3782;3154;4095
2;3962;3784;3002;4095
2;3962;3778;3179;4095
2;3979;3780;2850;4095
2;3962;3787;3120;4095
2;3965;3796;2972;4095
2;3952;3785;3267;4095
2;3959;3791;3009;4095
2;3959;3783;3229;4095
2;3957;3786;2988;4095
2;3982;3779;3184;4095
2;3965;3782;2994;4095
2;3959;3767;3214;4095
2;3959;3778;2992;4095
2;3955;3782;3165;4095
2;3966;3781;2977;4095
2;3966;3778;3156;4095
2;3960;3788;2972;4095
2;3957;3783;3104;4095
2;3955;3777;3002;4095
2;3974;3783;3091;4095
2;3955;3789;2924;4095
2;3953;3776;3084;4095
2;3955;3782;2928;4095
2;3952;3781;3051;4095
2;3955;3782;3047;4095
2;3969;3783;3077;4095
2;3958;3789;3002;4095
2;3953;3773;3056;4095
2;3963;3781;3099;4095
2;3971;3792;3119;4095
2;3958;3770;3056;4095
2;3957;3787;3071;4095
2;3955;3787;3029;4095
2;3957;3785;3108;4095
2;3970;3775;3002;4095
2;3959;3781;3010;4095
2;3952;3776;3085;4095
2;3953;3775;3126;4095
2;3965;3781;3071;4095
2;3958;3780;3120;4095
2;3956;3783;3056;4095
2;3965;3782;3093;4095
2;3959;3775;3079;4095
2;3963;3775;3043;4095
2;3975;3788;3067;4095
2;3968;3781;3061;4095
2;3968;3779;3056;4095
2;3966;3778;3087;4095
2;3955;3776;3086;4095
2;3962;3792;3038;4095
2;3967;3787;3101;4095
2;3961;3776;3001;4095
2;3967;3789;3059;4095
2;3963;3783;3045;4095
2;3957;3783;3018;4095
2;3961;3789;2983;4095
2;3962;3787;3062;4095
2;3952;3778;3090;4095
2;3967;3778;3046;4095
2;3959;3789;3047;4095
2;3957;3785;2970;4095
2;3975;3778;2987;4095
2;3963;3787;3105;4095
2;3965;3781;3002;4095
2;3955;3789;3035;4095
2;3957;3773;3043;4095
2;3961;3777;3092;4095
2;3953;3783;3071;4095
2;3967;3783;3127;4095
2;3955;3787;3050;4095
2;3963;3782;3122;4095
2;3962;3792;3111;4095
2;3965;3783;3133;4095
2;3967;3786;2960;4095
2;3963;3775;3071;4095
2;3952;3776;2983;4095
2;3963;3783;3054;4095
2;3959;3790;2985;4095
2;3963;3776;3024;4095
2;3952;3783;3029;4095
2;3954;3785;2990;4095
2;3955;3786;3053;4095
2;3964;3779;2994;4095
2;3958;3792;3090;4095
2;3963;3789;3120;4095
2;3966;3783;3153;4095
2;3968;3790;3088;4095
2;3971;3776;3090;4095
2;3971;3792;3067;4095
2;3965;3790;2784;4095
2;3972;3793;2799;4095
2;3965;3788;2704;4095
2;3954;3786;2950;4095
2;3955;3786;2945;4095
2;3951;3792;2818;4095
2;3968;3792;2707;4095
2;3962;3784;2775;4095
2;3959;3788;2850;4095
2;3956;3789;2815;4095
2;3959;3782;2877;4095
2;3962;3779;2860;4095
2;3959;3777;2835;4095
2;3961;3782;2755;4095
2;3974;3787;2814;4095
2;3975;3783;2771;4095
2;3969;3777;2832;4095
2;3955;3783;2852;4095
2;3962;3785;2896;4095
2;3959;3784;2810;4095
2;3965;3775;2847;4095
2;3969;3783;2800;4095
2;3962;3773;2879;4095
2;3952;3782;2815;4095
2;3959;3782;2927;4095
3;3961;3785;2862;4095
3;3965;3781;2896;4095
3;3959;3783;2843;4095
3;3961;3781;2896;4095
3;3966;3783;2839;4095
3;3954;3782;2928;4095
3;3954;3792;2866;4095
3;3964;3786;2842;4095
3;3954;3787;2870;4095
3;3957;3778;2924;4095
3;3970;3780;2838;4095
3;3958;3787;2928;4095
3;3962;3787;2853;4095
3;3951;3776;2937;4095
3;3957;3779;2874;4095
3;3958;3783;2887;4095
3;3958;3774;2772;4095
3;3963;3777;2861;4095
3;3952;3781;2789;4095
3;3975;3777;2807;4095
3;3955;3777;2748;4095
3;3970;3781;2843;4095
3;3954;3786;2727;4095
3;3952;3778;2713;4095
3;3964;3787;2902;4095
3;3961;3778;2864;4095
3;3958;3767;2835;4095
3;3954;3776;2922;4095
3;3959;3776;2823;4095
3;3965;3779;2832;4095
3;3968;3780;2851;4095
3;3962;3792;2845;4095
3;3958;3779;2845;4095
3;3957;3776;2773;4095
3;3964;3792;2773;4095
3;3991;3826;2934;4095
3;4016;3877;2727;4095
3;4016;3871;2802;4095
3;4018;3873;2830;4095
3;4012;3860;2939;4095
3;4007;3867;2834;4095
3;4016;3865;2955;4095
3;4013;3869;2781;4095
3;4015;3870;2954;4095
3;4001;3863;2826;4095
3;4009;3867;3055;4095
3;4016;3863;2853;4095
3;4007;3866;2974;4095
3;4019;3876;2845;4095
3;4010;3867;3025;4095
3;4017;3882;2882;4095
3;4015;3870;3141;4095
3;4022;3887;2967;4095
3;4017;3878;3088;4095
3;4014;3879;2903;4095
3;4022;3867;3043;4095
3;4016;3874;2897;4095
3;4020;3881;3167;4095
3;4015;3870;2975;4095
3;4016;3871;3106;4095
3;4007;3850;3035;4095
3;4000;3845;2982;4095
3;3996;3845;3006;4095
3;4009;3841;3008;4095
3;4003;3849;3079;4095
3;3993;3843;3040;4095
3;4007;3843;3026;4095
3;3998;3851;2996;4095
3;4001;3846;2960;4095
3;3952;3779;3101;4095
3;3952;3787;3049;4095
3;3953;3780;3060;4095
3;3952;3777;2993;4095
3;3952;3785;3088;4095
3;3949;3778;2954;4095
3;3963;3787;3092;4095
3;3955;3782;2957;4095
3;3965;3779;3047;4095
3;3962;3780;2992;4095
3;3957;3778;3034;4095
3;3963;3773;2962;4095
3;3946;3782;2973;4095
3;3953;3779;2896;4095
3;3954;3781;2943;4095
3;3954;3778;2988;4095
3;3957;3781;2961;4095
3;3949;3789;2978;4095
3;3967;3780;2979;4095
3;3953;3779;3021;4095
3;3954;3777;3028;4095
3;3950;3778;2911;4095
3;3950;3771;3036;4095
3;3955;3769;3087;4095
3;3958;3779;3111;4095
3;3955;3775;3114;4095
3;3951;3775;3011;4095
3;3953;3775;2997;4095
3;3959;3785;3029;4095
3;3953;3773;3024;4095
3;3957;3782;3024;4095
3;3952;3781;3023;4095
3;3953;3778;3051;4095
3;3952;3778;3024;4095
3;3945;3772;3043;4095
3;3957;3780;3187;4095
3;3956;3778;3047;4095
3;3957;3771;3119;4095
3;3966;3783;2992;4095
3;3954;3779;3106;4095
3;3958;3787;3094;4095
3;3953;3778;3130;4095
3;3965;3772;3056;4095
3;3965;3779;3141;4095
3;3963;3779;3035;4095
3;3952;3771;3135;4095
3;3956;3777;3025;4095
3;3960;3774;3162;4095
3;3954;3782;3071;4095
3;3954;3763;3145;4095
3;3958;3775;2943;4095
3;3952;3773;3185;4095
3;3966;3778;3023;4095
3;3958;3772;3132;4095
3;3961;3790;2953;4095
3;3955;3781;3133;4095
3;3957;3779;3021;4095
3;3953;3777;3152;4095
3;3952;3774;2994;4095
3;3946;3775;3114;4095
3;3953;3771;2949;4095
3;3952;3772;3095;4095
3;3963;3778;2940;4095
3;3955;3783;3129;4095
3;3954;3775;3003;4095
3;3955;3775;3198;4095
3;3955;3780;2983;4095
3;3966;3770;3244;4095
3;3963;3784;2956;4095
3;3953;3774;3169;4095
3;3958;3777;2985;4095
3;3970;3770;3159;4095
3;3957;3778;2923;4095
3;3964;3770;3050;4095
3;3949;3777;2922;4095
3;3951;3776;3144;4095
3;3953;3779;2965;4095
3;3958;3781;3092;4095
3;3957;3783;2902;4095
3;3952;3776;3147;4095
3;3957;3776;2979;4095
3;3965;3786;3207;4095
3;3951;3778;3008;4095
3;3961;3779;3123;4095
3;3952;3778;3070;4095
3;3963;3781;3086;4095
3;3953;3781;3031;4095
3;3966;3781;3110;4095
3;3970;3778;3087;4095
3;3955;3777;3191;4095
3;3955;3782;3047;4095
3;3955;3778;3211;4095
3;3959;3779;3120;4095
3;3963;3782;3094;4095
3;3957;3774;3083;4095
3;3960;3786;3103;4095
3;3959;3783;3021;4095
3;3965;3776;3115;4095
3;3954;3776;3056;4095
3;3969;3776;3060;4095
3;3949;3787;3010;4095
3;3956;3776;3002;4095
3;3955;3783;2965;4095
3;3953;3777;3040;4095
3;3965;3783;2976;4095
3;3954;3776;3093;4095
3;3959;3784;3071;4095
3;3965;3774;3043;4095
3;3959;3776;2992;4095
3;3963;3776;3091;4095
3;3963;3781;3081;4095
3;3956;3777;3130;4095
3;3965;3786;3082;4095
3;3958;3776;3115;4095
3;3965;3790;3042;4095
3;3952;3781;3149;4095
3;3959;3786;3070;4095
3;3952;3779;3136;4095
3;3966;3776;3120;4095
3;3952;3778;3163;4095
3;3949;3777;2946;4095
3;3965;3777;3089;4095
3;3966;3791;3063;4095
3;3951;3783;3248;4095
3;3967;3782;3155;4095
3;3961;3769;3203;4095
3;3959;3776;3105;4095
3;3953;3776;3027;4095
3;3967;3779;3142;4095
3;3959;3776;3165;4095
3;3952;3781;3045;4095
3;3969;3783;3154;4095
3;3957;3779;3059;4095
3;3963;3776;3189;4095
3;3959;3789;3071;4095
3;3952;3784;3168;4095
3;3953;3781;3120;4095
3;3964;3782;3171;4095
3;3957;3781;3056;4095
3;3952;3781;3110;4095
3;3963;3776;3084;4095
3;3957;3775;3126;4095
3;3966;3783;3038;4095
3;3963;3780;3166;4095
3;3955;3780;3005;4095
3;3958;3777;3159;4095
3;3952;3767;3095;4095
3;3959;3775;3150;4095
3;3957;3779;3041;4095
3;3977;3775;3087;4095
3;3961;3773;3061;4095
3;3955;3772;3133;4095
3;3952;3772;3031;4095
3;3954;3776;3121;4095
3;3954;3771;3126;4095
3;3956;3777;3194;4095
3;3959;3782;3136;4095
3;3962;3775;3117;4095
3;3966;3775;3061;4095
3;3954;3777;3088;4095
3;3954;3783;3051;4095
3;3957;3780;3050;4095
3;3957;3778;3122;4095
3;3952;3781;3155;4095
3;3952;3792;3039;4095
3;3958;3770;3143;4095
3;3955;3777;3136;4095
3;3967;3776;3034;4095
3;3961;3775;3107;4095
3;3956;3776;3114;4095
3;3955;3778;3151;4095
4;3952;3776;3120;4095
4;3954;3782;3167;4095
4;3953;3785;3135;4095
4;3952;3773;3150;4095
4;3953;3783;3115;4095
4;3952;3776;3046;4095
4;3948;3776;3034;4095
4;3953;3779;3088;4095
4;3962;3776;3141;4095
4;3961;3789;3134;4095
4;3953;3779;3205;4095
4;3965;3774;3052;4095
4;3956;3767;3134;4095
4;3957;3777;3066;4095
4;3954;3763;3122;4095
4;3952;3778;3069;4095
4;3959;3777;3168;4095
4;3952;3776;3130;4095
4;3959;3767;3090;4095
4;3952;3779;3082;4095
4;3953;3778;3065;4095
4;3952;3782;3067;4095
4;3954;3781;3138;4095
4;3952;3776;3110;4095
4;3970;3771;3175;4095
4;3961;3777;3125;4095
4;3952;3775;3141;4095
4;3953;3779;3082;4095
4;3969;3777;3137;4095
4;3959;3774;3137;4095
4;3949;3780;3135;4095
4;3962;3783;3164;4095
4;3953;3778;3143;4095
4;3957;3777;3184;4095
4;3957;3771;3076;4095
4;3962;3776;3071;4095
4;3958;3767;3110;4095
4;3962;3783;3151;4095
4;3951;3777;3211;4095
4;3961;3776;3271;4095
4;3969;3767;3120;4095
4;3947;3779;3181;4095
4;3956;3781;3061;4095
4;3964;3781;3215;4095
4;3949;3775;3119;4095
4;3957;3777;3130;4095
4;3959;3786;3099;4095
4;3969;3783;3126;4095
4;3957;3774;3097;4095
4;3969;3776;3174;4095
4;3953;3779;3041;4095
4;3954;3775;3228;4095
4;3954;3776;3057;4095
4;3963;3790;3235;4095
4;3960;3783;3131;4095
4;3956;3776;3198;4095
4;3968;3773;2989;4095
4;3959;3775;3187;4095
4;3959;3775;3037;4095
4;3958;3780;3184;4095
4;3963;3781;3024;4095
4;3948;3777;3218;4095
4;3959;3779;3123;4095
4;3963;3779;3244;4095
4;3965;3780;2987;4095
4;3952;3773;3204;4095
4;3953;3776;3050;4095
4;3969;3767;3245;4095
4;3962;3777;3119;4095
4;3968;3775;3135;4095
4;3961;3776;3202;4095
4;3955;3774;3088;4095
4;3955;3777;3102;4095
4;3955;3781;3114;4095
4;3959;3783;3119;4095
4;3955;3778;3203;4095
4;3957;3775;3101;4095
4;3970;3782;3120;4095
4;3952;3780;3152;4095
4;3971;3770;3217;4095
4;3952;3778;3219;4095
4;3952;3778;3225;4095
4;3955;3786;3120;4095
4;3952;3782;3152;4095
4;3959;3787;3168;4095
4;3954;3779;3219;4095
4;3952;3784;3113;4095
4;3967;3780;3183;4095
4;3955;3786;3141;4095
4;3958;3776;3270;4095
4;3956;3779;3134;4095
4;3964;3779;3136;4095
4;3962;3781;3131;4095
4;3957;3776;3223;4095
4;3963;3772;3149;4095
4;3952;3784;3123;4095
4;3953;3782;3186;4095
4;3959;3788;3151;4095
4;3956;3770;3167;4095
4;3968;3781;3232;4095
4;3965;3787;3044;4095
4;3952;3777;3237;4095
4;3959;3771;3087;4095
4;3959;3783;3258;4095
4;3953;3778;3115;4095
4;3956;3766;3210;4095
4;3959;3789;3187;4095
4;3955;3779;3300;4095
4;3955;3782;3027;4095
4;3961;3777;3312;4095
4;3954;3774;3136;4095
4;3961;3781;3309;4095
4;3961;3779;3076;4095
4;3962;3790;3239;4095
4;3981;3781;3091;4095
4;3958;3773;3215;4095
4;3953;3774;3113;4095
4;3966;3786;3209;4095
4;3956;3785;3124;4095
4;3956;3782;3258;4095
4;3968;3771;3028;4095
4;3964;3778;3231;4095
4;3955;3777;3094;4095
4;3953;3776;3255;4095
4;3957;3787;3088;4095
4;3963;3773;3216;4095
4;3967;3767;3104;4095
4;3955;3776;3201;4095
4;3968;3774;3126;4095
4;3954;3775;3236;4095
4;3962;3779;3044;4095
4;3952;3792;3221;4095
4;3958;3792;3061;4095
4;3967;3775;3213;4095
4;3958;3777;3183;4095
4;3951;3778;3157;4095
4;3957;3779;3118;4095
4;3967;3785;3323;4095
4;3958;3787;3119;4095
4;3952;3773;3193;4095
4;3958;3785;2997;4095
4;3963;3781;3138;4095
4;3958;3777;3250;4095
4;3958;3760;3194;4095
4;3963;3783;3114;4095
4;3964;3777;3159;4095
4;3962;3777;3120;4095
4;3967;3774;3245;4095
4;3958;3775;3138;4095
4;3963;3776;3163;4095
4;3956;3781;3104;4095
4;3956;3783;3171;4095
4;3970;3787;3133;4095
4;3958;3782;3242;4095
4;3962;3776;3081;4095
4;3952;3789;3176;4095
4;3957;3779;3119;4095
4;3959;3783;3168;4095
4;3961;3774;3101;4095
4;3956;3778;3127;4095
4;3953;3781;3122;4095
4;3961;3778;3275;4095
4;3953;3783;3062;4095
4;3962;3776;3174;4095
4;3958;3787;3122;4095
4;3962;3782;3209;4095
4;3969;3784;3141;4095
4;3958;3778;3102;4095
4;3963;3782;3168;4095
4;3959;3764;3055;4095
4;3956;3776;3101;4095
4;3955;3772;3177;4095
4;3955;3783;2899;4095
4;3963;3780;2753;4095
4;3959;3786;3082;4095
4;3965;3774;2421;4095
4;3970;3776;2460;4095
4;3962;3780;2511;4095
4;3954;3775;3011;4095
4;3952;3783;3175;4095
4;3961;3777;2771;4095
4;3967;3779;2848;4095
4;3959;3776;2995;4095
4;3959;3775;3070;4095
4;3953;3779;3107;4095
4;3953;3779;3039;4095
4;3956;3783;3114;4095
4;3963;3779;3031;4095
4;3952;3776;3180;4095
4;3955;3776;3069;4095
4;3953;3776;3122;4095
4;3963;3776;2949;4095
4;3955;3778;3063;4095
4;3960;3770;2944;4095
4;3959;3778;2939;4095
4;3955;3765;2717;4095
4;3965;3777;3102;4095
4;3952;3767;3039;4095
4;3955;3778;3134;4095
4;3962;3781;3190;4095
4;3962;3779;3190;4095
4;3957;3782;2990;4095
4;3952;3785;3051;4095
4;3962;3771;3056;4095
4;3955;3786;3061;4095
4;3963;3774;2950;4095
4;3954;3779;3067;4095
4;3955;3776;2928;4095
4;3955;3777;2921;4095
4;3965;3776;2942;4095
4;3959;3783;3136;4095
4;3961;3769;3180;4095
4;3970;3776;3100;4095
4;3952;3776;3017;4095
4;3964;3772;3271;4095
4;3964;3783;3097;4095
4;3963;3776;3218;4095
4;3962;3778;3119;4095
4;3960;3782;3053;4095
4;3962;3786;3184;4095
4;3966;3781;3062;4095
4;3962;3777;3056;4095
4;3953;3781;3277;4095
4;3978;3779;3097;4095
4;3965;3779;3134;4095
4;3953;3777;3062;4095
4;3962;3781;3087;4095
4;3959;3782;3137;4095
4;3956;3792;3083;4095
4;3959;3786;3010;4095
4;3952;3778;3053;4095
4;3959;3775;3149;4095
4;3953;3779;3079;4095
4;3958;3777;3083;4095
4;3964;3779;3173;4095
4;3956;3777;3062;4095
4;3959;3777;3120;4095
4;3951;3775;3105;4095
4;3969;3779;3148;4095
4;3954;3767;3122;4095
4;3965;3782;3248;4095
4;3957;3783;3158;4095
4;3958;3779;3136;4095
4;3959;3782;3055;4095
4;3952;3780;3221;4095
4;3959;3775;3069;4095
4;3957;3778;3276;4095
4;3963;3777;3089;4095
4;3968;3773;3266;4095
4;3956;3777;3105;4095
4;3954;3776;3264;4095
4;3959;3774;3108;4095
4;3959;3783;3243;4095
4;3962;3780;3088;4095
4;3971;3776;3207;4095
4;3954;3773;3093;4095
4;3952;3776;3223;4095
4;3963;3774;3085;4095
4;3957;3782;3148;4095
4;3955;3782;3019;4095
4;3961;3783;3238;4095
4;3965;3782;3021;4095
4;3959;3774;3205;4095
4;3952;3778;2987;4095
4;3952;3773;3055;4095
4;3963;3771;2867;4095
4;3964;3772;3047;4095
4;3968;3775;2817;4095
4;3963;3783;2979;4095
4;3950;3776;2918;4095
4;3959;3775;3087;4095
4;3951;3789;2893;4095
4;3957;3779;3001;4095
4;3960;3788;2875;4095
4;3963;3776;3015;4095
4;3962;3784;2888;4095
4;3962;3779;3071;4095
4;3959;3783;2898;4095
4;3958;3778;3098;4095
4;3963;3776;2864;4095
4;3968;3783;3025;4095
4;3957;3776;2849;4095
4;3965;3777;3026;4095
4;3972;3783;2818;4095
5;3967;3792;3036;4095
5;3959;3779;2880;4095
5;3963;3781;3110;4095
5;3955;3782;2943;4095
5;3964;3777;3017;4095
5;3968;3779;2874;4095
5;3955;3782;3088;4095
5;3968;3783;2919;4095
5;3965;3780;3063;4095
5;3968;3778;2880;4095
5;3960;3773;3172;4095
5;3967;3773;2925;4095
5;3962;3777;3069;4095
5;3972;3782;2889;4095
5;3968;3776;3071;4095
5;3957;3779;2865;4095
5;3965;3786;3050;4095
5;3952;3777;2851;4095
5;3977;3780;3077;4095
5;3952;3777;2865;4095
5;3963;3779;3024;4095
5;3952;3778;2959;4095
5;3963;3786;3005;4095
5;3965;3783;2915;4095
5;3968;3781;3066;4095
5;3963;3778;2896;4095
5;3958;3781;3147;4095
5;3956;3776;2855;4095
5;3967;3777;3049;4095
5;3961;3779;2874;4095
5;3954;3777;3006;4095
5;3963;3776;2880;4095
5;3957;3780;3023;4095
5;3965;3771;2865;4095
5;3953;3779;3027;4095
5;3965;3778;2877;4095
5;3964;3782;3004;4095
5;3959;3782;2879;4095
5;3954;3782;2983;4095
5;3954;3790;2942;4095
5;3957;3775;2945;4095
5;3962;3777;2927;4095
5;3959;3787;2957;4095
5;3953;3773;2980;4095
5;3958;3767;2978;4095
5;3957;3780;2891;4095
5;3953;3783;2959;4095
5;3955;3778;2921;4095
5;3964;3778;2919;4095
5;3957;3779;2954;4095
5;3967;3786;2958;4095
5;3952;3775;2997;4095
5;3954;3776;2958;4095
5;3964;3776;3037;4095
5;3965;3785;3065;4095
5;3963;3790;2879;4095
5;3965;3797;3022;4095
5;3971;3786;2995;4095
5;3958;3779;2950;4095
5;3957;3777;2917;4095
5;3954;3788;2960;4095
5;3958;3777;2939;4095
5;3972;3789;3008;4095
5;3963;3777;2934;4095
5;3965;3796;2992;4095
5;3972;3786;2953;4095
5;3968;3789;2994;4095
5;3964;3790;2913;4095
5;3959;3777;2941;4095
5;3958;3776;2911;4095
5;3961;3779;2943;4095
5;3958;3781;2941;4095
5;3961;3777;2927;4095
5;3958;3781;2877;4095
5;3959;3775;2966;4095
5;3972;3780;2959;4095
5;3967;3771;3035;4095
5;3967;3782;2971;4095
5;3959;3789;2967;4095
5;3952;3783;2926;4095
5;3973;3776;2890;4095
5;3959;3789;2960;4095
5;3952;3781;2922;4095
5;3958;3776;2940;4095
5;3965;3776;2861;4095
5;3952;3769;2940;4095
5;3965;3777;2928;4095
5;3967;3774;2959;4095
5;3970;3776;2903;4095
5;3967;3783;3083;4095
5;3963;3777;2990;4095
5;3964;3777;2996;4095
5;3961;3786;2864;4095
5;3961;3777;3003;4095
5;3959;3778;2843;4095
5;3955;3779;2899;4095
5;3954;3779;2891;4095
5;3953;3777;2922;4095
5;3942;3781;2942;4095
5;3959;3779;3011;4095
5;3971;3783;2858;4095
5;3962;3775;2926;4095
5;3965;3786;2884;4095
5;3962;3792;2961;4095
5;3955;3779;2861;4095
5;3961;3777;3012;4095
5;3954;3787;2863;4095
5;3962;3787;3022;4095
5;3957;3780;2868;4095
5;3962;3786;2972;4095
5;3963;3792;2882;4095
5;3961;3775;2955;4095
5;3958;3779;2960;4095
5;3959;3791;2998;4095
5;3963;3778;2799;4095
5;3966;3783;2928;4095
5;3952;3780;2810;4095
5;3956;3788;2902;4095
5;3955;3778;2889;4095
5;3963;3771;2893;4095
5;3952;3771;2839;4095
5;3950;3764;2944;4095
5;3949;3771;2862;4095
5;3949;3771;3021;4095
5;3947;3764;2881;4095
5;3943;3772;2927;4095
5;3950;3760;2821;4095
5;3937;3769;2982;4095
5;3952;3756;2896;4095
5;3948;3761;2926;4095
5;3945;3764;2886;4095
5;3940;3761;2929;4095
5;3934;3755;2857;4095
5;3910;3742;2894;4095
5;3904;3727;2950;4095
5;3900;3718;2890;4095
5;3893;3713;2765;4095
5;3888;3711;2811;4095
5;3888;3717;2768;4095
5;3889;3709;2804;4095
5;3888;3712;2748;4095
5;3895;3713;2850;4095
5;3890;3723;2724;4095
5;3909;3735;2885;4095
5;3927;3751;2782;4095
5;3938;3760;2866;4095
5;3941;3765;2734;4095
5;3941;3760;2853;4095
5;3951;3761;2715;4095
5;3938;3758;2877;4095
5;3939;3767;2723;4095
5;3944;3760;2846;4095
5;3937;3760;2724;4095
5;3934;3760;2810;4095
5;3945;3761;2704;4095
5;3944;3759;2861;4095
5;3942;3765;2767;4095
