1;4095;3931;4095;4095
1;4095;3935;4095;4095
1;4095;3925;4095;4095
1;4095;3933;4095;4095
1;4095;3931;4095;4095
1;4095;3931;4095;4095
1;4095;3931;4095;4095
1;4095;3946;4095;4095
1;4095;3922;4095;4095
1;4095;3915;4095;4095
1;4095;3939;4095;4095
1;4095;3930;4095;4095
1;4095;3927;4095;4095
1;4095;3920;4095;4095
1;4095;3935;4095;4095
1;4095;3936;4095;4095
1;4095;3923;4095;4095
1;4095;3936;4095;4095
1;4095;3938;4095;4095
1;4095;3934;4095;4095
1;4095;3947;4095;4095
1;4095;3925;4095;4095
1;4095;3933;4095;4095
1;4095;3939;4095;4095
1;4095;3926;4095;4095
1;4095;3932;4095;4095
1;4095;3930;4095;4095
1;4095;3922;4095;4095
1;4095;3935;4095;4095
1;4095;3929;4095;4095
1;4095;3943;4095;4095
1;4095;3931;4095;4095
1;4095;3938;4095;4095
1;4095;3944;4095;4095
1;4095;3938;4095;4095
1;4095;3934;4095;4095
1;4095;3929;4095;4095
1;4095;3942;4095;4095
1;4095;3925;4095;4095
1;4095;3947;4095;4095
1;4095;3946;4095;4095
1;4095;3937;4095;4095
1;4095;3929;4095;4095
1;4095;3926;4095;4095
1;4095;3947;4095;4095
1;4095;3931;4095;4095
1;4095;3931;4095;4095
1;4095;3941;4095;4095
1;4095;3936;4095;4095
1;4095;3943;4095;4095
1;4095;3936;4095;4095
1;4095;3941;4095;4095
1;4095;3938;4095;4095
1;4095;3951;4095;4095
1;4095;3931;4095;4095
1;4095;3922;4095;4095
1;4095;3942;4095;4095
1;4095;3936;4095;4095
1;4095;3930;4095;4095
1;4095;3935;4095;4095
1;4095;3935;4095;4095
1;4095;3931;4095;4095
1;4095;3934;4095;4095
1;4095;3945;4095;4095
1;4095;3931;4095;4095
1;4095;3937;4095;4095
1;4095;3936;4095;4095
1;4095;3929;4095;4095
1;4095;3933;4095;4095
1;4095;3925;4095;4095
1;4095;3939;4095;4095
1;4095;3936;4095;4095
1;4095;3940;4095;4095
1;4095;3937;4095;4095
1;4095;3946;4095;4095
1;4095;3931;4095;4095
1;4095;3946;4095;4095
1;4095;3936;4095;4095
1;4095;3935;4095;4095
1;4095;3935;4095;4095
1;4095;3931;4095;4095
1;4095;3921;4095;4095
1;4095;3929;4095;4095
1;4095;3942;4095;4095
1;4095;3934;4095;4095
1;4095;3941;4095;4095
1;4095;3945;4095;4095
1;4095;3940;4095;4095
1;4095;3938;4095;4095
1;4095;3932;4095;4095
1;4095;3944;4095;4095
1;4095;3930;4095;4095
1;4095;3938;4095;4095
1;4095;3952;4095;4095
1;4095;3947;4095;4095
1;4095;3938;4095;4095
1;4095;3940;4095;4095
1;4095;3930;4095;4095
1;4095;3934;4095;4095
1;4095;3927;4095;4095
1;4095;3934;4095;4095
1;4095;3941;4095;4095
1;4095;3946;4095;4095
1;4095;3925;4095;4095
1;4095;3940;4095;4095
1;4095;3927;4095;4095
1;4095;3950;4095;4095
1;4095;3939;4095;4095
1;4095;3929;4095;4095
1;4095;3939;4095;4095
1;4095;3937;4095;4095
1;4095;3947;4095;4095
1;4095;3936;4095;4095
1;4095;3933;4095;4095
1;4095;3925;4095;4095
1;4095;3929;4095;4095
1;4095;3942;4095;4095
1;4095;3931;4095;4095
1;4095;3942;4095;4095
1;4095;3933;4095;4095
1;4095;3950;4095;4095
1;4095;3936;4095;4095
1;4095;3931;4095;4095
1;4095;3932;4095;4095
1;4095;3938;4095;4095
1;4095;3931;4095;4095
1;4095;3935;4095;4095
1;4095;3937;4095;4095
1;4095;3924;4095;4095
1;4095;3942;4095;4095
1;4095;3956;4095;4095
1;4095;3932;4095;4095
1;4095;3952;4095;4095
1;4095;3933;4095;4095
1;4095;3942;4095;4095
1;4095;3952;4095;4095
1;4095;3930;4095;4095
1;4095;3941;4095;4095
1;4095;3934;4095;4095
1;4095;3920;4095;4095
1;4095;3934;4095;4095
1;4095;3920;4095;4095
1;4095;3939;4095;4095
1;4095;3946;4095;4095
1;4095;3935;4095;4095
1;4095;3935;4095;4095
1;4095;3951;4095;4095
1;4095;3935;4095;4095
1;4095;3941;4095;4095
1;4095;3937;4095;4095
1;4095;3939;4095;4095
1;4095;3948;4095;4095
1;4095;3944;4095;4095
1;4095;3940;4095;4095
1;4095;3952;4095;4095
1;4095;3931;4095;4095
1;4095;3938;4095;4095
1;4095;3949;4095;4095
1;4095;3936;4095;4095
1;4095;3938;4095;4095
1;4095;3930;4095;4095
1;4095;3936;4095;4095
1;4095;3943;4095;4095
1;4095;3942;4095;4095
1;4095;3945;4095;4095
1;4095;3942;4095;4095
1;4095;3932;4095;4095
1;4095;3938;4095;4095
1;4095;3936;4095;4095
1;4095;3949;4095;4095
1;4095;3931;4095;4095
1;4095;3933;4095;4095
1;4095;3943;4095;4095
1;4095;3935;4095;4095
1;4095;3946;4095;4095
1;4095;3941;4095;4095
1;4095;3934;4095;4095
1;4095;3939;4095;4095
1;4095;3942;4095;4095
1;4095;3952;4095;4095
1;4095;3935;4095;4095
1;4095;3931;4095;4095
1;4095;3935;4095;4095
1;4095;3934;4095;4095
1;4095;3950;4095;4095
1;4095;3941;4095;4095
1;4095;3951;4095;4095
1;4095;3939;4095;4095
1;4095;3936;4095;4095
1;4095;3943;4095;4095
1;4095;3940;4095;4095
1;4095;3927;4095;4095
1;4095;3933;4095;4095
1;4095;3924;4095;4095
1;4095;3941;4095;4095
1;4095;3937;4095;4095
1;4095;3945;4095;4095
1;4095;3941;4095;4095
1;4095;3946;4095;4095
1;4095;3954;4095;4095
1;4095;3931;4095;4095
1;4095;3935;4095;4095
1;4095;3943;4095;4095
1;4095;3936;4095;4095
1;4095;3933;4095;4095
1;4095;3934;4095;4095
1;4095;3937;4095;4095
1;4095;3936;4095;4095
1;4095;3939;4095;4095
1;4095;3943;4095;4095
1;4095;3939;4095;4095
1;4095;3938;4095;4095
1;4095;3951;4095;4095
1;4095;3937;4095;4095
1;4095;3935;4095;4095
1;4095;3939;4095;4095
1;4095;3929;4095;4095
1;4095;3938;4095;4095
1;4095;3942;4095;4095
1;4095;3953;4095;4095
1;4095;3946;4095;4095
1;4095;3951;4095;4095
1;4095;3946;4095;4095
1;4095;3949;4095;4095
1;4095;3925;4095;4095
1;4095;3941;4095;4095
1;4095;3951;4095;4095
1;4095;3935;4095;4095
1;4095;3936;4095;4095
1;4095;3931;4095;4095
1;4095;3935;4095;4095
1;4095;3931;4095;4095
1;4095;3938;4095;4095
1;4095;3952;4095;4095
1;4095;3933;4095;4095
1;4095;3944;4095;4095
1;4095;3938;4095;4095
1;4095;3936;4095;4095
1;4095;3943;4095;4095
1;4095;3947;4095;4095
1;4095;3941;4095;4095
1;4095;3941;4095;4095
1;4095;3942;4095;4095
1;4095;3950;4095;4095
1;4095;3952;4095;4095
1;4095;3949;4095;4095
1;4095;3949;4095;4095
1;4095;3933;4095;4095
1;4095;3941;4095;4095
1;4095;3938;4095;4095
1;4095;3946;4095;4095
1;4095;3934;4095;4095
1;4095;3935;4095;4095
1;4095;3947;4095;4095
1;4095;3942;4095;4095
1;4095;3939;4095;4095
1;4095;3932;4095;4095
1;4095;3935;4095;4095
1;4095;3934;4095;4095
1;4095;3938;4095;4095
1;4095;3943;4095;4095
1;4095;3937;4095;4095
1;4095;3939;4095;4095
1;4095;3947;4095;4095
1;4095;3942;4095;4095
1;4095;3955;4095;4095
1;4095;3942;4095;4095
1;4095;3926;4095;4095
1;4095;3949;4095;4095
1;4095;3942;4095;4095
1;4095;3946;4095;4095
1;4095;3940;4095;4095
1;4095;3943;4095;4095
1;4095;3930;4095;4095
1;4095;3941;4095;4095
1;4095;3942;4095;4095
1;4095;3951;4095;4095
1;4095;3947;4095;4095
1;4095;3939;4095;4095
1;4095;3949;4095;4095
1;4095;3937;4095;4095
1;4095;3947;4095;4095
1;4095;3943;4095;4095
1;4095;3938;4095;4095
1;4095;3941;4095;4095
1;4095;3949;4095;4095
1;4095;3929;4095;4095
1;4095;3943;4095;4095
1;4095;3949;4095;4095
1;4095;3939;4095;4095
1;4095;3943;4095;4095
1;4095;3941;4095;4095
1;4095;3947;4095;4095
1;4095;3939;4095;4095
1;4095;3931;4095;4095
1;4095;3939;4095;4095
1;4095;3933;4095;4095
1;4095;3920;4095;4095
1;4095;3947;4095;4095
1;4095;3918;4095;4095
1;4095;3936;4095;4095
1;4095;3936;4095;4095
1;4095;3943;4095;4095
1;4095;3929;4095;4095
1;4095;3945;4095;4095
1;4095;3933;4095;4095
1;4095;3931;4095;4095
1;4095;3952;4095;4095
1;4095;3951;4095;4095
1;4095;3944;4095;4095
1;4095;3954;4095;4095
1;4095;3936;4095;4095
1;4095;3952;4095;4095
1;4095;3947;4095;4095
1;4095;3945;4095;4095
1;4095;3947;4095;4095
1;4095;3943;4095;4095
1;4095;3936;4095;4095
1;4095;3939;4095;4095
1;4095;3938;4095;4095
2;4095;3927;4095;4095
2;4095;3939;4095;4095
2;4095;3949;4095;4095
2;4095;3932;4095;4095
2;4095;3947;4095;4095
2;4095;3949;4095;4095
2;4095;3943;4095;4095
2;4095;3942;4095;4095
2;4095;3950;4095;4095
2;4095;3947;4095;4095
2;4095;3941;4095;4095
2;4095;3941;4095;4095
2;4095;3934;4095;4095
2;4095;3937;4095;4095
2;4095;3947;4095;4095
2;4095;3937;4095;4095
2;4095;3939;4095;4095
2;4095;3943;4095;4095
2;4095;3938;4095;4095
2;4095;3967;4095;4095
2;4095;3942;4095;4095
2;4095;3950;4095;4095
2;4095;3942;4095;4095
2;4095;3948;4095;4095
2;4095;3937;4095;4095
2;4095;3939;4095;4095
2;4095;3957;4095;4095
2;4095;3941;4095;4095
2;4095;3942;4095;4095
2;4095;3952;4095;4095
2;4095;3947;4095;4095
2;4095;3952;4095;4095
2;4095;3941;4095;4095
2;4095;3946;4095;4095
2;4095;3939;4095;4095
2;4095;3947;4095;4095
2;4095;3949;4095;4095
2;4095;3950;4095;4095
2;4095;3948;4095;4095
2;4095;3952;4095;4095
2;4095;3948;4095;4095
2;4095;3931;4095;4095
2;4095;3949;4095;4095
2;4095;3937;4095;4095
2;4095;3953;4095;4095
2;4095;3941;4095;4095
2;4095;3943;4095;4095
2;4095;3943;4095;4095
2;4095;3949;4095;4095
2;4095;3950;4095;4095
2;4095;3946;4095;4095
2;4091;3935;4095;4095
2;4095;3927;4095;4095
2;4095;3949;4095;4095
2;4095;3947;4095;4095
2;4095;3953;4095;4095
2;4095;3952;4095;4095
2;4095;3935;4095;4095
2;4095;3940;4095;4095
2;4095;3939;4095;4095
2;4095;3952;4095;4095
2;4095;3949;4095;4095
2;4095;3937;4095;4095
2;4095;3946;4095;4095
2;4095;3942;4095;4095
2;4095;3954;4095;4095
2;4095;3947;4095;4095
2;4095;3950;4095;4095
2;4095;3942;4095;4095
2;4095;3950;4095;4095
2;4095;3939;4095;4095
2;4095;3939;4095;4095
2;4095;3953;4095;4095
2;4095;3940;4095;4095
2;4095;3950;4095;4095
2;4095;3950;4095;4095
2;4095;3943;4095;4095
2;4095;3945;4095;4095
2;4095;3946;4095;4095
2;4095;3948;4095;4095
2;4095;3947;4095;4095
2;4095;3952;4095;4095
2;4095;3934;4095;4095
2;4095;3949;4095;4095
2;4095;3951;4095;4095
2;4095;3943;4095;4095
2;4095;3950;4095;4095
2;4095;3947;4095;4095
2;4095;3935;4095;4095
2;4095;3952;4095;4095
2;4095;3952;4095;4095
2;4095;3949;4095;4095
2;4095;3954;4095;4095
2;4095;3948;4095;4095
2;4095;3943;4095;4095
2;4095;3946;4095;4095
2;4095;3949;4095;4095
2;4095;3946;4095;4095
2;4095;3947;4095;4095
2;4095;3948;4095;4095
2;4095;3939;4095;4095
2;4095;3950;4095;4095
2;4095;3950;4095;4095
2;4095;3941;4095;4095
2;4095;3952;4095;4095
2;4095;3951;4095;4095
2;4095;3953;4095;4095
2;4095;3942;4095;4095
2;4095;3959;4095;4095
2;4095;3939;4095;4095
2;4095;3947;4095;4095
2;4095;3946;4095;4095
2;4095;3943;4095;4095
2;4095;3939;4095;4095
2;4095;3949;4095;4095
2;4095;3947;4095;4095
2;4095;3950;4095;4095
2;4095;3941;4095;4095
2;4095;3933;4095;4095
2;4095;3943;4095;4095
2;4095;3951;4095;4095
2;4095;3947;4095;4095
2;4095;3949;4095;4095
2;4095;3940;4095;4095
2;4095;3945;4095;4095
2;4095;3942;4095;4095
2;4095;3941;4095;4095
2;4095;3952;4095;4095
2;4095;3940;4095;4095
2;4095;3941;4095;4095
2;4095;3951;4095;4095
2;4095;3943;4095;4095
2;4095;3952;4095;4095
2;4095;3938;4095;4095
2;4095;3946;4095;4095
2;4095;3963;4095;4095
2;4095;3941;4095;4095
2;4095;3954;4095;4095
2;4095;3952;4095;4095
2;4095;3952;4095;4095
2;4095;3931;4095;4095
2;4095;3957;4095;4095
2;4095;3952;4095;4095
2;4095;3945;4095;4095
2;4095;3943;4095;4095
2;4095;3941;4095;4095
2;4095;3942;4095;4095
2;4095;3952;4095;4095
2;4095;3954;4095;4095
2;4095;3948;4095;4095
2;4095;3943;4095;4095
2;4095;3954;4095;4095
2;4095;3947;4095;4095
2;4095;3950;4095;4095
2;4095;3944;4095;4095
2;4095;3939;4095;4095
2;4095;3949;4095;4095
2;4095;3952;4095;4095
2;4095;3946;4095;4095
2;4095;3959;4095;4095
2;4095;3950;4095;4095
2;4095;3946;4095;4095
2;4095;3946;4095;4095
2;4095;3948;4095;4095
2;4095;3945;4095;4095
2;4095;3946;4095;4095
2;4095;3956;4095;4095
2;4095;3942;4095;4095
2;4095;3949;4095;4095
2;4095;3950;4095;4095
2;4095;3949;4095;4095
2;4095;3955;4095;4095
2;4095;3950;4095;4095
2;4095;3941;4095;4095
2;4095;3946;4095;4095
2;4095;3950;4095;4095
2;4095;3946;4095;4095
2;4095;3947;4095;4095
2;4095;3943;4095;4095
2;4095;3965;4095;4095
2;4095;3951;4095;4095
2;4095;3943;4095;4095
2;4095;3946;4095;4095
2;4095;3952;4095;4095
2;4095;3946;4095;4095
2;4095;3947;4095;4095
2;4095;3945;4095;4095
2;4095;3956;4095;4095
2;4095;3950;4095;4095
2;4095;3951;4095;4095
2;4095;3952;4095;4095
2;4095;3946;4095;4095
2;4095;3950;4095;4095
2;4095;3941;4095;4095
2;4095;3956;4095;4095
2;4095;3943;4095;4095
2;4095;3954;4095;4095
2;4095;3953;4095;4095
2;4095;3949;4095;4095
2;4095;3952;4095;4095
2;4095;3947;4095;4095
2;4095;3953;4095;4095
2;4095;3949;4095;4095
2;4095;3951;4095;4095
2;4095;3947;4095;4095
2;4095;3943;4095;4095
2;4095;3948;4095;4095
2;4095;3963;4095;4095
2;4095;3975;4095;4095
2;4095;3959;4095;4095
2;4095;3951;4095;4095
2;4095;3943;4095;4095
2;4095;3949;4095;4095
2;4095;3950;4095;4095
2;4095;3943;4095;4095
2;4095;3945;4095;4095
2;4095;3952;4095;4095
2;4095;3947;4095;4095
2;4095;3952;4095;4095
2;4095;3937;4095;4095
2;4095;3957;4095;4095
2;4095;3952;4095;4095
2;4095;3957;4095;4095
2;4095;3950;4095;4095
2;4095;3947;4095;4095
2;4095;3947;4095;4095
2;4095;3949;4095;4095
2;4095;3951;4095;4095
2;4095;3943;4095;4095
2;4095;3952;4095;4095
2;4095;3952;4095;4095
2;4095;3952;4095;4095
3;4095;3949;4095;4095
3;4095;3939;4095;4095
3;4095;3952;4095;4095
3;4095;3946;4095;4095
3;4095;3958;4095;4095
3;4095;3945;4095;4095
3;4095;3947;4095;4095
3;4095;3952;4095;4095
3;4095;3953;4095;4095
3;4095;3947;4095;4095
3;4095;3936;4095;4095
3;4095;3951;4095;4095
3;4095;3952;4095;4095
3;4095;3955;4095;4095
3;4095;3951;4095;4095
3;4095;3946;4095;4095
3;4095;3952;4095;4095
3;4095;3941;4095;4095
3;4095;3943;4095;4095
3;4095;3952;4095;4095
3;4095;3949;4095;4095
3;4095;3958;4095;4095
3;4095;3957;4095;4095
3;4095;3946;4095;4095
3;4095;3950;4095;4095
3;4095;3946;4095;4095
3;4095;3945;4095;4095
3;4095;3952;4095;4095
3;4095;3950;4095;4095
3;4095;3952;4095;4095
3;4095;3938;4095;4095
3;4095;3927;4095;4095
3;4095;3942;4095;4095
3;4095;3952;4095;4095
3;4095;3947;4095;4095
3;4095;3951;4095;4095
3;4095;3952;4095;4095
3;4095;3953;4095;4095
3;4095;3952;4095;4095
3;4095;3951;4095;4095
3;4095;3967;4095;4095
3;4095;3940;4095;4095
3;4095;3953;4095;4095
3;4095;3950;4095;4095
3;4095;3947;4095;4095
3;4095;3949;4095;4095
3;4095;3947;4095;4095
3;4095;3956;4095;4095
3;4095;3957;4095;4095
3;4095;3951;4095;4095
3;4095;3941;4095;4095
3;4095;3952;4095;4095
3;4095;3952;4095;4095
3;4095;3952;4095;4095
3;4095;3951;4095;4095
3;4095;3941;4095;4095
3;4095;3950;4095;4095
3;4095;3947;4095;4095
3;4095;3967;4095;4095
3;4095;3952;4095;4095
3;4095;3955;4095;4095
3;4095;3952;4095;4095
3;4095;3949;4095;4095
3;4095;3943;4095;4095
3;4095;3963;4095;4095
3;4095;3944;4095;4095
3;4095;3953;4095;4095
3;4095;3947;4095;4095
3;4095;3952;4095;4095
3;4095;3958;4095;4095
3;4095;3959;4095;4095
3;4095;3973;4095;4095
3;4095;3967;4095;4095
3;4095;3968;4095;4095
3;4095;3943;4095;4095
3;4095;3972;4095;4095
3;4095;3965;4095;4095
3;4095;3965;4095;4095
3;4095;3959;4095;4095
3;4095;3968;4095;4095
3;4095;3962;4095;4095
3;4095;3957;4095;4095
3;4095;3962;4095;4095
3;4095;3965;4095;4095
3;4095;3964;4095;4095
3;4095;3965;4095;4095
3;4095;3961;4095;4095
3;4095;3959;4095;4095
3;4095;3954;4095;4095
3;4095;3954;4095;4095
3;4095;3953;4095;4095
3;4095;3948;4095;4095
3;4095;3958;4095;4095
3;4095;3952;4095;4095
3;4095;3953;4095;4095
3;4095;3954;4095;4095
3;4095;3959;4095;4095
3;4095;3949;4095;4095
3;4095;3952;4095;4095
3;4095;3959;4095;4095
3;4095;3970;4095;4095
3;4095;3955;4095;4095
3;4095;3963;4095;4095
3;4095;3955;4095;4095
3;4095;3958;4095;4095
3;4095;3968;4095;4095
3;4095;3963;4095;4095
3;4095;3955;4095;4095
3;4095;3942;4095;4095
3;4095;3976;4095;4095
3;4095;3954;4095;4095
3;4095;3959;4095;4095
3;4095;3966;4095;4095
3;4095;3957;4095;4095
3;4095;3965;4095;4095
3;4095;3968;4095;4095
3;4095;3948;4095;4095
3;4095;3963;4095;4095
3;4095;3943;4095;4095
3;4095;3959;4095;4095
3;4095;3959;4095;4095
3;4095;3966;4095;4095
3;4095;3955;4095;4095
3;4095;3963;4095;4095
3;4095;3956;4095;4095
3;4095;3958;4095;4095
3;4095;3958;4095;4095
3;4095;3971;4095;4095
3;4095;3955;4095;4095
3;4095;3984;4095;4095
3;4095;3963;4095;4095
3;4095;3962;4095;4095
3;4095;3965;4095;4095
3;4095;3978;4095;4095
3;4095;3981;4095;4095
3;4095;3978;4095;4095
3;4095;3967;4095;4095
3;4095;3968;4095;4095
3;4095;3983;4095;4095
3;4095;3965;4095;4095
3;4095;3971;4095;4095
3;4095;3973;4095;4095
3;4095;3984;4095;4095
3;4095;3972;4095;4095
3;4095;3973;4095;4095
3;4095;3970;4095;4095
3;4095;3967;4095;4095
3;4095;3969;4095;4095
3;4095;3974;4095;4095
3;4095;3963;4095;4095
3;4095;3977;4095;4095
3;4095;3982;4095;4095
3;4095;3971;4095;4095
3;4095;3966;4095;4095
3;4095;3971;4095;4095
3;4095;3968;4095;4095
3;4095;3963;4095;4095
3;4095;3974;4095;4095
3;4095;3974;4095;4095
3;4095;3981;4095;4095
3;4095;3971;4095;4095
3;4095;3974;4095;4095
3;4095;3969;4095;4095
3;4095;3969;4095;4095
3;4095;3971;4095;4095
3;4095;3969;4095;4095
3;4095;3964;4095;4095
3;4095;3967;4095;4095
3;4095;3981;4095;4095
3;4095;3973;4095;4095
3;4095;3969;4095;4095
3;4095;3968;4095;4095
3;4095;3977;4095;4095
3;4095;3974;4095;4095
3;4095;3969;4095;4095
3;4095;3971;4095;4095
3;4095;3969;4095;4095
3;4095;3958;4095;4095
3;4095;3967;4095;4095
3;4095;3955;4095;4095
3;4095;3963;4095;4095
3;4095;3983;4095;4095
3;4095;3958;4095;4095
3;4095;3961;4095;4095
3;4095;3957;4095;4095
3;4095;3946;4095;4095
3;4095;3953;4095;4095
3;4095;3955;4095;4095
3;4095;3951;4095;4095
3;4095;3947;4095;4095
3;4095;3959;4095;4095
3;4095;3936;4095;4095
3;4095;3941;4095;4095
3;4095;3951;4095;4095
3;4095;3952;4095;4095
3;4095;3951;4095;4095
3;4095;3952;4095;4095
3;4095;3952;4095;4095
3;4095;3942;4095;4095
3;4095;3954;4095;4095
3;4095;3952;4095;4095
3;4095;3932;4095;4095
3;4095;3942;4095;4095
3;4095;3938;4095;4095
3;4095;3956;4095;4095
3;4095;3952;4095;4095
3;4095;3960;4095;4095
3;4095;3948;4095;4095
3;4095;3932;4095;4095
3;4095;3959;4095;4095
3;4095;3952;4095;4095
3;4095;3951;4095;4095
3;4095;3949;4095;4095
3;4095;3952;4095;4095
3;4095;3939;4095;4095
3;4095;3955;4095;4095
3;4095;3943;4095;4095
3;4095;3968;4095;4095
3;4095;3947;4095;4095
3;4095;3952;4095;4095
3;4095;3947;4095;4095
3;4095;3935;4095;4095
3;4095;3935;4095;4095
3;4095;3950;4095;4095
3;4095;3963;4095;4095
3;4095;3954;4095;4095
3;4095;3952;4095;4095
3;4095;3951;4095;4095
3;4095;3952;4095;4095
3;4095;3941;4095;4095
3;4095;3952;4095;4095
3;4095;3950;4095;4095
3;4095;3952;4095;4095
3;4095;3947;4095;4095
3;4095;3946;4095;4095
3;4095;3959;4095;4095
3;4095;3957;4095;4095
3;4095;3952;4095;4095
3;4095;3955;4095;4095
3;4095;3951;4095;4095
4;4095;3935;4095;4095
4;4095;3954;4095;4095
4;4095;3953;4095;4095
4;4095;3952;4095;4095
4;4095;3938;4095;4095
4;4095;3950;4095;4095
4;4095;3943;4095;4095
4;4095;3949;4095;4095
4;4095;3952;4095;4095
4;4095;3952;4095;4095
4;4095;3941;4095;4095
4;4095;3941;4095;4095
4;4095;3959;4095;4095
4;4095;3951;4095;4095
4;4095;3958;4095;4095
4;4095;3951;4095;4095
4;4095;3942;4095;4095
4;4095;3952;4095;4095
4;4095;3942;4095;4095
4;4095;3952;4095;4095
4;4095;3943;4095;4095
4;4095;3950;4095;4095
4;4095;3934;4095;4095
4;4095;3952;4095;4095
4;4095;3945;4095;4095
4;4095;3954;4095;4095
4;4095;3933;4095;4095
4;4095;3952;4095;4095
4;4095;3965;4095;4095
4;4095;3949;4095;4095
4;4095;3952;4095;4095
4;4095;3949;4095;4095
4;4095;3955;4095;4095
4;4095;3968;4095;4095
4;4095;3940;4095;4095
4;4095;3943;4095;4095
4;4095;3953;4095;4095
4;4095;3956;4095;4095
4;4095;3950;4095;4095
4;4095;3958;4095;4095
4;4095;3952;4095;4095
4;4095;3952;4095;4095
4;4095;3949;4095;4095
4;4095;3963;4095;4095
4;4095;3946;4095;4095
4;4095;3951;4095;4095
4;4095;3943;4095;4095
4;4095;3952;4095;4095
4;4095;3965;4095;4095
4;4095;3953;4095;4095
4;4095;3952;4095;4095
4;4095;3958;4095;4095
4;4095;3952;4095;4095
4;4095;3950;4095;4095
4;4095;3951;4095;4095
4;4095;3951;4095;4095
4;4095;3953;4095;4095
4;4095;3949;4095;4095
4;4095;3953;4095;4095
4;4095;3965;4095;4095
4;4095;3952;4095;4095
4;4095;3950;4095;4095
4;4095;3946;4095;4095
4;4095;3952;4095;4095
4;4095;3941;4095;4095
4;4095;3952;4095;4095
4;4095;3949;4095;4095
4;4095;3955;4095;4095
4;4095;3954;4095;4095
4;4095;3959;4095;4095
4;4095;3965;4095;4095
4;4095;3955;4095;4095
4;4095;3954;4095;4095
4;4095;3964;4095;4095
4;4095;3945;4095;4095
4;4095;3952;4095;4095
4;4095;3959;4095;4095
4;4095;3950;4095;4095
4;4095;3941;4095;4095
4;4095;3943;4095;4095
4;4095;3952;4095;4095
4;4095;3935;4095;4095
4;4095;3954;4095;4095
4;4095;3965;4095;4095
4;4095;3959;4095;4095
4;4095;3947;4095;4095
4;4095;3968;4095;4095
4;4095;3955;4095;4095
4;4095;3952;4095;4095
4;4095;3973;4095;4095
4;4095;3937;4095;4095
4;4095;3945;4095;4095
4;4095;3952;4095;4095
4;4095;3952;4095;4095
4;4095;3952;4095;4095
4;4095;3947;4095;4095
4;4095;3953;4095;4095
4;4095;3952;4095;4095
4;4095;3946;4095;4095
4;4095;3948;4095;4095
4;4095;3946;4095;4095
4;4095;3946;4095;4095
4;4095;3942;4095;4095
4;4095;3964;4095;4095
4;4095;3950;4095;4095
4;4095;3958;4095;4095
4;4095;3947;4095;4095
4;4095;3949;4095;4095
4;4095;3970;4095;4095
4;4095;3971;4095;4095
4;4095;3956;4095;4095
4;4095;3947;4095;4095
4;4095;3949;4095;4095
4;4095;3951;4095;4095
4;4095;3953;4095;4095
4;4095;3952;4095;4095
4;4095;3965;4095;4095
4;4095;3952;4095;4095
4;4095;3943;4095;4095
4;4095;3950;4095;4095
4;4095;3935;4095;4095
4;4095;3952;4095;4095
4;4095;3939;4095;4095
4;4095;3948;4095;4095
4;4095;3949;4095;4095
4;4095;3952;4095;4095
4;4095;3948;4095;4095
4;4095;3953;4095;4095
4;4095;3951;4095;4095
4;4095;3949;4095;4095
4;4095;3958;4095;4095
4;4095;3943;4095;4095
4;4095;3941;4095;4095
4;4095;3953;4095;4095
4;4095;3951;4095;4095
4;4095;3952;4095;4095
4;4095;3952;4095;4095
4;4095;3956;4095;4095
4;4095;3959;4095;4095
4;4095;3957;4095;4095
4;4095;3952;4095;4095
4;4095;3949;4095;4095
4;4095;3950;4095;4095
4;4095;3954;4095;4095
4;4095;3951;4095;4095
4;4095;3953;4095;4095
4;4095;3952;4095;4095
4;4095;3951;4095;4095
4;4095;3954;4095;4095
4;4095;3957;4095;4095
4;4095;3951;4095;4095
4;4095;3954;4095;4095
4;4095;3953;4095;4095
4;4095;3952;4095;4095
4;4095;3958;4095;4095
4;4095;3959;4095;4095
4;4095;3952;4095;4095
4;4095;3949;4095;4095
4;4095;3952;4095;4095
4;4095;3959;4095;4095
4;4095;3958;4095;4095
4;4095;3945;4095;4095
4;4095;3959;4095;4095
4;4095;3953;4095;4095
4;4095;3951;4095;4095
4;4095;3950;4095;4095
4;4095;3926;4095;4095
4;4095;3935;4095;4095
4;4095;3955;4095;4095
4;4095;3952;4095;4095
4;4095;3959;4095;4095
4;4095;3952;4095;4095
4;4095;3958;4095;4095
4;4095;3946;4095;4095
4;4095;3952;4095;4095
4;4095;3955;4095;4095
4;4095;3957;4095;4095
4;4095;3959;4095;4095
4;4095;3947;4095;4095
4;4095;3952;4095;4095
4;4095;3959;4095;4095
4;4095;3951;4095;4095
4;4095;3962;4095;4095
4;4095;3958;4095;4095
4;4095;3952;4095;4095
4;4095;3952;4095;4095
4;4095;3951;4095;4095
4;4095;3943;4095;4095
4;4095;3942;4095;4095
4;4095;3968;4095;4095
4;4095;3946;4095;4095
4;4095;3954;4095;4095
4;4095;3951;4095;4095
4;4095;3946;4095;4095
4;4095;3956;4095;4095
4;4095;3962;4095;4095
4;4095;3946;4095;4095
4;4095;3937;4095;4095
4;4095;3952;4095;4095
4;4095;3951;4095;4095
4;4095;3947;4095;4095
4;4095;3951;4095;4095
4;4095;3954;4095;4095
4;4095;3952;4095;4095
4;4095;3954;4095;4095
4;4095;3957;4095;4095
4;4095;3950;4095;4095
4;4095;3941;4095;4095
4;4095;3952;4095;4095
4;4095;3951;4095;4095
4;4095;3952;4095;4095
4;4095;3951;4095;4095
4;4095;3961;4095;4095
4;4095;3952;4095;4095
4;4095;3940;4095;4095
4;4095;3953;4095;4095
4;4095;3952;4095;4095
4;4095;3939;4095;4095
4;4095;3957;4095;4095
4;4095;3955;4095;4095
4;4095;3947;4095;4095
4;4095;3941;4095;4095
4;4095;3952;4095;4095
4;4095;3962;4095;4095
4;4095;3952;4095;4095
4;4095;3954;4095;4095
4;4095;3953;4095;4095
4;4095;3947;4095;4095
4;4095;3951;4095;4095
4;4095;3959;4095;4095
4;4095;3952;4095;4095
4;4095;3967;4095;4095
4;4095;3951;4095;4095
4;4095;3950;4095;4095
4;4095;3958;4095;4095
4;4095;3952;4095;4095
4;4095;3953;4095;4095
4;4095;3938;4095;4095
4;4095;3955;4095;4095
4;4095;3952;4095;4095
4;4095;3946;4095;4095
4;4095;3936;4095;4095
4;4095;3953;4095;4095
4;4095;3952;4095;4095
4;4095;3955;4095;4095
4;4095;3953;4095;4095
4;4095;3955;4095;4095
4;4095;3949;4095;4095
4;4095;3946;4095;4095
4;4095;3957;4095;4095
4;4095;3953;4095;4095
4;4095;3951;4095;4095
4;4095;3953;4095;4095
4;4095;3955;4095;4095
4;4095;3952;4095;4095
4;4095;3952;4095;4095
4;4095;3951;4095;4095
4;4095;3954;4095;4095
4;4095;3956;4095;4095
4;4095;3951;4095;4095
4;4095;3949;4095;4095
4;4095;3942;4095;4095
4;4095;3951;4095;4095
4;4095;3948;4095;4095
4;4095;3948;4095;4095
4;4095;3952;4095;4095
4;4095;3953;4095;4095
4;4095;3953;4095;4095
4;4095;3952;4095;4095
4;4095;3959;4095;4095
4;4095;3932;4095;4095
4;4095;3949;4095;4095
4;4095;3962;4095;4095
4;4095;3939;4095;4095
4;4095;3930;4095;4095
4;4095;3952;4095;4095
4;4095;3953;4095;4095
4;4095;3949;4095;4095
4;4095;3945;4095;4095
4;4095;3952;4095;4095
4;4095;3956;4095;4095
4;4095;3940;4095;4095
4;4095;3952;4095;4095
4;4095;3970;4095;4095
5;4095;3939;4095;4095
5;4095;3951;4095;4095
5;4095;3934;4095;4095
5;4095;3950;4095;4095
5;4095;3952;4095;4095
5;4095;3965;4095;4095
5;4095;3966;4095;4095
5;4095;3952;4095;4095
5;4095;3952;4095;4095
5;4095;3959;4095;4095
5;4095;3952;4095;4095
5;4095;3942;4095;4095
5;4095;3952;4095;4095
5;4095;3959;4095;4095
5;4095;3949;4095;4095
5;4095;3958;4095;4095
5;4095;3947;4095;4095
5;4095;3955;4095;4095
5;4095;3952;4095;4095
5;4095;3952;4095;4095
5;4095;3949;4095;4095
5;4095;3946;4095;4095
5;4095;3952;4095;4095
5;4095;3951;4095;4095
5;4095;3952;4095;4095
5;4095;3946;4095;4095
5;4095;3952;4095;4095
5;4095;3952;4095;4095
5;4095;3948;4095;4095
5;4095;3952;4095;4095
5;4095;3951;4095;4095
5;4095;3951;4095;4095
5;4095;3949;4095;4095
5;4095;3951;4095;4095
5;4095;3941;4095;4095
5;4095;3939;4095;4095
5;4095;3956;4095;4095
5;4095;3957;4095;4095
5;4095;3941;4095;4095
5;4095;3959;4095;4095
5;4095;3955;4095;4095
5;4095;3953;4095;4095
5;4095;3937;4095;4095
5;4095;3955;4095;4095
5;4095;3970;4095;4095
5;4095;3957;4095;4095
5;4095;3953;4095;4095
5;4095;3955;4095;4095
5;4095;3951;4095;4095
5;4095;3954;4095;4095
5;4095;3955;4095;4095
5;4095;3949;4095;4095
5;4095;3954;4095;4095
5;4095;3952;4095;4095
5;4095;3953;4095;4095
5;4095;3965;4095;4095
5;4095;3956;4095;4095
5;4095;3955;4095;4095
5;4095;3962;4095;4095
5;4095;3952;4095;4095
5;4095;3950;4095;4095
5;4095;3954;4095;4095
5;4095;3943;4095;4095
5;4095;3952;4095;4095
5;4095;3952;4095;4095
5;4095;3957;4095;4095
5;4095;3952;4095;4095
5;4095;3951;4095;4095
5;4095;3952;4095;4095
5;4095;3954;4095;4095
5;4095;3956;4095;4095
5;4095;3955;4095;4095
5;4095;3967;4095;4095
5;4095;3961;4095;4095
5;4095;3954;4095;4095
5;4095;3957;4095;4095
5;4095;3952;4095;4095
5;4095;3956;4095;4095
5;4095;3954;4095;4095
5;4095;3956;4095;4095
5;4095;3950;4095;4095
5;4095;3943;4095;4095
5;4095;3952;4095;4095
5;4095;3952;4095;4095
5;4095;3967;4095;4095
5;4095;3941;4095;4095
5;4095;3952;4095;4095
5;4095;3953;4095;4095
5;4095;3951;4095;4095
5;4095;3952;4095;4095
5;4095;3954;4095;4095
5;4095;3950;4095;4095
5;4095;3959;4095;4095
5;4095;3952;4095;4095
5;4095;3952;4095;4095
5;4095;3950;4095;4095
5;4095;3952;4095;4095
5;4095;3953;4095;4095
5;4095;3949;4095;4095
5;4095;3952;4095;4095
5;4095;3961;4095;4095
5;4095;3953;4095;4095
5;4095;3952;4095;4095
5;4095;3952;4095;4095
5;4095;3949;4095;4095
5;4095;3955;4095;4095
5;4095;3955;4095;4095
5;4095;3965;4095;4095
5;4095;3952;4095;4095
5;4095;3953;4095;4095
5;4095;3955;4095;4095
5;4095;3954;4095;4095
5;4095;3954;4095;4095
5;4095;3951;4095;4095
5;4095;3955;4095;4095
5;4095;3954;4095;4095
5;4095;3950;4095;4095
5;4095;3952;4095;4095
5;4095;3956;4095;4095
5;4095;3952;4095;4095
5;4095;3952;4095;4095
5;4095;3957;4095;4095
5;4095;3956;4095;4095
5;4095;3946;4095;4095
5;4095;3951;4095;4095
5;4095;3955;4095;4095
5;4095;3952;4095;4095
5;4095;3957;4095;4095
5;4095;3962;4095;4095
5;4095;3951;4095;4095
5;4095;3952;4095;4095
5;4095;3952;4095;4095
5;4095;3949;4095;4095
5;4095;3952;4095;4095
5;4095;3952;4095;4095
5;4095;3965;4095;4095
5;4095;3952;4095;4095
5;4095;3955;4095;4095
5;4095;3949;4095;4095
5;4095;3952;4095;4095
5;4095;3956;4095;4095
5;4095;3952;4095;4095
5;4095;3963;4095;4095
5;4095;3948;4095;4095
5;4095;3959;4095;4095
5;4095;3979;4095;4095
5;4095;3952;4095;4095
5;4095;3955;4095;4095
5;4095;3959;4095;4095
5;4095;3963;4095;4095
5;4095;3955;4095;4095
5;4095;3949;4095;4095
5;4095;3957;4095;4095
5;4095;3955;4095;4095
5;4095;3954;4095;4095
5;4095;3947;4095;4095
5;4095;3963;4095;4095
