1;3266;2960;3795;4029
1;3273;2970;3801;4031
1;3259;2962;3803;4018
1;3279;2971;3806;4037
1;3270;2965;3811;4038
1;3280;2972;3810;4041
1;3265;2961;3810;4043
1;3271;2961;3801;4034
1;3268;2960;3782;4033
1;3261;2962;3798;4022
1;3281;2973;3795;4036
1;3276;2960;3793;4033
1;4095;4095;4095;4095
1;3328;3039;3866;4059
1;3445;3166;3889;4095
1;4095;4095;4095;4095
1;3450;3145;3856;4095
1;4095;4095;4095;4095
1;3255;2957;3776;4035
1;3612;3399;3947;4095
1;3234;2929;3776;3999
1;3411;3138;3897;4094
1;3454;3166;3952;4095
1;3327;3031;3841;4059
1;3391;3100;3846;4094
1;3376;3090;3840;4077
1;3283;2984;3824;4033
1;2862;2602;3312;3437
1;3291;2982;3884;4045
1;3047;2786;3596;3728
1;2896;2644;3382;3494
1;3084;2800;3633;3769
1;3168;2887;3726;3863
1;3177;2883;3715;3850
1;3440;3148;3946;4080
1;3249;2949;3819;4004
1;3068;2807;3715;3967
1;3216;2911;3713;3979
1;3248;2933;3769;4031
1;3259;2956;3776;4038
1;3376;3066;3856;4091
1;4095;4095;4095;4095
1;4095;4095;4095;4095
1;4095;4095;4095;4095
1;3190;2903;3721;3899
1;4095;4095;4095;4095
1;3136;2880;3568;3787
1;3120;2832;3607;3843
1;3026;2815;3442;3538
1;2999;2749;3558;3683
1;4095;4095;4095;4095
1;3225;2916;3861;4016
1;2998;2718;3554;3671
1;3041;2785;3615;3747
1;3039;2768;3602;3764
1;3054;2772;3605;3762
1;3057;2785;3632;3771
1;3061;2784;3629;3767
1;4095;4095;4095;4095
1;3135;2847;3730;3863
1;4095;4095;4095;4095
1;4095;4095;4095;4095
1;4095;4095;4095;4095
1;4095;4095;4095;4095
1;4095;4095;4095;4095
1;4095;4095;4095;4095
1;4095;4095;4095;4095
1;4095;4095;4095;4095
1;3278;2981;3887;4022
1;3248;2939;3888;4041
1;3013;2741;3571;3707
1;3226;2925;3856;3982
1;3252;2944;3896;4045
1;3148;2851;3759;3841
1;3280;2960;3887;4026
1;3205;2910;3836;3975
1;3264;2960;3883;4022
1;3234;2928;3856;3999
1;3251;2955;3882;4007
1;3239;2928;3870;4007
1;3230;2927;3871;4019
1;3218;2915;3874;4021
1;3051;2786;3625;3739
1;3230;2913;3873;4032
1;3219;2917;3877;4018
1;3230;2922;3877;4016
1;3219;2903;3866;4010
1;2976;2705;3523;3646
1;2870;2636;3373;3538
1;2801;2529;3279;3379
1;3146;2858;3744;3873
1;2911;2631;3380;3303
1;3094;2804;3687;3829
1;3223;2919;3867;4024
1;3087;2803;3678;3810
1;2915;2654;3429;3549
1;3216;2907;3850;4003
1;3216;2915;3862;3987
1;3221;2908;3859;4000
1;3003;2746;3593;3729
1;3173;2868;3790;3935
1;3058;2774;3630;3760
1;3162;2862;3781;3920
1;3055;2767;3631;3761
1;3033;2765;3618;3741
1;3125;2832;3729;3875
1;3024;2759;3638;3741
1;3191;2895;3822;3970
1;3195;2896;3824;3967
1;3189;2884;3822;3962
1;3184;2880;3809;3953
1;3184;2887;3805;3935
1;3186;2891;3807;3954
1;3185;2880;3794;3939
1;3168;2864;3785;3921
1;2951;2688;3474;3591
1;3024;2757;3578;3706
1;3098;2813;3664;3810
1;3149;2851;3758;3897
1;3232;2929;3874;4011
1;3148;2864;3759;3891
1;3206;2906;3825;3970
1;3129;2835;3734;3856
1;3189;2886;3792;3929
1;3232;2929;3842;4006
1;3215;2907;3824;3965
1;3087;2819;3663;3811
1;3083;2800;3653;3795
1;3094;2811;3677;3807
1;3056;2767;3629;3746
1;3086;2806;3659;3798
1;3141;2834;3743;3866
1;3109;2831;3698;3839
1;3109;2804;3683;3831
1;3132;2833;3718;3858
1;3156;2862;3761;3903
1;3125;2827;3698;3861
1;3139;2845;3734;3879
1;3057;2779;3632;3754
1;3079;2794;3655;3775
1;3159;2861;3765;3903
1;3028;2765;3598;3752
1;3175;2869;3789;3937
1;3220;2915;3861;4011
1;3217;2918;3855;4002
1;3212;2901;3857;3987
1;3188;2895;3817;3957
1;3130;2838;3730;3873
1;3089;2803;3678;3830
1;3104;2819;3685;3817
1;3039;2762;3578;3743
1;3041;2768;3625;3757
1;3040;2765;3581;3732
1;3153;2851;3755;3884
1;3146;2838;3767;3896
1;3133;2842;3735;3859
1;3136;2842;3728;3873
1;3093;2807;3678;3813
1;3003;2729;3545;3684
1;3137;2848;3750;3888
1;3130;2841;3728;3852
1;3131;2833;3724;3870
1;3057;2775;3632;3803
1;3051;2775;3623;3747
1;3071;2787;3639;3775
1;3111;2811;3683;3811
1;3120;2830;3718;3874
1;3104;2815;3694;3830
1;3099;2807;3687;3822
1;3151;2851;3751;3923
1;3148;2846;3742;3888
1;2979;2713;3526;3657
1;3056;2773;3625;3755
1;3109;2828;3713;3856
1;3088;2800;3675;3803
1;3157;2864;3773;3914
1;3183;2879;3801;3949
1;3174;2874;3792;3902
1;3184;2874;3787;3927
1;3159;2862;3782;3919
1;3135;2839;3733;3874
1;3173;2869;3776;3921
1;3172;2871;3809;3927
1;3181;2873;3781;3920
1;3184;2885;3795;3935
1;3109;2815;3690;3837
1;3086;2794;3664;3792
1;3113;2827;3698;3823
1;3119;2816;3713;3856
1;3065;2789;3662;3775
1;3141;2854;3732;3878
1;3121;2827;3745;3854
1;3153;2870;3793;3926
1;3169;2865;3778;3925
1;3158;2864;3775;3918
1;3159;2861;3770;3911
1;3173;2878;3789;3925
1;3165;2875;3792;3929
1;3180;2874;3793;3933
1;3181;2878;3789;3925
1;3173;2875;3791;3936
1;3178;2865;3797;3925
1;3171;2878;3797;3923
1;3168;2870;3785;3919
1;3163;2880;3795;3925
1;3167;2868;3785;3920
1;3158;2867;3783;3910
1;3168;2880;3782;3939
1;3179;2880;3797;3926
1;3189;2886;3803;3942
1;3186;2885;3801;3952
1;3187;2892;3807;3952
1;3190;2895;3814;3952
1;3201;2893;3824;3958
1;3189;2889;3813;3948
1;3219;2915;3866;4001
1;3231;2927;3878;4010
1;3236;2928;3883;4032
1;3248;2929;3883;4016
1;3235;2928;3878;4025
1;3235;2929;3877;4020
1;3248;2928;3884;4032
1;3245;2926;3883;4020
1;3245;2934;3879;4032
1;3242;2928;3888;4023
1;3246;2933;3883;4037
1;3245;2931;3888;4022
1;3243;2927;3883;4035
1;3242;2930;3879;4026
1;3241;2929;3887;4030
1;3248;2930;3856;4041
1;3249;2928;3882;4029
1;3237;2925;3885;4023
1;3245;2928;3843;4019
1;3244;2930;3888;4030
1;3235;2925;3879;4022
1;3236;2928;3883;4019
1;3231;2923;3883;4031
1;3248;2925;3888;4032
1;3227;2935;3879;4018
1;3234;2926;3881;4030
1;3239;2931;3879;4043
1;3237;2927;3875;4031
1;3229;2923;3883;4017
1;3237;2927;3886;4021
1;3232;2925;3873;4019
1;3233;2916;3873;4027
1;3230;2922;3882;4016
1;3237;2926;3882;4030
1;3235;2922;3877;4029
1;3235;2910;3902;4031
1;3241;2926;3881;4032
1;3234;2928;3903;4029
1;3247;2931;3888;4048
1;3239;2926;3888;4037
1;3238;2928;3897;4031
1;3243;2934;3881;4023
1;3235;2926;3891;4029
1;3238;2922;3887;4016
1;3241;2928;3883;4033
1;3247;2927;3888;4011
1;3241;2921;3883;4025
1;3238;2923;3888;4030
1;3233;2927;3888;4041
1;3242;2927;3883;4037
1;3236;2932;3890;4030
1;3243;2928;3885;4032
1;3235;2927;3884;4028
1;3246;2922;3887;4037
1;3239;2925;3866;4016
1;3234;2928;3883;4041
1;3230;2928;3884;4026
1;3241;2926;3881;4034
1;3221;2919;3881;4035
1;3237;2926;3879;4044
1;3236;2923;3883;4026
1;3234;2920;3889;4027
1;3231;2923;3879;4036
1;3237;2927;3879;4032
1;3234;2926;3879;4032
1;3234;2927;3886;4032
1;3233;2918;3888;4032
1;3243;2925;3882;4031
1;3232;2927;3868;4031
1;3238;2919;3886;4030
1;3235;2928;3882;4032
1;3238;2928;3901;4030
1;3234;2928;3883;4034
1;3225;2927;3882;4032
1;3240;2916;3877;4037
1;3237;2911;3885;4030
1;3235;2927;3880;4023
1;3233;2922;3883;4036
1;3236;2924;3873;4043
1;3248;2927;3888;4032
1;3242;2931;3884;4034
1;3235;2903;3885;4027
1;3231;2913;3898;4033
1;3231;2926;3875;4047
1;3231;2912;3881;4037
1;3229;2923;3894;4031
1;3229;2927;3881;4061
1;3229;2928;3895;4034
1;3238;2926;3883;4019
1;3235;2919;3883;4026
1;3238;2923;3863;4029
1;3238;2925;3869;4027
1;3234;2933;3870;4023
1;3233;2928;3888;4031
1;3237;2918;3889;4039
1;3234;2926;3888;4030
1;3235;2926;3890;4034
1;3227;2923;3885;4032
1;3237;2922;3877;4035
1;3236;2923;3879;4031
1;3231;2928;3894;4033
1;3243;2927;3889;4037
1;3238;2919;3891;4019
1;3233;2927;3874;4018
1;3236;2928;3893;4029
2;3235;2923;3887;4033
2;3239;2916;3883;4032
2;3243;2928;3888;4021
2;3248;2928;3887;4027
2;3245;2929;3889;4027
2;3242;2928;3885;4039
2;3245;2931;3888;4016
2;3238;2922;3893;4037
2;3242;2947;3897;4035
2;3236;2933;3888;4007
2;3248;2933;3887;4047
2;3248;2928;3904;4023
2;3249;2927;3888;4034
2;3242;2925;3891;4043
2;3238;2930;3893;4023
2;3244;2928;3879;4029
2;3239;2928;3911;4043
2;3243;2928;3888;4037
2;3242;2931;3883;4034
2;3241;2925;3888;4059
2;3240;2929;3887;4045
2;3235;2928;3888;4032
2;3239;2928;3871;4037
2;3243;2928;3888;4031
2;3237;2927;3876;4027
2;3237;2925;3896;4033
2;3239;2927;3888;4040
2;3227;2919;3894;4039
2;3242;2922;3888;4037
2;3226;2927;3888;4016
2;3234;2918;3879;4033
2;3227;2914;3898;4031
2;3236;2914;3888;4027
2;3242;2927;3889;4033
2;3233;2931;3887;4034
2;3239;2925;3886;4023
2;3241;2928;3887;4047
2;3245;2932;3771;4054
2;3218;2903;3717;3984
2;4095;4095;4095;4095
2;4095;4095;4095;4095
2;3227;2923;3763;4048
2;3222;2912;3756;4023
2;3223;2911;3760;4039
2;3227;2917;3775;4033
2;3232;2921;3761;4030
2;3222;2909;3753;4030
2;3041;2759;3523;3749
2;3008;2737;3482;3690
2;3184;2871;3795;3955
2;2894;2622;3376;3506
2;2934;2640;3470;3589
2;3203;2882;3824;3963
2;3125;2825;3722;3858
2;3205;2900;3851;4010
2;3204;2896;3846;3967
2;2753;2485;3133;3323
2;3184;2878;3819;3973
2;2603;2378;2977;3142
2;3185;2867;3795;3943
2;3239;2933;3447;3984
2;3295;2986;526;4057
2;3312;3000;69;4059
2;3291;2987;80;4054
2;3379;3116;201;4095
2;3376;3086;371;4087
2;3252;2942;1953;4048
2;3328;3011;2708;4065
2;3249;2930;2865;4048
2;3249;2929;2979;4033
2;3269;2962;3027;4049
2;3275;2974;2971;4063
2;3286;2995;2960;4061
2;3243;2929;2992;4028
2;3262;2959;3024;4039
2;3255;2951;3024;4036
2;3277;2960;3021;4051
2;3425;3138;3024;4095
2;3475;3200;2977;4095
2;3505;3243;2800;4095
2;3494;3207;2865;4095
2;3537;3277;2928;4095
2;3491;3216;2780;4095
2;3409;3120;2736;4095
2;3418;3139;2835;4095
2;3328;3019;2306;4095
2;3364;3056;423;4093
2;3306;3002;2359;4065
2;3340;3054;1744;4079
2;3295;2992;1087;4070
2;3307;3001;1021;4067
2;3318;3008;1605;4071
2;3318;3008;1333;4051
2;3323;3029;1653;4073
2;3280;2977;1937;4065
2;3287;2975;1778;4063
2;3270;2962;1631;4048
2;3287;2973;1452;4059
2;3265;2951;1635;4045
2;3263;2950;1412;4048
2;4095;4095;1571;4095
2;3281;2951;1370;4045
2;3259;2955;1283;4039
2;3299;2996;1332;4074
2;3378;3084;1312;4094
2;3280;2967;1325;4050
2;3275;2961;1428;4053
2;3299;2983;1574;4049
2;3362;3082;1457;4095
2;3277;2960;1633;4052
2;3289;2971;1493;4050
2;3287;2981;1366;4077
2;3263;2954;1340;4055
2;3311;2998;1393;4067
2;4095;4095;1561;4095
2;4095;4095;1455;4095
2;4095;4095;1520;4095
2;4095;4095;1610;4095
2;3615;3349;1770;4095
2;4095;4095;2016;4095
2;3545;3269;2512;4095
2;3645;3367;2613;4095
2;3568;3290;2583;4095
2;3438;3141;2653;4095
2;3580;3322;2196;4095
2;3344;3050;2456;4080
2;3310;2992;2767;4074
2;3267;2954;2787;4054
2;3291;2976;2799;4066
2;3274;2959;2896;4049
2;3263;2941;2820;4048
2;3257;2938;2198;4078
2;3239;2929;2526;4049
2;3281;2966;2395;4067
2;3233;2919;2527;4048
2;3252;2934;2583;4048
2;3259;2940;2737;4048
2;4095;4095;2770;4095
2;4095;4095;3216;4095
2;4095;4095;3394;4095
2;4095;4095;3494;4095
2;4095;4095;3622;4095
2;4095;4095;3748;4095
2;4095;4095;3842;4095
2;4095;4095;3398;4095
2;4095;4095;3695;4095
2;3632;3379;3369;4095
2;4095;4095;3626;4095
2;4095;4095;3856;4095
2;3259;2950;3415;4045
2;3310;3007;3509;4080
2;3799;3631;3716;4095
2;3312;3003;3445;4067
2;3265;2958;3162;4048
2;3268;2960;3152;4066
2;3280;2963;3184;4057
2;3265;2955;3120;4066
2;3252;2941;3155;4048
2;3261;2943;3095;4049
2;3250;2946;3130;4071
2;3309;3005;3314;4069
2;4095;4095;3746;4095
2;3259;2942;3298;4039
2;3261;2957;3522;4059
2;3280;2969;3567;4061
2;3261;2944;2855;4048
2;3297;2985;2903;4076
2;3255;2947;2915;4055
2;3248;2937;2748;4042
2;3249;2935;2878;4057
2;3257;2945;2985;4048
2;3383;3090;3302;4095
2;3357;3062;3264;4090
2;3278;2959;3312;4059
2;3523;3253;3266;4095
2;3264;2950;3184;4048
2;3297;2989;3216;4052
2;4095;4095;3614;4095
2;3258;2943;3127;4058
2;3266;2957;3197;4059
2;3260;2947;3121;4053
2;3255;2928;3178;4048
2;3251;2937;3154;4045
2;3242;2928;3274;4043
2;3242;2930;3173;4033
2;3226;2924;3179;4043
2;3243;2933;3274;4037
2;3248;2927;3193;4039
2;3248;2933;3159;4048
2;3238;2926;3179;4054
2;3248;2925;3089;4042
2;3247;2935;3137;4038
2;3248;2928;3090;4039
2;3248;2933;3077;4048
2;3258;2931;3070;4049
2;3250;2933;3123;4051
2;3238;2931;3078;4036
2;3243;2929;3117;4043
2;3247;2934;3056;4031
2;3248;2937;3125;4036
2;3262;2929;3057;4048
2;3248;2930;3191;4038
2;3249;2931;3193;4038
2;3247;2935;3198;4047
2;3248;2934;3162;4043
2;3253;2940;3179;4051
2;3245;2931;3231;4048
2;3249;2935;3238;4041
2;3251;2930;3234;4036
2;3235;2930;3243;4042
2;3251;2929;3174;4048
2;3243;2931;3205;4048
2;3248;2931;3195;4043
2;3251;2943;3233;4048
2;3269;2947;3216;4048
2;3261;2944;3313;4041
2;3266;2947;3210;4053
2;3257;2939;3231;4049
2;3255;2943;3200;4043
2;3257;2939;3280;4059
2;3248;2935;3216;4038
2;3248;2935;3226;4046
2;3253;2938;3119;4047
2;3254;2946;3170;4043
2;3259;2938;3171;4034
2;3255;2944;3114;4036
2;3258;2934;3109;4048
2;3248;2932;3136;4048
2;3248;2929;3091;4060
2;3251;2943;3120;4058
2;3253;2939;3061;4046
2;3273;2954;3126;4065
3;3268;2960;3136;4062
3;3275;2954;3169;4053
3;3265;2955;3152;4049
3;3275;2946;3161;4048
3;3261;2942;3071;4053
3;3251;2941;3111;4061
3;3252;2938;3120;4071
3;3249;2942;3096;4061
3;3259;2943;3098;4047
3;3254;2941;3059;4048
3;3255;2938;3056;4048
3;3248;2929;3152;4042
3;3245;2931;3119;4041
3;3252;2944;3145;4062
3;3248;2935;3091;4048
3;3259;2934;3139;4047
3;3255;2928;3027;4054
3;3249;2935;3127;4048
3;3252;2947;3104;4047
3;3251;2953;3110;4051
3;3251;2935;3093;4048
3;3312;2995;3136;4073
3;3267;2951;3086;4054
3;3246;2934;3127;4048
3;3280;2966;3088;4059
3;3248;2933;3139;4064
3;3238;2919;3095;4052
3;3242;2928;3135;4047
3;3248;2928;3159;4040
3;3245;2928;3231;4037
3;3239;2925;3181;4041
3;3235;2922;3211;4059
3;3247;2941;3143;4048
3;3237;2927;3133;4044
3;3248;2926;3280;4027
3;3239;2928;3280;4049
3;3234;2928;3223;4048
3;3247;2924;3280;4049
3;3230;2919;3245;4045
3;3237;2926;3223;4045
3;3238;2935;3196;4045
3;3250;2944;3291;4048
3;3246;2930;3209;4067
3;3261;2944;3277;4052
3;3249;2928;3223;4050
3;3246;2931;3286;4055
3;3238;2943;3231;4055
3;3249;2941;3233;4047
3;3250;2934;3230;4045
3;3255;2943;3322;4050
3;3258;2938;3241;4048
3;3253;2939;3246;4048
3;3248;2929;3248;4045
3;3255;2933;3254;4051
3;3257;2929;3189;4039
3;3251;2938;3259;4055
3;3244;2930;3223;4055
3;3251;2939;3293;4043
3;3275;2970;3247;4071
3;3243;2937;3269;4034
3;3248;2935;3216;4044
3;3269;2928;3315;4065
3;3251;2934;3147;4043
3;3277;2966;3270;4067
3;3264;2948;3229;4045
3;3262;2959;3280;4046
3;3270;2961;3255;4053
3;3271;2960;3280;4054
3;3266;2944;3265;4051
3;3265;2960;3303;4055
3;3271;2955;3257;4054
3;3303;2993;3305;4065
3;3300;2989;3251;4079
3;3312;2994;3248;4075
3;3267;2959;3163;4048
3;3255;2937;3187;4051
3;3264;2950;3175;4058
3;3251;2943;3221;4060
3;3268;2957;3149;4050
3;3264;2945;3184;4058
3;3248;2944;3147;4049
3;3248;2938;3152;4048
3;3264;2927;3133;4048
3;3252;2930;3159;4019
3;3250;2944;3119;4047
3;3251;2937;3157;4055
3;3239;2935;3098;4042
3;3263;2941;3169;4065
3;3238;2931;3102;4041
3;3237;2929;3139;4033
3;3245;2939;3105;4053
3;3279;2961;3156;4056
3;3248;2934;3095;4048
3;3248;2923;3144;4048
3;3255;2935;3151;4062
3;3244;2942;3151;4046
3;3255;2943;3099;4048
3;3248;2945;3136;4047
3;3274;2961;3101;4057
3;3279;2960;3143;4048
3;3280;2971;3090;4069
3;3268;2956;3123;4048
3;3296;2987;3083;4073
3;3273;2963;3163;4059
3;3262;2956;3095;4054
3;3266;2943;3142;4053
3;3280;2964;3117;4071
3;3277;2963;3142;4059
3;3279;2961;3111;4048
3;3260;2960;3126;4059
3;3278;2956;3099;4057
3;3279;2972;3123;4058
3;3267;2963;3091;4067
3;3254;2950;3125;4049
3;3267;2961;3111;4069
3;3269;2960;3173;4055
3;3269;2948;3126;4057
3;3267;2963;3139;4067
3;3265;2951;3093;4051
3;3280;2962;3143;4068
3;3264;2970;3120;4063
3;3306;2992;3129;4079
3;3293;2972;3091;4062
3;3280;2975;3129;4069
3;3269;2960;3088;4077
3;3287;2986;3127;4061
3;3287;2985;3112;4048
3;3285;2960;3136;4051
3;3333;3031;3120;4095
3;3268;2955;3153;4064
3;3272;2970;3103;4060
3;3281;2957;3162;4061
3;3281;2962;3125;4054
3;3284;2976;3158;4063
3;3264;2953;3138;4048
3;3262;2961;3242;4061
3;3293;2986;3154;4067
3;3278;2962;3201;4062
3;3261;2961;3191;4064
3;3281;2965;3182;4051
3;3281;2966;3195;4061
3;3280;2972;3207;4063
3;3264;2963;3212;4065
3;3280;2974;3175;4048
3;3280;2974;3203;4073
3;3275;2960;3184;4052
3;3280;2967;3201;4055
3;3281;2971;3221;4080
3;3283;2972;3132;4048
3;3279;2977;3182;4066
3;3282;2980;3185;4067
3;3283;2974;3191;4063
3;3303;2990;3162;4068
3;3309;2992;3207;4066
3;3282;2971;3195;4059
3;3293;2985;3216;4082
3;3301;2974;3187;4077
3;3307;2989;3169;4067
3;3301;2991;3191;4077
3;3305;2993;3196;4067
3;3301;2983;3184;4065
3;3280;2988;3184;4077
3;3301;2991;3174;4068
3;3291;2989;3214;4061
3;3297;2993;3170;4066
3;3299;2989;3210;4056
3;3259;2940;3216;4047
3;3248;2937;3265;4043
3;3226;2931;3283;4043
3;3248;2932;3345;4042
3;3239;2930;3342;4054
3;3248;2928;3370;4048
3;3247;2919;3339;4059
3;3243;2929;3338;4049
3;3250;2928;3259;4048
3;3251;2929;3320;4046
3;3241;2928;3249;4049
3;3241;2927;3239;4044
3;3249;2936;3226;4061
3;3248;2928;3234;4054
3;3248;2928;3211;4042
3;3251;2927;3248;4048
3;3306;2994;3328;4090
3;3341;3035;3323;4080
3;3280;2956;3245;4059
3;3265;2946;3184;4055
3;3262;2958;3137;4039
3;3267;2940;3195;4051
3;3253;2944;3120;4051
3;3254;2946;3120;4053
3;3249;2926;3120;4066
3;3259;2954;3120;4063
3;3252;2941;3071;4067
3;3273;2951;3120;4048
3;3260;2942;3099;4048
3;3264;2950;3113;4049
3;3263;2949;3103;4069
3;3263;2955;3125;4066
3;3265;2949;3098;4055
3;3261;2949;3166;4029
3;3254;2955;3157;4055
3;3257;2938;3171;4065
3;3255;2951;3156;4057
3;3257;2943;3171;4049
3;3264;2943;3143;4048
3;3255;2942;3130;4058
3;3254;2946;3110;4061
3;3269;2943;3168;4061
3;3270;2960;3206;4047
3;3265;2959;3197;4053
3;3263;2946;3152;4058
3;3264;2948;3159;4053
3;3267;2958;3119;4051
3;3260;2971;3263;4065
3;3264;2950;3233;4061
3;3272;2954;3249;4056
3;3261;2947;3233;4059
3;3267;2947;3280;4067
3;3266;2954;3233;4053
3;3262;2951;3235;4058
3;3259;2951;3191;4060
3;3261;2948;3184;4080
3;3265;2945;3229;4057
3;3263;2947;3210;4062
3;3260;2949;3215;4073
3;3261;2950;3248;4067
3;3265;2944;3203;4048
3;3269;2958;3250;4054
3;3262;2947;3213;4062
3;3254;2947;3232;4056
3;3259;2946;3197;4050
3;3263;2941;3226;4055
3;3264;2940;3179;4059
3;3265;2931;3346;4070
3;3271;2950;3114;4069
3;3247;2934;2915;4069
3;3259;2930;2938;4058
3;3264;2947;3017;4064
3;3242;2938;2923;4054
3;3248;2942;3651;4058
4;3263;2949;3449;4051
4;3250;2947;3423;4056
4;3290;2959;3386;4064
4;3271;2947;3367;4059
4;3270;2946;3377;4055
4;3267;2946;3394;4048
4;3250;2943;3619;4048
4;3251;2930;3394;4047
4;3246;2934;3457;4047
4;3251;2928;3536;4048
4;3254;2930;3413;4054
4;3245;2937;3516;4054
4;3248;2937;3494;4049
4;3246;2928;3475;4057
4;3248;2934;3555;4059
4;3251;2929;3616;4051
4;3250;2931;3445;4053
4;3262;2934;3504;4052
4;3267;2951;3444;4051
4;3249;2943;3470;4043
4;3275;2959;3454;4058
4;3293;2978;3466;4066
4;3282;2973;3483;4063
4;3391;3099;3473;4095
4;3280;2970;3353;4066
4;3259;2947;3392;4062
4;3273;2953;3473;4067
4;3255;2939;3429;4048
4;3248;2942;3372;4056
4;3253;2934;3437;4050
4;3309;2998;3455;4069
4;3404;3109;3408;4095
4;3280;2959;3363;4054
4;4095;4095;3803;4095
4;4095;4095;3870;4095
4;4095;4095;3871;4095
4;4095;4095;3793;4095
4;3308;2982;3393;4072
4;3289;2975;3354;4067
4;3252;2937;3472;4048
4;3257;2929;3475;4055
4;3259;2955;3405;4054
4;4095;4095;3814;4095
4;3264;2946;3330;4059
4;3278;2962;3296;4057
4;4095;4095;4003;4095
4;3839;3651;3792;4095
4;3253;2940;3537;4065
4;3317;3003;3468;4081
4;3276;2961;3400;4063
4;3273;2958;3501;4069
4;3295;2981;3517;4062
4;3273;2964;3475;4065
4;4095;4095;3967;4095
4;4095;4095;3944;4095
4;4095;4095;3979;4095
4;3350;3053;3642;4095
4;3365;3056;3667;4095
4;3424;3145;3422;4095
4;3809;3595;3538;4095
4;4095;4095;3765;4095
4;3706;3461;3645;4095
4;4095;4095;3840;4095
4;3605;3310;3537;4095
4;3262;2946;3355;4064
4;3267;2957;3437;4061
4;3264;2949;3334;4058
4;3250;2947;3406;4048
4;3253;2948;3346;4048
4;3273;2944;3388;4033
4;3290;2990;3318;4067
4;4095;4095;3752;4095
4;3277;2971;3300;4067
4;4095;4095;3842;4095
4;4095;4095;3906;4095
4;4095;4095;3894;4095
4;4095;4095;3858;4095
4;4095;4095;3842;4095
4;4095;4095;3759;4095
4;4095;4095;3689;4095
4;4095;4095;3792;4095
4;4095;4095;3160;4095
4;4095;4095;3283;4095
4;4095;4095;3341;4095
4;4095;4095;3372;4095
4;4095;4095;3378;4095
4;4095;4095;3392;4095
4;4095;4095;3386;4095
4;3763;3527;3175;4095
4;3470;3184;3086;4095
4;3925;3742;3186;4095
4;3389;3088;3052;4095
4;3411;3114;2994;4095
4;3555;3299;3520;4095
4;3504;3225;3407;4095
4;3280;2961;3403;4055
4;3568;3311;3375;4095
4;3249;2939;3106;4050
4;3248;2939;3089;4049
4;3250;2934;3165;4059
4;3249;2935;3150;4050
4;3280;2974;3462;4063
4;3265;2944;3385;4049
4;3295;2997;3431;4074
4;3369;3057;3303;4095
4;3271;2949;3346;4055
4;3376;3088;3513;4095
4;3281;2976;3397;4075
4;3408;3109;3344;4095
4;3338;3035;3344;4087
4;3335;3043;3347;4091
4;3362;3070;3352;4093
4;3409;3115;3417;4095
4;3430;3141;3374;4095
4;3357;3053;3408;4091
4;3357;3055;3374;4095
4;3425;3147;3430;4095
4;3385;3098;3383;4095
4;3345;3039;3357;4091
4;3328;3019;3328;4083
4;3307;3006;3377;4075
4;3339;3027;3381;4083
4;3332;3005;3346;4078
4;3319;3010;3382;4079
4;3315;3015;3402;4076
4;3311;3000;3379;4078
4;3307;3002;3411;4074
4;3316;3021;3392;4079
4;3300;3005;3397;4074
4;3307;3000;3481;4073
4;3252;2938;3011;4049
4;3266;2951;3449;4061
4;3243;2928;3437;4050
4;3247;2925;3504;4037
4;3241;2926;3515;4047
4;3239;2926;3536;4042
4;3247;2925;3632;4053
4;3236;2925;3697;4059
4;3242;2918;3648;4038
4;3243;2914;3648;4058
4;3241;2923;3637;4063
4;3243;2926;3536;4021
4;3233;2926;3543;4037
4;3246;2925;3527;4034
4;3247;2927;3479;4051
4;3275;2971;3229;4077
4;3239;2926;3181;4048
4;3274;2972;3494;4058
4;3282;2977;3461;4077
4;3259;2945;3522;4053
4;3302;2983;3494;4071
4;3271;2957;3499;4059
4;3265;2960;3611;4064
4;3285;2971;3521;4067
4;3285;2969;3466;4065
4;3292;2981;3554;4079
4;3281;2976;3472;4055
4;3282;2974;3559;4069
4;3287;2978;3559;4074
4;3291;2978;3573;4066
4;3271;2958;3562;4063
4;3284;2963;3569;4065
4;3278;2967;3606;4059
4;3276;2965;3610;4070
4;3262;2953;3632;4059
4;3257;2946;3648;4058
4;3285;2978;3638;4071
4;3248;2928;3648;4053
4;3309;3005;3622;4068
4;3307;3002;3622;4078
4;3282;2969;3563;4067
4;3307;2999;3598;4062
4;3280;2966;3555;4061
4;3264;2950;3528;4079
4;3266;2960;3568;4061
4;3285;2977;3631;4077
4;3341;3042;3676;4095
4;3282;2969;3573;4063
4;3312;3009;3599;4087
4;3295;2977;3605;4074
4;3312;2992;3651;4069
4;3315;3018;3655;4077
4;3291;2979;3630;4052
4;3315;2999;3653;4093
4;3290;2978;3631;4080
4;3303;2996;3691;4059
4;3299;2994;3648;4082
4;3318;3015;3695;4085
4;3312;3012;3609;4081
4;3327;3018;3675;4095
4;3317;3005;3671;4077
4;3327;3015;3705;4080
4;3338;3028;3693;4095
4;3330;3019;3721;4091
4;3357;3051;3685;4095
4;3347;3041;3680;4095
4;3328;3033;3639;4092
4;3337;3027;3635;4084
4;3397;3102;3648;4095
4;3334;3023;3664;4089
4;3322;3010;3639;4095
4;3312;3006;3571;4063
4;3297;2989;3649;4081
4;3315;2992;3678;4079
4;3294;2981;3662;4079
4;3293;2983;3660;4080
4;3291;2991;3664;4084
4;3309;3005;3709;4077
4;3253;2944;3564;4063
4;3279;2955;3583;4064
4;3251;2937;3598;4057
4;3250;2935;3614;4054
4;3264;2947;3598;4064
4;3261;2944;3630;4054
4;3242;2929;3601;4059
4;3245;2925;3626;4054
4;3257;2938;3602;4048
4;3259;2950;3637;4041
4;3285;2970;3569;4065
4;3312;3009;3643;4081
4;3279;2961;3599;4079
4;3269;2960;3600;4068
4;3295;2992;3601;4080
4;3345;3024;3664;4081
4;3309;3003;3598;4089
4;3312;2997;3681;4073
4;3369;3062;3713;4095
4;3338;3012;3696;4091
4;3360;3056;3738;4087
4;3331;3035;3711;4059
4;3332;3029;3650;4071
4;3344;3039;3746;4095
4;3300;2992;3641;4066
4;3312;3003;3654;4090
4;3313;2997;3635;4080
4;3322;3019;3696;4089
4;3312;3003;3671;4075
4;3287;2979;3648;4080
4;3280;2977;3605;4064
4;3287;2978;3629;4063
4;3285;2975;3605;4082
4;3291;2970;3658;4073
4;3324;2994;3609;4080
4;3297;2976;3664;4085
4;3304;2992;3614;4081
4;3298;2985;3657;4067
4;3307;2994;3659;4075
4;3309;2996;3664;4080
4;3313;3002;3667;4080
4;3329;3014;3710;4086
4;3322;3014;3665;4082
4;3317;3005;3667;4086
4;3312;3003;3646;4087
4;3327;3015;3675;4082
4;3321;3020;3648;4092
4;3331;3015;3695;4071
4;3329;3009;3675;4084
4;3376;3056;3719;4095
4;3376;3090;3629;4095
4;3383;3095;3663;4095
4;3440;3152;3694;4095
4;3407;3107;3696;4095
4;3374;3063;3634;4095
4;3349;3029;3639;4094
4;3349;3052;3616;4095
4;3344;3031;3646;4095
4;3338;3041;3635;4081
4;3401;3095;3667;4095
4;3383;3063;3650;4095
4;3408;3113;3717;4095
4;3362;3056;3655;4095
4;3412;3116;3702;4095
4;3328;3017;3652;4095
4;3354;3056;3679;4095
4;3345;3045;3675;4081
4;3345;3045;3713;4095
4;3381;3071;3711;4087
4;3389;3088;3728;4095
4;3467;3184;3748;4095
4;3458;3167;3745;4095
4;3425;3126;3648;4095
4;3444;3155;3691;4095
4;3502;3215;3706;4095
4;3424;3141;3681;4095
5;3535;3247;3687;4095
5;3349;3056;3622;4087
5;3275;2954;3559;4058
5;3291;2976;3607;4061
5;3307;2992;3600;4080
5;3322;3025;3632;4085
5;3330;3019;3629;4079
5;3341;3026;3633;4078
5;3277;2963;3603;4080
5;3264;2954;3539;4061
5;3253;2941;3583;4062
5;3243;2925;3533;4047
5;3245;2923;3574;4048
5;3243;2923;3601;4051
5;3253;2927;3590;4043
5;3241;2931;3574;4046
5;3237;2921;3583;4044
5;3235;2923;3590;4048
5;3282;2975;3539;4073
5;3259;2954;3574;4070
5;3269;2942;3609;4048
5;3293;2977;3661;4068
5;3253;2919;3670;4043
5;3249;2917;3690;4048
5;3247;2930;3648;4060
5;3242;2930;3685;4049
5;3234;2928;3696;4054
5;3255;2930;3694;4050
5;3238;2925;3662;4051
5;3237;2929;3685;4048
5;3259;2950;3682;4055
5;3234;2926;3680;4050
5;3237;2918;3664;4047
5;3234;2919;3707;4038
5;3238;2915;3693;4057
5;3235;2915;3665;4048
5;3265;2948;3695;4057
5;3282;2965;3699;4066
5;3248;2939;3357;4061
5;3251;2944;3242;4068
5;3263;2957;3504;4066
5;3302;2994;3600;4074
5;3309;2986;3711;4094
5;3278;2959;3703;4066
5;3249;2930;3670;4055
5;3246;2928;3684;4049
5;3249;2929;3683;4050
5;3238;2922;3667;4059
5;3261;2944;3677;4059
5;3250;2940;3690;4060
5;3277;2962;3675;4059
5;3351;3055;3714;4095
5;3295;2981;3671;4067
5;3306;2992;3696;4075
5;3366;3071;3710;4095
5;3317;3013;3661;4093
5;3330;3026;3670;4088
5;3389;3089;3695;4095
5;3370;3098;3681;4095
5;3342;3029;3695;4081
5;3410;3122;3703;4095
5;3376;3066;3699;4095
5;3334;3033;3700;4086
5;3344;3041;3705;4095
5;3344;3027;3690;4088
5;3328;3019;3712;4081
5;3342;3043;3681;4094
5;3385;3080;3703;4095
5;3505;3231;3728;4095
5;3439;3144;3712;4095
5;3419;3125;3734;4095
5;3350;3047;3686;4089
5;3365;3070;3694;4095
5;3391;3098;3745;4095
5;3347;3046;3712;4095
5;3285;2981;3687;4071
5;3253;2946;3705;4060
5;3276;2966;3659;4067
5;3258;2939;3669;4053
5;3383;3079;3677;4095
5;3260;2943;3579;4050
5;3254;2941;3626;4048
5;3315;2992;3622;4079
5;3316;2999;3650;4067
5;3302;2986;3670;4067
5;3373;3057;3712;4095
5;3359;3065;3730;4095
5;3424;3138;3770;4095
5;3458;3165;3777;4095
5;3332;3006;3702;4095
5;3292;2971;3683;4080
5;3318;3004;3701;4064
5;3300;2979;3699;4083
5;3278;2960;3673;4076
5;3277;2958;3675;4083
5;3265;2950;3664;4066
5;3265;2951;3674;4060
5;3266;2946;3685;4078
5;3263;2949;3705;4063
5;3363;3059;3771;4095
5;3279;2954;3713;4053
5;3273;2959;3686;4067
5;3273;2954;3696;4050
5;3281;2961;3728;4080
5;3287;2961;3734;4076
5;3303;2974;3739;4094
5;3417;3120;3762;4095
5;3407;3078;3811;4095
5;3363;3047;3821;4095
5;3382;3069;3794;4095
5;3382;3061;3824;4095
5;3379;3066;3819;4095
5;3355;3041;3806;4095
5;3370;3056;3803;4095
5;3368;3045;3823;4095
5;3366;3052;3818;4095
5;3382;3089;3823;4095
5;3358;3044;3312;4095
5;3248;2918;2966;4061
5;3247;2931;2913;4062
5;3234;2918;2885;4055
5;3228;2921;2919;4058
5;3233;2914;2847;4045
5;3230;2911;2979;4042
5;3230;2911;2919;4047
5;3235;2916;2900;4048
5;3238;2922;2800;4043
5;3359;3056;2977;4095
5;3273;2960;2761;4073
5;3295;2970;3061;4079
5;3372;3059;3019;4095
5;3304;2977;3062;4078
5;3408;3113;3035;4095
5;3365;3056;3030;4095
5;3379;3079;3042;4095
5;3341;3029;2977;4091
5;3339;3021;2960;4079
5;3397;3099;2994;4095
5;3399;3099;2979;4095
5;3381;3088;3082;4095
5;3387;3070;3292;4095
5;3324;3015;3218;4090
5;3323;3018;2951;4095
5;3322;2996;3005;4095
5;3383;3080;3263;4095
5;3315;2992;3311;4095
5;3313;2992;3450;4081
5;3299;2999;3555;4081
5;3303;2981;3383;4082
5;3312;3013;3450;4089
5;3371;3056;3509;4095
5;3376;3061;3564;4095
5;3377;3060;3694;4095
5;3372;3067;3522;4095
5;3369;3062;3589;4095
5;3360;3055;3686;4095
5;3351;3051;3663;4095
