1;2861;3248;3831;4095
1;2860;3249;3837;4095
1;2859;3248;3841;4095
1;2862;3248;3841;4095
1;2861;3248;3834;4095
1;2861;3248;3841;4095
1;2859;3248;3837;4095
1;2859;3248;3837;4095
1;2861;3248;3831;4095
1;2862;3249;3833;4095
1;2855;3246;3837;4095
1;2859;3249;3832;4095
1;2862;3248;3829;4095
1;2862;3248;3840;4095
1;2863;3249;3841;4095
1;2854;3248;3829;4095
1;2860;3248;3840;4095
1;2863;3248;3828;4095
1;2860;3249;3837;4095
1;2856;3248;3840;4095
1;2861;3254;3839;4095
1;2861;3251;3843;4095
1;2862;3248;3839;4095
1;2857;3248;3835;4095
1;2863;3249;3835;4095
1;2862;3250;3840;4095
1;2860;3246;3840;4095
1;2863;3250;3835;4095
1;2862;3248;3843;4095
1;2862;3248;3838;4095
1;2861;3253;3855;4095
1;2863;3251;3836;4095
1;2862;3252;3839;4095
1;2858;3254;3840;4095
1;2864;3251;3834;4095
1;2863;3248;3840;4095
1;2861;3249;3850;4095
1;2863;3251;3839;4095
1;2861;3252;3839;4095
1;2863;3249;3834;4095
1;2864;3252;3843;4095
1;2862;3253;3843;4095
1;2863;3251;3827;4095
1;2855;3248;3831;4095
1;2862;3248;3843;4095
1;2864;3249;3836;4095
1;2864;3251;3840;4095
1;2855;3251;3839;4095
1;2860;3249;3841;4095
1;2863;3253;3849;4095
1;2863;3251;3845;4095
1;2863;3248;3845;4095
1;2864;3251;3840;4095
1;2864;3255;3842;4095
1;2861;3254;3839;4095
1;2862;3252;3835;4095
1;2863;3252;3840;4095
1;2864;3255;3842;4095
1;2862;3251;3840;4095
1;2865;3258;3839;4095
1;2859;3255;3846;4095
1;2864;3251;3843;4095
1;2864;3255;3843;4095
1;2864;3253;3842;4095
1;2864;3255;3855;4095
1;2864;3253;3845;4095
1;2865;3253;3834;4095
1;2862;3251;3845;4095
1;2863;3254;3833;4095
1;2864;3254;3843;4095
1;2863;3251;3846;4095
1;2863;3253;3840;4095
1;2864;3250;3853;4095
1;2864;3255;3838;4095
1;2864;3253;3844;4095
1;2864;3252;3837;4095
1;2863;3254;3842;4095
1;2864;3258;3844;4095
1;2863;3249;3841;4095
1;2864;3254;3839;4095
1;2864;3255;3837;4095
1;2864;3257;3841;4095
1;2863;3258;3844;4095
1;2865;3255;3843;4095
1;2864;3252;3845;4095
1;2863;3251;3841;4095
1;2863;3254;3844;4095
1;2858;3249;3845;4095
1;2864;3251;3843;4095
1;2863;3251;3840;4095
1;2864;3251;3839;4095
1;2865;3254;3839;4095
1;2869;3253;3840;4095
1;2865;3248;3830;4095
1;2865;3247;3826;4095
1;2872;3257;3824;4095
1;2870;3253;3824;4095
1;2868;3253;3833;4095
1;2874;3255;3823;4095
1;2869;3249;3836;4095
1;2871;3253;3831;4095
1;2873;3253;3835;4095
1;2879;3254;3842;4095
1;2881;3259;3837;4095
1;2880;3258;3834;4095
1;2880;3261;3844;4095
1;2875;3260;3839;4095
1;2875;3262;3839;4095
1;2877;3255;3840;4095
1;2878;3260;3835;4095
1;2876;3263;3850;4095
1;2870;3262;3852;4095
1;2875;3259;3839;4095
1;2871;3261;3842;4095
1;2874;3262;3839;4095
1;2870;3265;3839;4095
1;2874;3260;3849;4095
1;2875;3261;3847;4095
1;2871;3259;3852;4095
1;2874;3257;3845;4095
1;2870;3259;3841;4095
1;2869;3258;3841;4095
1;2870;3258;3835;4095
1;2871;3258;3841;4095
1;2869;3259;3836;4095
1;2870;3256;3843;4095
1;2870;3261;3837;4095
1;2869;3261;3835;4095
1;2865;3254;3851;4095
1;2866;3255;3835;4095
1;2871;3259;3844;4095
1;2871;3257;3838;4095
1;2864;3257;3841;4095
1;2870;3258;3845;4095
1;2875;3255;3839;4095
1;2865;3257;3841;4095
1;2871;3259;3841;4095
1;2871;3259;3842;4095
1;2870;3259;3839;4095
1;2873;3258;3840;4095
1;2875;3260;3847;4095
1;2871;3259;3843;4095
1;2871;3259;3842;4095
1;2871;3259;3840;4095
1;2871;3261;3844;4095
1;2871;3259;3836;4095
1;2872;3259;3834;4095
1;2871;3257;3831;4095
1;2873;3261;3854;4095
1;2869;3262;3840;4095
1;2868;3261;3839;4095
1;2868;3253;3838;4095
1;2864;3259;3846;4095
1;2870;3257;3845;4095
1;2869;3254;3843;4095
1;2869;3258;3837;4095
1;2867;3255;3847;4095
1;2868;3258;3839;4095
1;2867;3257;3843;4095
1;2869;3257;3831;4095
1;2868;3255;3840;4095
1;2868;3257;3841;4095
1;2869;3259;3843;4095
1;2868;3255;3839;4095
1;2869;3254;3852;4095
1;2864;3259;3839;4095
1;2870;3255;3846;4095
1;2867;3257;3841;4095
1;2867;3257;3841;4095
1;2867;3255;3835;4095
1;2865;3257;3838;4095
1;2864;3257;3841;4095
1;2866;3257;3834;4095
1;2865;3255;3846;4095
1;2868;3257;3841;4095
1;2868;3254;3841;4095
1;2867;3254;3841;4095
1;2866;3258;3827;4095
1;2864;3254;3837;4095
1;2865;3259;3843;4095
1;2865;3255;3837;4095
1;2870;3255;3841;4095
1;2869;3255;3843;4095
1;2865;3258;3838;4095
1;2867;3255;3837;4095
1;2869;3259;3841;4095
1;2865;3253;3840;4095
1;2870;3259;3837;4095
1;2864;3255;3840;4095
1;2868;3260;3842;4095
1;2864;3258;3839;4095
1;2869;3258;3841;4095
1;2865;3259;3854;4095
1;2869;3258;3835;4095
1;2870;3258;3843;4095
1;2873;3255;3841;4095
1;2869;3254;3834;4095
1;2869;3257;3841;4095
1;2868;3262;3841;4095
1;2869;3261;3844;4095
1;2864;3253;3842;4095
1;2869;3259;3842;4095
1;2867;3258;3843;4095
1;2865;3259;3840;4095
1;2869;3257;3838;4095
1;2864;3262;3844;4095
1;2866;3258;3842;4095
1;2868;3261;3851;4095
1;2867;3259;3833;4095
1;2869;3259;3841;4095
1;2871;3255;3840;4095
1;2868;3259;3839;4095
1;2866;3258;3839;4095
1;2868;3259;3841;4095
1;2866;3259;3843;4095
1;2867;3258;3840;4095
1;2868;3261;3855;4095
1;2867;3254;3840;4095
1;2869;3259;3842;4095
1;2869;3255;3839;4095
1;2869;3259;3837;4095
1;2868;3254;3839;4095
1;2867;3259;3843;4095
1;2862;3253;3840;4095
1;2867;3261;3839;4095
1;2869;3257;3839;4095
1;2867;3259;3830;4095
1;2864;3255;3840;4095
1;2865;3259;3831;4095
1;2865;3256;3841;4095
1;2865;3257;3843;4095
1;2869;3258;3836;4095
1;2867;3258;3851;4095
1;2867;3259;3845;4095
1;2867;3254;3845;4095
1;2864;3258;3846;4095
1;2865;3257;3847;4095
1;2868;3255;3829;4095
1;2866;3261;3846;4095
1;2867;3257;3841;4095
1;2867;3258;3839;4095
1;2866;3255;3843;4095
1;2865;3253;3833;4095
1;2865;3255;3841;4095
1;2864;3260;3843;4095
1;2864;3257;3845;4095
1;2864;3255;3836;4095
1;2866;3258;3849;4095
1;2864;3253;3837;4095
1;2869;3258;3836;4095
1;2867;3255;3839;4095
1;2870;3254;3841;4095
1;2871;3257;3830;4095
1;2870;3259;3835;4095
1;2869;3257;3842;4095
1;2865;3257;3835;4095
1;2870;3259;3846;4095
1;2867;3257;3840;4095
1;2864;3258;3840;4095
1;2866;3260;3838;4095
1;2869;3254;3829;4095
1;2871;3254;3838;4095
1;2864;3262;3840;4095
1;2866;3258;3847;4095
1;2871;3257;3843;4095
1;2865;3259;3838;4095
1;2867;3259;3835;4095
1;2865;3255;3843;4095
1;2866;3259;3841;4095
1;2864;3259;3837;4095
1;2867;3255;3841;4095
1;2865;3258;3839;4095
1;2869;3258;3838;4095
1;2868;3255;3843;4095
1;2869;3258;3840;4095
1;2867;3258;3853;4095
1;2866;3257;3838;4095
1;2866;3261;3842;4095
1;2865;3259;3845;4095
1;2865;3258;3853;4095
1;2862;3254;3834;4095
1;2866;3255;3840;4095
1;2870;3255;3840;4095
1;2865;3255;3835;4095
1;2866;3258;3841;4095
1;2867;3259;3845;4095
1;2867;3262;3840;4095
1;2864;3257;3844;4095
1;2867;3258;3840;4095
1;2866;3259;3839;4095
1;2864;3250;3841;4095
1;2866;3250;3840;4095
1;2864;3260;3835;4095
1;2865;3257;3847;4095
1;2865;3253;3839;4095
1;2864;3252;3841;4095
1;2862;3251;3831;4095
1;2864;3249;3835;4095
1;2864;3255;3833;4095
1;2866;3255;3837;4095
1;2864;3255;3841;4095
1;2866;3255;3831;4095
1;2866;3255;3841;4095
1;2864;3254;3842;4095
1;2867;3255;3843;4095
1;2865;3253;3850;4095
1;2862;3255;3839;4095
1;2864;3253;3843;4095
1;2863;3254;3839;4095
1;2864;3253;3839;4095
1;2865;3251;3839;4095
1;2864;3255;3839;4095
1;2864;3250;3836;4095
1;2864;3250;3838;4095
1;2864;3253;3843;4095
1;2863;3252;3837;4095
1;2865;3250;3839;4095
1;2865;3259;3843;4095
1;2864;3251;3838;4095
1;2865;3255;3824;4095
2;2865;3257;3842;4095
2;2867;3254;3838;4095
2;2866;3260;3830;4095
2;2871;3261;3837;4095
2;2869;3257;3842;4095
2;2871;3260;3834;4095
2;2867;3263;3840;4095
2;2864;3261;3837;4095
2;2867;3259;3841;4095
2;2866;3259;3833;4095
2;2869;3257;3841;4095
2;2866;3258;3834;4095
2;2870;3263;3849;4095
2;2867;3258;3837;4095
2;2868;3259;3831;4095
2;2869;3259;3837;4095
2;2869;3259;3840;4095
2;2870;3258;3831;4095
2;2869;3259;3844;4095
2;2869;3260;3833;4095
2;2864;3259;3837;4095
2;2871;3259;3839;4095
2;2867;3260;3849;4095
2;2869;3259;3827;4095
2;2866;3260;3833;4095
2;2864;3259;3842;4095
2;2869;3264;3846;4095
2;2864;3261;3843;4095
2;2864;3258;3838;4095
2;2866;3260;3838;4095
2;2867;3257;3837;4095
2;2866;3259;3841;4095
2;2870;3264;3841;4095
2;2869;3259;3837;4095
2;2867;3258;3837;4095
2;2866;3260;3839;4095
2;2869;3260;3831;4095
2;2867;3257;3833;4095
2;2870;3260;3837;4095
2;2870;3255;3841;4095
2;2869;3261;3839;4095
2;2866;3262;3841;4095
2;2866;3261;3839;4095
2;2867;3259;3837;4095
2;2867;3255;3841;4095
2;2866;3257;3838;4095
2;2869;3258;3840;4095
2;2870;3259;3835;4095
2;2868;3257;3838;4095
2;2866;3257;3838;4095
2;2867;3255;3837;4095
2;2865;3257;3844;4095
2;2869;3259;3846;4095
2;2866;3260;3837;4095
2;2870;3261;3839;4095
2;2874;3260;3839;4095
2;2873;3257;3838;4095
2;2874;3261;3834;4095
2;2874;3263;3831;4095
2;2870;3262;3838;4095
2;2872;3261;3826;4095
2;2874;3259;3840;4095
2;2873;3262;3845;4095
2;2869;3263;3839;4095
2;2870;3262;3841;4095
2;2871;3262;3836;4095
2;2867;3259;3841;4095
2;2868;3264;3835;4095
2;2866;3260;3842;4095
2;2873;3263;3839;4095
2;2865;3262;3845;4095
2;2871;3263;3841;4095
2;2870;3262;3839;4095
2;2869;3261;3833;4095
2;2871;3258;3831;4095
2;2868;3262;3838;4095
2;2868;3258;3839;4095
2;2867;3264;3839;4095
2;2868;3261;3843;4095
2;2870;3263;3838;4095
2;2865;3263;3845;4095
2;2875;3261;3842;4095
2;2871;3258;3842;4095
2;2868;3261;3835;4095
2;2873;3262;3840;4095
2;2865;3260;3838;4095
2;2873;3264;3840;4095
2;2865;3263;3838;4095
2;2869;3263;3839;4095
2;2869;3260;3839;4095
2;2870;3261;3835;4095
2;2867;3259;3834;4095
2;2870;3259;3840;4095
2;2871;3264;3844;4095
2;2870;3260;3836;4095
2;2869;3262;3834;4095
2;2867;3262;3842;4095
2;2865;3263;3839;4095
2;2868;3263;3840;4095
2;2869;3263;3840;4095
2;2870;3260;3845;4095
2;2869;3261;3839;4095
2;2868;3261;3833;4095
2;2865;3262;3840;4095
2;2867;3259;3842;4095
2;2869;3263;3840;4095
2;2869;3261;3840;4095
2;2865;3261;3838;4095
2;2870;3262;3847;4095
2;2867;3264;3846;4095
2;2867;3260;3838;4095
2;2864;3261;3856;4095
2;2866;3264;3829;4095
2;2867;3262;3843;4095
2;2869;3263;3842;4095
2;2869;3261;3837;4095
2;2868;3259;3851;4095
2;2871;3264;3841;4095
2;2869;3263;3842;4095
2;2869;3262;3839;4095
2;2869;3262;3839;4095
2;2871;3263;3835;4095
2;2871;3264;3838;4095
2;2872;3261;3840;4095
2;2873;3262;3845;4095
2;2871;3260;3834;4095
2;2872;3264;3853;4095
2;2869;3263;3829;4095
2;2875;3261;3843;4095
2;2869;3263;3856;4095
2;2871;3263;3835;4095
2;2873;3264;3839;4095
2;2871;3265;3839;4095
2;2864;3265;3845;4095
2;2870;3261;3842;4095
2;2877;3264;3846;4095
2;2871;3262;3840;4095
2;2874;3261;3843;4095
2;2870;3265;3842;4095
2;2870;3263;3839;4095
2;2870;3264;3850;4095
2;2867;3259;3839;4095
2;2870;3262;3843;4095
2;2869;3262;3847;4095
2;2870;3264;3855;4095
2;2871;3260;3830;4095
2;2870;3264;3843;4095
2;2869;3261;3837;4095
2;2872;3261;3841;4095
2;2864;3263;3845;4095
2;2874;3255;3843;4095
2;2872;3259;3842;4095
2;2865;3264;3840;4095
2;2864;3261;3839;4095
2;2865;3258;3842;4095
2;2865;3263;3830;4095
2;2867;3264;3840;4095
2;2869;3263;3830;4095
2;2869;3264;3845;4095
2;2871;3262;3842;4095
2;2868;3263;3836;4095
2;2870;3262;3838;4095
2;2869;3263;3843;4095
2;2867;3263;3845;4095
2;2868;3255;3846;4095
2;2871;3262;3845;4095
2;2868;3263;3835;4095
2;2871;3263;3850;4095
2;2871;3261;3838;4095
2;2869;3261;3856;4095
2;2867;3263;3849;4095
2;2871;3263;3840;4095
2;2870;3264;3839;4095
2;2866;3263;3842;4095
2;2866;3265;3842;4095
2;2874;3263;3826;4095
2;2870;3261;3835;4095
2;2867;3264;3840;4095
2;2870;3262;3849;4095
2;2871;3264;3837;4095
2;2870;3261;3845;4095
2;2868;3261;3842;4095
2;2870;3263;3841;4095
2;2871;3266;3842;4095
2;2873;3263;3839;4095
2;2864;3262;3838;4095
2;2873;3263;3839;4095
2;2871;3263;3845;4095
2;2870;3264;3834;4095
2;2874;3262;3835;4095
2;2871;3263;3840;4095
2;2871;3263;3842;4095
2;2867;3265;3849;4095
2;2867;3264;3845;4095
2;2873;3267;3839;4095
2;2868;3266;3842;4095
2;2873;3262;3842;4095
2;2874;3266;3841;4095
2;2871;3265;3848;4095
2;2870;3263;3837;4095
2;2871;3263;3833;4095
2;2869;3264;3842;4095
2;2866;3263;3839;4095
2;2867;3264;3840;4095
2;2866;3263;3840;4095
2;2875;3261;3841;4095
2;2875;3266;3840;4095
2;2873;3264;3840;4095
2;2871;3263;3837;4095
2;2871;3262;3837;4095
2;2870;3261;3847;4095
2;2867;3261;3833;4095
2;2868;3262;3853;4095
2;2870;3263;3846;4095
2;2864;3263;3835;4095
2;2872;3262;3831;4095
2;2870;3258;3841;4095
2;2870;3264;3835;4095
2;2869;3262;3844;4095
2;2871;3263;3841;4095
2;2869;3265;3840;4095
2;2869;3264;3845;4095
2;2870;3263;3837;4095
2;2864;3263;3841;4095
2;2873;3260;3843;4095
2;2873;3262;3849;4095
2;2870;3264;3840;4095
2;2871;3258;3847;4095
2;2869;3263;3842;4095
2;2871;3262;3838;4095
2;2872;3264;3845;4095
2;2870;3264;3845;4095
3;2869;3263;3825;4095
3;2870;3264;3838;4095
3;2868;3263;3841;4095
3;2864;3258;3838;4095
3;2866;3263;3842;4095
3;2864;3260;3843;4095
3;2869;3264;3841;4095
3;2867;3261;3842;4095
3;2867;3259;3855;4095
3;2868;3262;3845;4095
3;2864;3256;3842;4095
3;2867;3259;3839;4095
3;2869;3262;3830;4095
3;2866;3264;3840;4095
3;2865;3262;3839;4095
3;2868;3264;3836;4095
3;2870;3263;3841;4095
3;2871;3264;3847;4095
3;2865;3266;3843;4095
3;2870;3268;3839;4095
3;2867;3265;3838;4095
3;2870;3264;3843;4095
3;2869;3262;3843;4095
3;2869;3263;3846;4095
3;2870;3263;3850;4095
3;2874;3263;3841;4095
3;2869;3262;3830;4095
3;2869;3264;3833;4095
3;2873;3263;3841;4095
3;2871;3267;3837;4095
3;2864;3260;3844;4095
3;2869;3263;3840;4095
3;2870;3264;3838;4095
3;2871;3264;3843;4095
3;2866;3264;3846;4095
3;2866;3263;3838;4095
3;2873;3262;3839;4095
3;2869;3263;3838;4095
3;2871;3262;3835;4095
3;2873;3263;3841;4095
3;2869;3264;3853;4095
3;2870;3265;3837;4095
3;2869;3264;3840;4095
3;2869;3263;3840;4095
3;2870;3263;3847;4095
3;2869;3264;3850;4095
3;2864;3264;3841;4095
3;2870;3266;3839;4095
3;2871;3264;3847;4095
3;2871;3264;3842;4095
3;2871;3265;3835;4095
3;2869;3265;3840;4095
3;2875;3263;3841;4095
3;2874;3263;3841;4095
3;2867;3264;3841;4095
3;2866;3261;3839;4095
3;2870;3263;3841;4095
3;2868;3259;3842;4095
3;2864;3258;3854;4095
3;2869;3263;3844;4095
3;2867;3262;3836;4095
3;2868;3262;3845;4095
3;2869;3262;3837;4095
3;2867;3260;3839;4095
3;2866;3264;3841;4095
3;2866;3262;3843;4095
3;2867;3264;3840;4095
3;2867;3263;3853;4095
3;2868;3263;3846;4095
3;2870;3263;3850;4095
3;2866;3264;3839;4095
3;2868;3261;3839;4095
3;2867;3264;3850;4095
3;2870;3265;3847;4095
3;2867;3267;3845;4095
3;2869;3267;3849;4095
3;2871;3261;3843;4095
3;2871;3266;3844;4095
3;2873;3264;3841;4095
3;2870;3264;3839;4095
3;2873;3263;3833;4095
3;2869;3265;3843;4095
3;2866;3262;3843;4095
3;2871;3259;3846;4095
3;2867;3264;3843;4095
3;2870;3265;3852;4095
3;2868;3267;3841;4095
3;2870;3260;3843;4095
3;2870;3264;3851;4095
3;2867;3265;3841;4095
3;2875;3265;3831;4095
3;2867;3265;3838;4095
3;2873;3264;3837;4095
3;2873;3264;3841;4095
3;2869;3264;3838;4095
3;2869;3264;3834;4095
3;2866;3264;3839;4095
3;2867;3263;3846;4095
3;2870;3262;3853;4095
3;2875;3270;3839;4095
3;2880;3271;3824;4095
3;2885;3277;3795;4095
3;2887;3277;3769;4095
3;2886;3273;3775;4095
3;2880;3269;3793;4095
3;2881;3267;3803;4095
3;2880;3273;3810;4095
3;2875;3265;3809;4095
3;2879;3267;3838;4095
3;2877;3270;3803;4095
3;2879;3271;3824;4095
3;2881;3264;3813;4095
3;2881;3269;3819;4095
3;2880;3274;3866;4095
3;2874;3273;3879;4095
3;2882;3269;3866;4095
3;2880;3274;3872;4095
3;2877;3275;3813;4095
3;2887;3280;3822;4095
3;2887;3280;3841;4095
3;2890;3280;3853;4095
3;2891;3277;3904;4095
3;2888;3280;3899;4095
3;2887;3279;3901;4095
3;2887;3282;3931;4095
3;2890;3279;3938;4095
3;2887;3280;3929;4095
3;2884;3280;3939;4095
3;2887;3277;3952;4095
3;2884;3273;3968;4095
3;2884;3276;3965;4095
3;2881;3279;3969;4095
3;2883;3275;3958;4095
3;2886;3278;3967;4095
3;2886;3280;3946;4095
3;2895;3280;3938;4095
3;2886;3280;3952;4095
3;2891;3280;3952;4095
3;2889;3281;3938;4095
3;2892;3283;3950;4095
3;2890;3279;3943;4095
3;2889;3280;3934;4095
3;2881;3280;3961;4095
3;2891;3280;3965;4095
3;2885;3279;3975;4095
3;2882;3275;3971;4095
3;2881;3277;3991;4095
3;2881;3278;3974;4095
3;2880;3274;3968;4095
3;2880;3274;3996;4095
3;2881;3273;4006;4095
3;2875;3271;4005;4095
3;2877;3273;4001;4095
3;2880;3271;4003;4095
3;2879;3271;4003;4095
3;2880;3270;4006;4095
3;2878;3274;4020;4095
3;2879;3271;4030;4095
3;2879;3273;4032;4095
3;2879;3270;4031;4095
3;2880;3267;4027;4095
3;2879;3274;4022;4095
3;2878;3274;4023;4095
3;2878;3269;4029;4095
3;2878;3269;4022;4095
3;2878;3271;4027;4095
3;2873;3268;4034;4095
3;2880;3271;4031;4095
3;2875;3268;4031;4095
3;2877;3269;4031;4095
3;2873;3269;4027;4095
3;2871;3273;4032;4095
3;2877;3271;4021;4095
3;2879;3276;4018;4095
3;2879;3273;4025;4095
3;2877;3276;4026;4095
3;2874;3274;4018;4095
3;2881;3271;4023;4095
3;2881;3275;4037;4095
3;2875;3270;3908;4095
3;2878;3271;3889;4095
3;2882;3275;3913;4095
3;2881;3275;3888;4095
3;2880;3270;3894;4095
3;2881;3269;3829;4095
3;2880;3271;3888;4095
3;2881;3270;3888;4095
3;2877;3272;3938;4095
3;2882;3274;3934;4095
3;2877;3274;3928;4095
3;2880;3274;3931;4095
3;2880;3271;3934;4095
3;2881;3274;3926;4095
3;2881;3271;3930;4095
3;2883;3275;3952;4095
3;2879;3274;3950;4095
3;2880;3271;3933;4095
3;2880;3271;3933;4095
3;2879;3273;3920;4095
3;2880;3275;3917;4095
3;2880;3272;3919;4095
3;2880;3274;3910;4095
3;2879;3274;3932;4095
3;2878;3273;3913;4095
3;2877;3273;3903;4095
3;2878;3270;3905;4095
3;2875;3266;3894;4095
3;2880;3268;3905;4095
3;2878;3272;3870;4095
3;2875;3268;3878;4095
3;2879;3271;3889;4095
3;2871;3269;3883;4095
3;2874;3266;3867;4095
3;2877;3266;3878;4095
3;2880;3267;3888;4095
3;2878;3266;3874;4095
3;2871;3269;3856;4095
3;2879;3269;3863;4095
3;2878;3265;3869;4095
3;2877;3269;3866;4095
3;2875;3270;3863;4095
3;2880;3270;3868;4095
3;2877;3269;3870;4095
3;2877;3270;3865;4095
3;2878;3270;3877;4095
3;2871;3270;3875;4095
3;2877;3270;3861;4095
3;2878;3269;3871;4095
3;2877;3270;3869;4095
3;2878;3269;3873;4095
3;2880;3270;3878;4095
3;2879;3270;3873;4095
3;2879;3270;3863;4095
3;2878;3275;3865;4095
3;2878;3273;3869;4095
3;2880;3274;3861;4095
3;2879;3276;3873;4095
3;2874;3270;3868;4095
3;2878;3273;3867;4095
3;2874;3267;3860;4095
4;2878;3269;3869;4095
4;2875;3267;3859;4095
4;2875;3269;3872;4095
4;2879;3266;3862;4095
4;2878;3270;3856;4095
4;2877;3270;3856;4095
4;2869;3267;3861;4095
4;2873;3270;3865;4095
4;2872;3267;3863;4095
4;2875;3265;3867;4095
4;2879;3269;3871;4095
4;2875;3272;3870;4095
4;2875;3266;3867;4095
4;2874;3270;3869;4095
4;2877;3267;3869;4095
4;2876;3270;3863;4095
4;2878;3271;3872;4095
4;2877;3269;3863;4095
4;2877;3268;3857;4095
4;2878;3271;3856;4095
4;2876;3267;3871;4095
4;2874;3274;3862;4095
4;2879;3269;3856;4095
4;2877;3269;3860;4095
4;2875;3267;3867;4095
4;2877;3269;3867;4095
4;2875;3272;3869;4095
4;2878;3267;3872;4095
4;2877;3273;3871;4095
4;2873;3269;3881;4095
4;2878;3269;3879;4095
4;2879;3271;3871;4095
4;2878;3267;3872;4095
4;2875;3269;3866;4095
4;2876;3269;3868;4095
4;2874;3267;3873;4095
4;2873;3271;3868;4095
4;2873;3267;3866;4095
4;2874;3269;3875;4095
4;2878;3271;3873;4095
4;2880;3266;3873;4095
4;2879;3269;3852;4095
4;2881;3271;3840;4095
4;2879;3270;3843;4095
4;2879;3270;3851;4095
4;2875;3274;3852;4095
4;2875;3274;3841;4095
4;2875;3273;3854;4095
4;2878;3267;3856;4095
4;2881;3268;3863;4095
4;2880;3269;3857;4095
4;2878;3268;3853;4095
4;2878;3270;3863;4095
4;2877;3269;3873;4095
4;2875;3270;3866;4095
4;2880;3271;3877;4095
4;2874;3270;3862;4095
4;2877;3275;3878;4095
4;2879;3271;3873;4095
4;2875;3271;3871;4095
4;2876;3270;3877;4095
4;2879;3267;3873;4095
4;2875;3272;3888;4095
4;2877;3274;3873;4095
4;2879;3270;3875;4095
4;2875;3271;3878;4095
4;2876;3271;3881;4095
4;2880;3267;3877;4095
4;2815;3269;3873;4095
4;2879;3276;3885;4095
4;2878;3274;3877;4095
4;2879;3270;3873;4095
4;2879;3269;3868;4095
4;2878;3270;3872;4095
4;2879;3271;3858;4095
4;2878;3271;3874;4095
4;2880;3273;3871;4095
4;2879;3271;3877;4095
4;2875;3274;3875;4095
4;2879;3273;3870;4095
4;2877;3271;3856;4095
4;2879;3274;3863;4095
4;2879;3279;3856;4095
4;2880;3277;3860;4095
4;2879;3271;3871;4095
4;2879;3273;3867;4095
4;2881;3274;3873;4095
4;2881;3275;3856;4095
4;2879;3271;3879;4095
4;2877;3270;3866;4095
4;2880;3274;3859;4095
4;2882;3273;3856;4095
4;2879;3274;3859;4095
4;2875;3271;3861;4095
4;2874;3274;3857;4095
4;2876;3269;3856;4095
4;2879;3273;3863;4095
4;2875;3275;3849;4095
4;2878;3274;3860;4095
4;2878;3273;3856;4095
4;2880;3270;3856;4095
4;2879;3269;3856;4095
4;2880;3271;3861;4095
4;2879;3273;3859;4095
4;2879;3270;3862;4095
4;2879;3271;3856;4095
4;2873;3271;3857;4095
4;2880;3271;3862;4095
4;2877;3270;3857;4095
4;2875;3271;3861;4095
4;2880;3274;3862;4095
4;2878;3273;3856;4095
4;2880;3270;3859;4095
4;2875;3271;3861;4095
4;2876;3277;3857;4095
4;2879;3273;3863;4095
4;2877;3271;3863;4095
4;2875;3274;3857;4095
4;2877;3274;3861;4095
4;2879;3271;3856;4095
4;2878;3274;3847;4095
4;2879;3271;3856;4095
4;2878;3274;3857;4095
4;2880;3269;3853;4095
4;2875;3271;3867;4095
4;2880;3274;3856;4095
4;2878;3267;3856;4095
4;2879;3269;3855;4095
4;2879;3270;3860;4095
4;2878;3270;3857;4095
4;2880;3275;3856;4095
4;2878;3274;3856;4095
4;2878;3274;3848;4095
4;2880;3274;3850;4095
4;2877;3278;3856;4095
4;2878;3275;3845;4095
4;2880;3273;3853;4095
4;2881;3271;3846;4095
4;2880;3270;3856;4095
4;2880;3274;3856;4095
4;2880;3271;3856;4095
4;2878;3274;3856;4095
4;2878;3274;3853;4095
4;2880;3271;3856;4095
4;2879;3274;3856;4095
4;2880;3271;3856;4095
4;2877;3274;3856;4095
4;2882;3274;3856;4095
4;2880;3273;3846;4095
4;2878;3274;3856;4095
4;2879;3276;3862;4095
4;2874;3275;3859;4095
4;2880;3271;3873;4095
4;2880;3271;3858;4095
4;2877;3274;3856;4095
4;2880;3271;3867;4095
4;2877;3273;3861;4095
4;2878;3274;3868;4095
4;2880;3271;3875;4095
4;2878;3271;3872;4095
4;2881;3269;3879;4095
4;2879;3278;3882;4095
4;2879;3273;3866;4095
4;2881;3269;3874;4095
4;2880;3271;3882;4095
4;2879;3271;3886;4095
4;2877;3273;3863;4095
4;2879;3274;3871;4095
4;2881;3277;3877;4095
4;2879;3272;3886;4095
4;2879;3273;3877;4095
4;2879;3275;3874;4095
4;2875;3274;3882;4095
4;2871;3275;3888;4095
4;2877;3275;3883;4095
4;2879;3275;3875;4095
4;2881;3275;3885;4095
4;2880;3275;3873;4095
4;2881;3274;3883;4095
4;2879;3274;3878;4095
4;2880;3271;3885;4095
4;2880;3276;3881;4095
4;2881;3273;3886;4095
4;2883;3275;3887;4095
4;2880;3274;3881;4095
4;2880;3278;3884;4095
4;2880;3275;3893;4095
4;2877;3277;3888;4095
4;2878;3275;3888;4095
4;2878;3270;3885;4095
4;2880;3275;3888;4095
4;2879;3274;3891;4095
4;2878;3274;3886;4095
4;2882;3277;3896;4095
4;2881;3278;3903;4095
4;2882;3277;3894;4095
4;2883;3271;3891;4095
4;2878;3275;3898;4095
4;2879;3277;3895;4095
4;2881;3280;3893;4095
4;2880;3276;3905;4095
4;2876;3277;3903;4095
4;2882;3278;3897;4095
4;2881;3277;3898;4095
4;2879;3277;3897;4095
4;2882;3276;3900;4095
4;2881;3278;3899;4095
4;2880;3280;3902;4095
4;2883;3275;3899;4095
4;2881;3277;3906;4095
4;2882;3279;3904;4095
4;2878;3276;3904;4095
4;2881;3279;3893;4095
4;2882;3279;3894;4095
4;2881;3280;3898;4095
4;2883;3280;3893;4095
4;2885;3279;3898;4095
4;2882;3279;3904;4095
4;2883;3278;3904;4095
4;2882;3278;3904;4095
4;2883;3280;3902;4095
4;2885;3279;3892;4095
4;2885;3277;3902;4095
4;2889;3279;3902;4095
4;2885;3280;3901;4095
4;2886;3273;3905;4095
4;2882;3280;3895;4095
4;2882;3280;3906;4095
4;2885;3280;3891;4095
4;2885;3280;3905;4095
4;2885;3280;3899;4095
4;2886;3277;3908;4095
4;2886;3281;3894;4095
4;2890;3278;3907;4095
4;2885;3280;3899;4095
4;2883;3277;3904;4095
4;2883;3278;3917;4095
4;2880;3280;3909;4095
4;2881;3280;3919;4095
4;2883;3281;3913;4095
4;2885;3279;3904;4095
4;2885;3278;3909;4095
4;2886;3276;3915;4095
4;2883;3279;3911;4095
4;2887;3278;3895;4095
4;2887;3278;3904;4095
4;2889;3280;3902;4095
4;2887;3278;3905;4095
4;2885;3279;3901;4095
4;2887;3277;3906;4095
4;2889;3280;3902;4095
4;2883;3279;3907;4095
4;2881;3280;3895;4095
4;2880;3280;3905;4095
4;2883;3280;3895;4095
4;2882;3280;3898;4095
4;2880;3278;3899;4095
4;2885;3278;3888;4095
4;2881;3280;3888;4095
4;2878;3277;3894;4095
4;2886;3280;3889;4095
4;2882;3279;3891;4095
4;2880;3278;3905;4095
4;2882;3277;3899;4095
4;2882;3279;3893;4095
4;2883;3280;3913;4095
4;2881;3280;3893;4095
4;2881;3277;3890;4095
4;2882;3278;3883;4095
4;2881;3276;3900;4095
4;2880;3275;3904;4095
4;2878;3274;3891;4095
4;2880;3271;3894;4095
4;2879;3271;3885;4095
4;2879;3271;3897;4095
4;2878;3270;3888;4095
4;2876;3275;3888;4095
4;2879;3270;3884;4095
4;2877;3275;3889;4095
4;2879;3274;3888;4095
4;2879;3275;3902;4095
4;2875;3275;3889;4095
4;2880;3269;3899;4095
4;2877;3270;3907;4095
5;2875;3273;3898;4095
5;2878;3271;3894;4095
5;2882;3270;3890;4095
5;2876;3276;3908;4095
5;2875;3274;3908;4095
5;2879;3274;3898;4095
5;2878;3274;3884;4095
5;2879;3271;3851;4095
5;2877;3271;3856;4095
5;2875;3279;3834;4095
5;2878;3271;3843;4095
5;2875;3270;3865;4095
5;2874;3269;3844;4095
5;2880;3268;3844;4095
5;2892;3279;3839;4095
5;2898;3285;3844;4095
5;2894;3292;3852;4095
5;2895;3290;3839;4095
5;2894;3280;3842;4095
5;2896;3285;3845;4095
5;2897;3283;3856;4095
5;2899;3282;3843;4095
5;2903;3287;3851;4095
5;2900;3285;3839;4095
5;2906;3286;3855;4095
5;2914;3294;3861;4095
5;2926;3310;3876;4095
5;2928;3312;3859;4095
5;2919;3302;3857;4095
5;2919;3302;3857;4095
5;2914;3297;3857;4095
5;2914;3297;3856;4095
5;2914;3301;3858;4095
5;2914;3296;3860;4095
5;2913;3294;3856;4095
5;2915;3302;3856;4095
5;2923;3308;3862;4095
5;2927;3309;3857;4095
5;2927;3311;3856;4095
5;2930;3313;3862;4095
5;2926;3314;3871;4095
5;2926;3310;3859;4095
5;2925;3312;3859;4095
5;2923;3312;3858;4095
5;2934;3314;3878;4095
5;2923;3310;3861;4095
5;2918;3309;3858;4095
5;2928;3312;3858;4095
5;2932;3317;3866;4095
5;2927;3311;3868;4095
5;2926;3307;3867;4095
5;2918;3305;3856;4095
5;2913;3302;3854;4095
5;2911;3301;3858;4095
5;2916;3307;3865;4095
5;2915;3302;3863;4095
5;2913;3297;3869;4095
5;2913;3302;3859;4095
5;2914;3306;3868;4095
5;2913;3305;3863;4095
5;2911;3302;3863;4095
5;2913;3304;3862;4095
5;2915;3299;3864;4095
5;2913;3303;3856;4095
5;2918;3303;3874;4095
5;2913;3303;3855;4095
5;2912;3297;3856;4095
5;2913;3298;3869;4095
5;2919;3307;3868;4095
5;2927;3312;3865;4095
5;2910;3298;3856;4095
5;2919;3307;3860;4095
5;2915;3303;3862;4095
5;2916;3303;3856;4095
5;2914;3303;3863;4095
5;2910;3299;3867;4095
5;2910;3296;3856;4095
5;2910;3297;3856;4095
5;2909;3301;3868;4095
5;2924;3314;3862;4095
5;2917;3306;3867;4095
5;2919;3312;3871;4095
5;2917;3303;3873;4095
5;2912;3305;3863;4095
5;2927;3312;3872;4095
5;2919;3308;3867;4095
5;2921;3311;3873;4095
5;2922;3307;3867;4095
5;2909;3300;3861;4095
5;2911;3303;3863;4095
5;2921;3309;3862;4095
5;2921;3305;3861;4095
5;2921;3310;3858;4095
5;2923;3312;3859;4095
5;2917;3306;3871;4095
5;2916;3299;3856;4095
5;2917;3299;3869;4095
5;2914;3303;3863;4095
5;2923;3310;3857;4095
5;2909;3296;3859;4095
5;2922;3310;3875;4095
5;2916;3307;3862;4095
5;2924;3303;3859;4095
5;2925;3307;3899;4095
5;2908;3293;3856;4095
5;2907;3294;3867;4095
5;2909;3295;3866;4095
5;2910;3295;3856;4095
5;2904;3298;3872;4095
5;2907;3297;3856;4095
5;2905;3295;3865;4095
5;2911;3294;3856;4095
5;2912;3298;3856;4095
5;2912;3300;3862;4095
5;2911;3297;3865;4095
5;2912;3297;3870;4095
5;2912;3299;3862;4095
5;2911;3295;3861;4095
5;2912;3302;3875;4095
5;2915;3303;3859;4095
5;2919;3308;3866;4095
5;2912;3299;3868;4095
5;2915;3303;3868;4095
5;2912;3305;3868;4095
5;2918;3306;3872;4095
5;2921;3312;3869;4095
5;2921;3305;3873;4095
5;2925;3306;3869;4095
5;2925;3312;3866;4095
5;2925;3309;3872;4095
5;2912;3302;3865;4095
5;2921;3310;3869;4095
5;2928;3312;3868;4095
5;2924;3307;3877;4095
5;2914;3299;3866;4095
5;2905;3301;3862;4095
5;2904;3293;3866;4095
5;2907;3294;3862;4095
5;2905;3293;3856;4095
5;2903;3293;3857;4095
5;2907;3292;3871;4095
5;2903;3298;3869;4095
5;2911;3300;3884;4095
5;2911;3297;3877;4095
5;2909;3298;3877;4095
5;2911;3300;3856;4095
5;2916;3300;3863;4095
5;2912;3296;3870;4095
5;2917;3306;3858;4095
5;2928;3312;3868;4095
5;2928;3307;3863;4095
5;2912;3297;3865;4095
5;2919;3306;3863;4095
5;2928;3313;3861;4095
5;2928;3312;3875;4095
5;2928;3313;3879;4095
5;2910;3296;3862;4095
