1;3077;3344;3936;4081
1;3080;3341;3938;4083
1;3078;3341;3936;4087
1;3071;3346;3931;4081
1;3077;3341;3938;4080
1;3081;3341;3935;4080
1;3071;3338;3937;4080
1;3078;3343;3941;4080
1;3081;3342;3927;4083
1;3085;3344;3939;4080
1;3081;3344;3929;4087
1;3077;3348;3934;4080
1;3078;3341;3933;4085
1;3079;3339;3934;4080
1;3082;3342;3941;4092
1;3078;3339;3931;4080
1;3079;3339;3937;4095
1;3079;3339;3935;4082
1;3083;3343;3937;4089
1;3069;3340;3934;4079
1;3071;3338;3933;4085
1;3082;3342;3939;4079
1;3079;3340;3935;4080
1;3079;3342;3938;4080
1;3068;3344;3937;4086
1;3071;3339;3929;4083
1;3071;3344;3921;4079
1;3070;3339;3937;4079
1;3081;3343;3932;4080
1;3071;3341;3931;4080
1;3079;3344;3941;4080
1;3079;3339;3933;4085
1;3089;3344;3939;4084
1;3085;3345;3942;4070
1;3078;3344;3931;4092
1;3081;3342;3942;4080
1;3078;3345;3939;4077
1;3087;3345;3939;4083
1;3091;3351;3929;4079
1;3090;3356;3937;4080
1;3088;3346;3943;4092
1;3091;3355;3936;4081
1;3093;3353;3928;4095
1;3079;3348;3940;4074
1;3079;3345;3934;4095
1;3085;3342;3936;4073
1;3082;3337;3942;4080
1;3083;3346;3929;4077
1;3081;3341;3945;4094
1;3079;3344;3935;4076
1;3082;3344;3938;4080
1;3079;3344;3939;4087
1;3087;3344;3946;4080
1;3071;3344;3939;4080
1;3085;3349;3934;4086
1;3084;3344;3935;4093
1;3083;3346;3950;4078
1;3087;3344;3939;4090
1;3082;3344;3937;4083
1;3085;3346;3933;4086
1;3083;3344;3936;4087
1;3078;3344;3935;4082
1;3082;3344;3947;4081
1;3071;3341;3934;4083
1;3071;3341;3939;4082
1;3078;3342;3941;4087
1;3079;3346;3931;4080
1;3071;3339;3937;4091
1;3070;3340;3949;4081
1;3071;3344;3949;4079
1;3088;3344;3934;4079
1;3087;3343;3945;4081
1;3088;3346;3934;4080
1;3084;3346;3934;4090
1;3088;3346;3942;4082
1;3079;3344;3943;4086
1;3081;3350;3937;4092
1;3088;3349;3933;4081
1;3088;3347;3939;4080
1;3088;3347;3939;4080
1;3086;3347;3941;4083
1;3091;3347;3943;4091
1;3086;3345;3940;4081
1;3086;3344;3937;4081
1;3085;3348;3942;4081
1;3079;3347;3950;4075
1;3083;3344;3933;4080
1;3071;3341;3943;4079
1;3082;3345;3937;4095
1;3077;3344;3945;4083
1;3070;3342;3955;4082
1;3082;3344;3943;4085
1;3083;3345;3938;4080
1;3082;3343;3937;4080
1;3081;3344;3943;4088
1;3085;3344;3937;4079
1;3078;3339;3937;4077
1;3065;3337;3934;4079
1;3067;3340;3949;4085
1;3070;3339;3947;4093
1;3067;3344;3941;4087
1;3080;3344;3929;4079
1;3083;3342;3933;4094
1;3081;3347;3949;4084
1;3071;3346;3942;4082
1;3079;3346;3946;4080
1;3084;3343;3943;4081
1;3082;3341;3939;4080
1;3083;3343;3940;4091
1;3071;3342;3930;4079
1;3084;3344;3936;4085
1;3079;3342;3942;4091
1;3082;3344;3939;4080
1;3081;3344;3947;4086
1;3088;3344;3938;4087
1;3087;3345;3945;4093
1;3083;3355;3949;4086
1;3085;3354;3942;4095
1;3088;3345;3939;4095
1;3099;3367;3961;4094
1;3102;3363;3952;4095
1;3095;3359;3955;4087
1;3102;3359;3931;4081
1;3101;3367;3949;4087
1;3105;3363;3952;4086
1;3101;3366;3951;4093
1;3102;3361;3954;4093
1;3098;3367;3965;4095
1;3093;3358;3952;4091
1;3099;3365;3951;4093
1;3102;3364;3956;4083
1;3102;3365;3955;4083
1;3102;3363;3952;4091
1;3099;3362;3953;4095
1;3092;3355;3953;4095
1;3090;3355;3949;4080
1;3095;3355;3947;4093
1;3090;3361;3949;4083
1;3094;3355;3942;4087
1;3095;3357;3941;4085
1;3090;3350;3944;4095
1;3083;3345;3936;4079
1;3085;3347;3947;4095
1;3082;3353;3945;4095
1;3084;3343;3936;4081
1;3082;3344;3927;4080
1;3083;3346;3945;4085
1;3082;3344;3941;4086
1;3083;3344;3937;4085
1;3071;3343;3939;4084
1;3086;3347;3941;4085
1;3086;3345;3935;4080
1;3084;3343;3947;4082
1;3085;3346;3941;4080
1;3086;3341;3937;4094
1;3085;3346;3946;4082
1;3087;3349;3937;4087
1;3078;3344;3939;4095
1;3078;3344;3940;4087
1;3081;3344;3943;4080
1;3081;3346;3946;4093
1;3085;3343;3936;4085
1;3081;3344;3947;4095
1;3079;3346;3937;4080
1;3083;3344;3946;4087
1;3084;3344;3938;4080
1;3087;3347;3937;4089
1;3081;3344;3951;4087
1;3083;3344;3943;4085
1;3078;3344;3937;4080
1;3085;3344;3946;4080
1;3081;3344;3941;4085
1;3070;3348;3942;4084
1;3081;3344;3946;4087
1;3083;3344;3938;4082
1;3079;3344;3937;4080
1;3086;3347;3939;4086
1;3071;3343;3937;4081
1;3071;3343;3945;4081
1;3080;3345;3940;4086
1;3071;3344;3933;4083
1;3078;3344;3939;4080
1;3078;3348;3937;4083
1;3083;3350;3937;4080
1;3088;3351;3941;4091
1;3090;3350;3942;4090
1;3094;3354;3949;4095
1;3088;3347;3946;4081
1;3088;3355;3955;4080
1;3087;3351;3942;4082
1;3090;3347;3936;4089
1;3088;3346;3944;4080
1;3085;3346;3942;4091
1;3082;3345;3942;4089
1;3088;3345;3947;4095
1;3088;3347;3935;4083
1;3086;3344;3926;4080
1;3088;3346;3941;4077
1;3087;3345;3946;4081
1;3087;3343;3934;4089
1;3081;3345;3943;4086
1;3085;3347;3946;4083
1;3088;3349;3939;4089
1;3083;3346;3947;4084
1;3086;3347;3932;4083
1;3087;3345;3941;4085
1;3082;3347;3945;4080
1;3086;3344;3939;4084
1;3081;3346;3941;4075
1;3083;3345;3937;4094
1;3083;3349;3946;4074
1;3087;3344;3937;4083
1;3085;3344;3933;4081
1;3081;3343;3935;4084
1;3085;3346;3933;4080
1;3079;3351;3934;4085
1;3078;3344;3933;4080
1;3079;3344;3938;4087
1;3082;3344;3940;4083
1;3086;3344;3952;4082
1;3088;3356;3948;4082
1;3087;3351;3943;4085
1;3088;3358;3952;4090
1;3088;3355;3959;4087
1;3085;3348;3946;4092
1;3088;3351;3951;4081
1;3088;3355;3950;4090
1;3087;3353;3950;4090
1;3088;3351;3948;4085
1;3088;3353;3949;4091
1;3087;3351;3941;4091
1;3085;3349;3942;4086
1;3086;3349;3942;4093
1;3087;3355;3943;4086
1;3086;3347;3949;4095
1;3087;3349;3950;4089
1;3088;3351;3951;4083
1;3087;3356;3947;4094
1;3088;3351;3952;4086
1;3085;3351;3942;4086
1;3087;3355;3949;4091
1;3087;3351;3952;4083
1;3088;3347;3943;4081
1;3083;3350;3958;4089
1;3088;3349;3943;4095
1;3088;3344;3945;4087
1;3086;3351;3942;4095
1;3088;3353;3949;4091
1;3088;3349;3949;4086
1;3088;3354;3950;4085
1;3088;3346;3950;4095
1;3088;3350;3952;4087
1;3087;3354;3952;4090
1;3088;3355;3952;4093
1;3089;3349;3958;4091
1;3083;3348;3949;4093
1;3088;3353;3945;4091
1;3086;3356;3950;4095
1;3086;3350;3950;4095
1;3088;3351;3951;4093
1;3088;3354;3945;4082
1;3086;3353;3950;4095
1;3079;3351;3952;4095
1;3089;3350;3945;4090
1;3088;3358;3952;4089
1;3087;3354;3939;4086
1;3088;3347;3949;4090
1;3087;3354;3947;4095
1;3087;3350;3946;4085
1;3086;3350;3950;4086
1;3088;3356;3951;4086
1;3088;3354;3949;4087
1;3088;3353;3941;4086
1;3089;3351;3951;4093
1;3088;3351;3950;4095
1;3085;3350;3943;4087
1;3089;3361;3961;4082
1;3086;3350;3952;4086
1;3088;3344;3950;4086
1;3085;3357;3958;4087
1;3086;3351;3952;4091
1;3081;3355;3951;4095
1;3085;3354;3943;4091
1;3088;3355;3950;4095
1;3088;3355;3953;4095
1;3087;3352;3950;4095
1;3086;3353;3950;4087
1;3082;3345;3947;4086
1;3088;3347;3951;4095
1;3087;3347;3952;4090
1;3081;3348;3948;4095
1;3087;3347;3941;4095
1;3086;3349;3947;4095
1;3085;3355;3940;4090
1;3087;3346;3947;4086
1;3071;3345;3939;4095
1;3084;3353;3954;4094
1;3088;3345;3952;4095
1;3086;3351;3950;4082
1;3087;3346;3939;4095
1;3084;3344;3945;4091
1;3087;3345;3950;4094
1;3084;3347;3942;4093
1;3086;3348;3950;4087
1;3085;3353;3951;4089
1;3087;3350;3941;4089
1;3083;3346;3957;4090
1;3085;3346;3937;4094
1;3088;3351;3953;4081
1;3086;3346;3945;4086
1;3085;3351;3953;4095
1;3086;3347;3950;4083
1;3083;3349;3952;4095
1;3085;3346;3948;4087
1;3086;3353;3951;4095
1;3088;3346;3947;4087
1;3086;3348;3937;4095
1;3087;3351;3954;4090
1;3087;3351;3951;4095
1;3087;3348;3949;4092
2;3083;3353;3954;4091
2;3087;3354;3947;4091
2;3087;3349;3951;4087
2;3085;3351;3946;4091
2;3081;3346;3952;4092
2;3086;3344;3952;4095
2;3085;3347;3945;4089
2;3088;3345;3947;4094
2;3088;3347;3942;4087
2;3087;3350;3955;4095
2;3085;3349;3950;4094
2;3085;3353;3941;4094
2;3087;3353;3949;4095
2;3087;3350;3959;4095
2;3086;3347;3950;4095
2;3086;3347;3949;4095
2;3081;3354;3946;4086
2;3087;3347;3952;4094
2;3087;3347;3946;4095
2;3087;3346;3950;4086
2;3087;3346;3947;4088
2;3089;3354;3952;4080
2;3087;3351;3949;4090
2;3088;3355;3958;4087
2;3090;3359;3955;4080
2;3089;3349;3946;4093
2;3088;3351;3952;4094
2;3090;3356;3947;4087
2;3088;3354;3951;4091
2;3090;3354;3942;4095
2;3094;3358;3951;4094
2;3101;3363;3951;4095
2;3104;3354;3954;4088
2;3103;3367;3953;4094
2;3103;3371;3953;4094
2;3099;3365;3941;4095
2;3101;3365;3945;4093
2;3100;3361;3955;4093
2;3094;3363;3957;4095
2;3103;3366;3952;4087
2;3104;3361;3954;4095
2;3105;3357;3951;4087
2;3098;3358;3942;4087
2;3101;3357;3947;4086
2;3103;3371;3948;4083
2;3093;3365;3949;4082
2;3102;3364;3953;4095
2;3104;3362;3933;4095
2;3095;3359;3955;4085
2;3103;3371;3952;4086
2;3104;3364;3951;4085
2;3100;3360;3952;4087
2;3097;3363;3951;4091
2;3094;3365;3947;4095
2;3096;3360;3951;4095
2;3095;3355;3952;4095
2;3091;3355;3952;4091
2;3093;3357;3955;4095
2;3092;3351;3952;4094
2;3089;3355;3953;4095
2;3089;3355;3954;4089
2;3088;3355;3955;4095
2;3090;3353;3947;4089
2;3088;3353;3957;4091
2;3089;3354;3950;4095
2;3088;3354;3950;4095
2;3091;3351;3943;4095
2;3089;3354;3952;4093
2;3087;3356;3946;4095
2;3090;3355;3956;4091
2;3088;3359;3953;4091
2;3088;3348;3954;4091
2;3089;3350;3952;4095
2;3088;3353;3948;4095
2;3087;3354;3943;4095
2;3086;3349;3953;4092
2;3088;3346;3952;4095
2;3087;3349;3953;4091
2;3087;3350;3946;4085
2;3086;3351;3949;4083
2;3088;3351;3950;4095
2;3092;3360;3959;4095
2;3088;3357;3955;4094
2;3087;3346;3957;4095
2;3088;3362;3952;4095
2;3082;3355;3956;4095
2;3087;3355;3963;4095
2;3087;3354;3952;4095
2;3083;3351;3952;4095
2;3086;3350;3951;4095
2;3086;3351;3957;4095
2;3086;3354;3955;4095
2;3079;3351;3959;4095
2;3084;3355;3958;4095
2;3083;3352;3962;4095
2;3087;3347;3957;4095
2;3085;3359;3945;4095
2;3084;3355;3961;4094
2;3083;3347;3955;4094
2;3086;3347;3957;4095
2;3079;3352;3958;4095
2;3086;3351;3955;4091
2;3085;3353;3958;4092
2;3085;3347;3962;4095
2;3081;3349;3953;4095
2;3083;3351;3954;4095
2;3083;3347;3961;4095
2;3078;3351;3951;4095
2;3085;3344;3959;4095
2;3087;3351;3965;4095
2;3088;3357;3953;4095
2;3103;3376;3969;4090
2;3094;3358;3951;4091
2;3091;3356;3954;4094
2;3091;3358;3953;4089
2;3093;3357;3951;4095
2;3088;3361;3946;4093
2;3085;3357;3951;4086
2;3088;3355;3959;4095
2;3083;3353;3953;4095
2;3088;3349;3953;4093
2;3088;3355;3952;4095
2;3081;3351;3952;4094
2;3082;3346;3950;4095
2;3084;3344;3965;4095
2;3077;3349;3959;4091
2;3082;3351;3952;4095
2;3083;3357;3952;4095
2;3071;3345;3948;4095
2;3083;3346;3956;4095
2;3078;3348;3953;4095
2;3082;3346;3951;4087
2;3083;3349;3952;4087
2;3082;3351;3958;4093
2;3081;3344;3948;4094
2;3085;3344;3951;4095
2;3084;3347;3951;4091
2;3079;3345;3952;4095
2;3082;3347;3953;4093
2;3086;3352;3946;4095
2;3085;3349;3950;4095
2;3079;3347;3952;4095
2;3086;3347;3954;4095
2;3086;3353;3959;4095
2;3079;3350;3952;4095
2;3077;3351;3952;4095
2;3088;3351;3945;4084
2;3089;3355;3951;4095
2;3082;3350;3959;4095
2;3087;3354;3953;4095
2;3084;3349;3952;4095
2;3086;3349;3952;4095
2;3088;3348;3958;4083
2;3081;3353;3948;4095
2;3079;3354;3952;4095
2;3082;3345;3952;4094
2;3088;3344;3954;4086
2;3078;3350;3954;4090
2;3077;3347;3951;4095
2;3070;3350;3959;4094
2;3079;3350;3952;4094
2;3071;3344;3955;4095
2;3079;3344;3952;4091
2;3076;3344;3953;4095
2;3081;3348;3953;4093
2;3070;3348;3951;4095
2;3077;3345;3946;4095
2;3071;3344;3953;4095
2;3079;3344;3952;4091
2;3081;3344;3945;4094
2;3082;3346;3954;4090
2;3083;3344;3946;4095
2;3071;3346;3950;4095
2;3085;3349;3952;4095
2;3083;3348;3952;4094
2;3081;3346;3962;4095
2;3079;3357;3952;4095
2;3081;3351;3947;4095
2;3081;3350;3952;4081
2;3083;3348;3953;4095
2;3079;3349;3947;4095
2;3082;3346;3953;4094
2;3082;3345;3952;4093
2;3084;3346;3942;4095
2;3078;3349;3953;4095
2;3078;3347;3947;4085
2;3082;3344;3954;4095
2;3071;3345;3952;4085
2;3078;3350;3947;4095
2;3079;3351;3949;4095
2;3067;3346;3955;4095
2;3083;3350;3954;4095
2;3082;3353;3948;4094
2;3066;3353;3955;4085
2;3079;3348;3952;4095
2;3078;3349;3952;4095
2;3071;3343;3952;4095
2;3077;3345;3951;4095
2;3077;3344;3949;4087
2;3078;3344;3954;4095
2;3081;3347;3951;4095
2;3078;3344;3949;4095
2;3081;3345;3950;4091
2;3071;3351;3949;4095
2;3086;3350;3939;4095
2;3071;3344;3943;4086
2;3071;3348;3939;4095
2;3071;3344;3946;4090
2;3088;3347;3952;4090
2;3087;3347;3937;4092
2;3083;3346;3952;4086
2;3085;3345;3941;4089
2;3080;3350;3952;4095
2;3082;3347;3943;4089
2;3087;3348;3943;4085
2;3082;3344;3949;4095
2;3088;3346;3948;4087
2;3088;3344;3951;4095
2;3088;3351;3952;4086
2;3087;3350;3936;4095
2;3088;3346;3943;4095
2;3088;3351;3950;4095
2;3083;3349;3948;4091
2;3089;3352;3951;4090
2;3088;3350;3945;4089
2;3088;3353;3951;4095
2;3088;3357;3941;4091
2;3093;3355;3952;4095
2;3089;3355;3945;4091
2;3087;3349;3954;4083
2;3085;3348;3947;4089
2;3085;3355;3952;4091
3;3082;3344;3947;4095
3;3082;3353;3952;4091
3;3086;3350;3940;4095
3;3082;3344;3952;4094
3;3076;3345;3947;4095
3;3078;3347;3955;4094
3;3077;3346;3952;4089
3;3067;3343;3946;4095
3;3071;3354;3947;4093
3;3083;3346;3963;4095
3;3083;3347;3954;4095
3;3085;3346;3953;4095
3;3085;3351;3949;4094
3;3085;3350;3952;4095
3;3084;3353;3949;4087
3;3088;3350;3952;4089
3;3085;3346;3950;4095
3;3088;3348;3948;4095
3;3088;3351;3952;4095
3;3088;3355;3945;4089
3;3090;3354;3937;4095
3;3086;3345;3942;4091
3;3087;3353;3939;4087
3;3086;3350;3952;4087
3;3081;3349;3946;4084
3;3085;3346;3950;4086
3;3087;3351;3937;4082
3;3088;3348;3938;4095
3;3088;3344;3947;4095
3;3084;3346;3939;4095
3;3085;3347;3941;4082
3;3087;3344;3946;4090
3;3088;3352;3952;4093
3;3082;3349;3938;4095
3;3085;3353;3951;4089
3;3085;3345;3951;4084
3;3085;3347;3942;4095
3;3082;3353;3945;4095
3;3087;3354;3942;4085
3;3088;3349;3949;4095
3;3087;3347;3951;4095
3;3086;3355;3951;4087
3;3088;3347;3950;4083
3;3088;3349;3952;4090
3;3083;3349;3949;4090
3;3088;3346;3952;4090
3;3088;3351;3949;4095
3;3087;3351;3942;4087
3;3086;3355;3953;4090
3;3087;3350;3958;4091
3;3088;3353;3950;4092
3;3088;3347;3940;4080
3;3083;3350;3951;4094
3;3083;3349;3952;4085
3;3088;3356;3951;4089
3;3088;3347;3947;4091
3;3086;3344;3952;4089
3;3087;3346;3951;4089
3;3082;3351;3953;4089
3;3087;3351;3952;4095
3;3088;3351;3951;4095
3;3086;3350;3950;4092
3;3083;3349;3947;4085
3;3088;3349;3937;4083
3;3085;3349;3952;4095
3;3086;3356;3950;4094
3;3088;3353;3947;4089
3;3087;3350;3949;4092
3;3086;3347;3941;4085
3;3087;3350;3955;4085
3;3088;3344;3941;4087
3;3086;3350;3946;4095
3;3087;3354;3941;4087
3;3085;3344;3949;4085
3;3085;3348;3950;4085
3;3083;3353;3938;4095
3;3071;3345;3941;4095
3;3083;3347;3950;4095
3;3082;3345;3951;4087
3;3087;3353;3945;4082
3;3086;3353;3950;4085
3;3088;3350;3947;4089
3;3087;3349;3946;4095
3;3085;3350;3947;4091
3;3085;3354;3937;4083
3;3087;3345;3946;4090
3;3087;3350;3939;4091
3;3086;3349;3950;4095
3;3086;3344;3951;4085
3;3079;3345;3952;4081
3;3088;3350;3945;4089
3;3084;3350;3942;4090
3;3082;3346;3948;4087
3;3086;3347;3951;4083
3;3082;3344;3958;4091
3;3086;3344;3943;4089
3;3082;3350;3936;4093
3;3084;3351;3951;4091
3;3088;3350;3941;4095
3;3083;3349;3946;4095
3;3087;3347;3952;4090
3;3088;3348;3946;4087
3;3085;3346;3951;4093
3;3089;3349;3946;4095
3;3088;3354;3949;4094
3;3089;3353;3943;4091
3;3091;3361;3952;4095
3;3088;3358;3952;4087
3;3091;3353;3951;4087
3;3091;3355;3949;4094
3;3090;3359;3951;4093
3;3092;3349;3947;4086
3;3088;3363;3949;4091
3;3087;3357;3949;4086
3;3094;3347;3938;4086
3;3088;3361;3950;4086
3;3088;3354;3955;4090
3;3087;3355;3949;4087
3;3093;3357;3937;4083
3;3093;3354;3934;4095
3;3092;3351;3952;4093
3;3093;3354;3952;4080
3;3091;3353;3952;4095
3;3090;3347;3949;4086
3;3089;3347;3947;4085
3;3086;3357;3947;4095
3;3088;3350;3947;4091
3;3086;3351;3951;4085
3;3088;3351;3941;4083
3;3082;3347;3946;4085
3;3088;3351;3942;4094
3;3087;3351;3950;4091
3;3088;3353;3951;4094
3;3088;3349;3943;4091
3;3088;3346;3937;4085
3;3089;3355;3946;4090
3;3088;3354;3952;4086
3;3088;3352;3942;4095
3;3088;3349;3952;4094
3;3090;3350;3947;4095
3;3088;3355;3938;4094
3;3088;3349;3943;4086
3;3088;3351;3947;4093
3;3087;3355;3961;4095
3;3088;3355;3943;4095
3;3090;3349;3949;4080
3;3088;3353;3952;4089
3;3089;3351;3950;4093
3;3090;3353;3948;4091
3;3091;3359;3951;4095
3;3088;3353;3951;4086
3;3088;3355;3943;4087
3;3090;3350;3952;4095
3;3088;3356;3951;4093
3;3086;3358;3950;4095
3;3089;3358;3952;4095
3;3088;3350;3952;4087
3;3089;3354;3936;4090
3;3088;3354;3947;4091
3;3090;3355;3951;4095
3;3088;3357;3952;4087
3;3088;3354;3941;4095
3;3087;3353;3947;4091
3;3088;3347;3953;4087
3;3088;3357;3953;4085
3;3090;3353;3947;4095
3;3087;3357;3951;4095
3;3088;3351;3943;4095
3;3088;3353;3951;4085
3;3087;3357;3945;4095
3;3088;3357;3949;4091
3;3089;3356;3949;4095
3;3088;3351;3942;4095
3;3088;3357;3959;4091
3;3089;3347;3949;4095
3;3089;3351;3946;4095
3;3090;3356;3947;4095
3;3088;3351;3940;4085
3;3095;3355;3946;4095
3;3091;3354;3957;4086
3;3088;3357;3957;4095
3;3093;3359;3954;4093
3;3087;3353;3942;4092
3;3092;3355;3943;4084
3;3088;3351;3950;4095
3;3088;3351;3949;4092
3;3089;3355;3946;4093
3;3090;3355;3943;4095
3;3088;3362;3942;4092
3;3087;3355;3949;4092
3;3090;3350;3952;4089
3;3093;3359;3952;4094
3;3088;3356;3952;4093
3;3088;3361;3948;4095
3;3087;3356;3953;4095
3;3088;3359;3955;4092
3;3089;3351;3952;4081
3;3089;3354;3952;4095
3;3089;3355;3947;4090
3;3088;3350;3949;4095
3;3088;3353;3942;4095
3;3093;3348;3952;4093
3;3089;3357;3952;4089
3;3088;3349;3943;4089
3;3088;3351;3948;4086
3;3090;3354;3952;4090
3;3088;3358;3955;4095
3;3088;3355;3952;4093
3;3089;3355;3952;4087
3;3088;3350;3953;4091
3;3088;3350;3955;4093
3;3087;3349;3952;4092
3;3086;3351;3939;4095
3;3086;3353;3957;4089
3;3088;3349;3950;4095
3;3084;3346;3949;4095
3;3088;3346;3952;4092
3;3088;3351;3947;4092
3;3091;3354;3953;4091
3;3088;3359;3952;4082
3;3088;3353;3951;4095
3;3091;3349;3954;4095
3;3085;3357;3950;4085
3;3088;3347;3957;4095
3;3088;3351;3959;4095
3;3087;3353;3952;4089
3;3088;3350;3951;4095
3;3088;3349;3951;4094
3;3088;3348;3950;4095
3;3085;3354;3948;4087
3;3088;3346;3951;4095
3;3079;3354;3945;4095
3;3084;3345;3947;4080
3;3086;3349;3947;4090
3;3083;3346;3951;4088
3;3082;3347;3951;4090
3;3078;3344;3951;4090
3;3083;3347;3948;4095
3;3084;3348;3948;4095
3;3082;3350;3951;4095
4;3088;3350;3952;4094
4;3083;3345;3952;4093
4;3081;3347;3952;4094
4;3079;3348;3952;4093
4;3088;3348;3952;4091
4;3084;3350;3952;4087
4;3085;3345;3936;4093
4;3087;3348;3952;4095
4;3088;3349;3942;4095
4;3086;3352;3948;4091
4;3087;3351;3957;4094
4;3088;3345;3949;4093
4;3082;3341;3954;4095
4;3088;3347;3949;4095
4;3083;3344;3947;4095
4;3086;3345;3952;4082
4;3086;3347;3949;4092
4;3082;3346;3948;4087
4;3087;3344;3947;4090
4;3088;3349;3951;4080
4;3085;3346;3952;4094
4;3086;3350;3950;4094
4;3085;3348;3950;4083
4;3087;3349;3951;4095
4;3088;3349;3951;4093
4;3082;3351;3951;4094
4;3081;3348;3943;4090
4;3083;3344;3946;4091
4;3088;3345;3951;4095
4;3086;3348;3952;4089
4;3087;3347;3946;4095
4;3081;3350;3952;4093
4;3083;3350;3951;4095
4;3087;3348;3945;4084
4;3084;3345;3949;4085
4;3085;3347;3946;4095
4;3084;3344;3947;4091
4;3087;3346;3942;4083
4;3088;3354;3943;4091
4;3085;3349;3946;4093
4;3085;3344;3936;4086
4;3087;3351;3949;4095
4;3087;3350;3951;4086
4;3086;3349;3943;4090
4;3085;3345;3952;4091
4;3087;3350;3956;4087
4;3083;3346;3939;4087
4;3087;3351;3943;4090
4;3085;3348;3941;4093
4;3083;3349;3940;4092
4;3085;3345;3952;4089
4;3088;3344;3949;4089
4;3086;3346;3948;4086
4;3079;3346;3947;4090
4;3088;3349;3943;4090
4;3083;3344;3946;4087
4;3087;3349;3951;4095
4;3088;3345;3941;4095
4;3087;3346;3952;4093
4;3083;3350;3949;4095
4;3094;3356;3951;4094
4;3093;3354;3952;4091
4;3096;3357;3950;4083
4;3089;3359;3941;4084
4;3093;3354;3950;4083
4;3090;3353;3950;4087
4;3094;3352;3951;4086
4;3090;3357;3942;4093
4;3092;3358;3941;4091
4;3091;3354;3949;4090
4;3098;3357;3948;4095
4;3092;3360;3952;4087
4;3089;3354;3948;4087
4;3083;3346;3942;4086
4;3081;3350;3952;4083
4;3085;3344;3952;4091
4;3083;3351;3949;4095
4;3088;3354;3950;4095
4;3088;3345;3947;4094
4;3081;3355;3949;4095
4;3086;3347;3952;4095
4;3087;3347;3950;4095
4;3088;3353;3963;4087
4;3081;3355;3953;4093
4;3085;3350;3952;4095
4;3087;3347;3967;4095
4;3085;3346;3952;4089
4;3088;3354;3955;4095
4;3086;3353;3955;4095
4;3087;3345;3958;4092
4;3085;3351;3942;4095
4;3085;3353;3957;4095
4;3088;3351;3956;4095
4;3083;3350;3951;4095
4;3079;3349;3952;4095
4;3085;3347;3954;4095
4;3082;3351;3952;4095
4;3084;3346;3952;4091
4;3087;3349;3949;4087
4;3087;3350;3949;4095
4;3078;3347;3947;4087
4;3085;3347;3957;4094
4;3087;3348;3952;4095
4;3084;3355;3952;4095
4;3082;3350;3951;4095
4;3088;3348;3965;4085
4;3084;3350;3952;4094
4;3084;3345;3946;4086
4;3083;3347;3956;4095
4;3083;3349;3952;4084
4;3093;3353;3951;4090
4;3098;3356;3946;4095
4;3095;3355;3947;4084
4;3099;3363;3954;4089
4;3097;3362;3950;4095
4;3098;3358;3952;4085
4;3081;3346;3949;4092
4;3088;3350;3954;4091
4;3087;3354;3952;4087
4;3082;3345;3952;4086
4;3086;3351;3947;4095
4;3086;3352;3953;4087
4;3086;3347;3955;4093
4;3093;3349;3949;4092
4;3085;3349;3953;4094
4;3086;3344;3945;4085
4;3084;3344;3949;4085
4;3071;3345;3949;4094
4;3085;3351;3947;4093
4;3085;3344;3942;4080
4;3088;3346;3951;4095
4;3082;3349;3946;4083
4;3083;3347;3952;4090
4;3082;3343;3946;4086
4;3079;3351;3952;4080
4;3085;3347;3951;4093
4;3088;3344;3947;4095
4;3083;3344;3939;4090
4;3066;3335;3944;4095
4;3065;3342;3945;4086
4;3056;3331;3944;4095
4;3040;3322;3948;4082
4;3054;3328;3942;4083
4;3059;3335;3936;4089
4;3068;3339;3955;4095
4;3082;3342;3946;4083
4;3071;3344;3941;4095
4;3078;3346;3941;4095
4;3082;3339;3947;4080
4;3080;3345;3942;4087
4;3089;3348;3945;4083
4;3088;3350;3942;4084
4;3088;3357;3945;4081
4;3099;3354;3943;4089
4;3097;3357;3943;4089
4;3102;3361;3952;4095
4;3103;3363;3932;4080
4;3100;3360;3949;4091
4;3100;3361;3945;4093
4;3098;3359;3939;4095
4;3088;3356;3939;4091
4;3088;3353;3945;4085
4;3090;3351;3957;4085
4;3085;3346;3942;4083
4;3080;3346;3942;4095
4;3079;3351;3946;4090
4;3070;3339;3947;4095
4;3070;3344;3938;4087
4;3066;3339;3951;4083
4;3070;3344;3947;4092
4;3071;3344;3946;4095
4;3079;3346;3948;4094
4;3107;3363;3965;4095
4;3100;3357;3952;4085
4;3103;3363;3950;4095
4;3106;3366;3947;4095
4;3100;3367;3943;4095
4;3107;3367;3949;4095
4;3108;3363;3953;4087
4;3105;3367;3949;4095
4;3102;3366;3954;4087
4;3100;3365;3953;4095
4;3101;3359;3950;4095
4;3101;3360;3952;4092
4;3098;3357;3945;4090
4;3097;3354;3947;4095
4;3098;3350;3950;4095
4;3096;3363;3952;4095
4;3114;3368;3950;4095
4;3111;3366;3949;4095
4;3103;3360;3942;4095
4;3103;3357;3949;4093
4;3099;3355;3943;4087
4;3103;3361;3943;4081
4;3105;3362;3938;4091
4;3103;3362;3952;4095
4;3113;3361;3939;4085
4;3115;3370;3947;4095
4;3116;3372;3945;4087
4;3118;3371;3952;4083
4;3119;3379;3945;4087
4;3115;3375;3959;4083
4;3119;3367;3948;4089
4;3115;3369;3948;4090
4;3105;3365;3947;4085
4;3107;3365;3951;4095
4;3107;3362;3949;4084
4;3109;3366;3942;4093
4;3113;3365;3949;4095
4;3107;3365;3939;4091
4;3126;3381;3955;4093
4;3123;3389;3950;4095
4;3130;3381;3949;4092
4;3134;3393;3951;4095
4;3135;3395;3952;4093
4;3136;3397;3950;4093
4;3140;3393;3959;4095
4;3142;3407;3956;4095
4;3138;3395;3959;4095
4;3138;3395;3965;4095
4;3147;3401;3970;4095
4;3147;3409;3975;4095
4;3147;3405;3969;4095
4;3145;3408;3968;4095
4;3151;3402;3975;4095
4;3144;3399;3959;4095
4;3143;3401;3968;4095
4;3143;3403;3962;4095
4;3088;3351;3948;4095
4;3087;3349;3950;4091
4;3086;3351;3943;4092
4;3086;3357;3952;4095
4;3089;3354;3950;4087
4;3101;3360;3941;4086
4;3098;3359;3942;4082
4;3101;3358;3947;4081
4;3097;3358;3946;4087
4;3098;3356;3939;4094
4;3089;3354;3943;4093
4;3088;3355;3952;4095
4;3089;3350;3952;4095
4;3089;3358;3949;4093
4;3089;3357;3949;4095
4;3089;3352;3952;4095
4;3094;3355;3952;4087
4;3091;3362;3953;4086
4;3093;3355;3949;4091
4;3091;3357;3953;4095
4;3089;3352;3952;4093
4;3088;3354;3950;4095
4;3089;3351;3938;4095
4;3095;3349;3952;4095
4;3095;3357;3950;4092
4;3091;3354;3946;4095
4;3088;3353;3946;4090
4;3092;3353;3948;4095
4;3094;3356;3952;4089
4;3095;3359;3951;4095
4;3095;3362;3952;4085
4;3098;3353;3948;4086
4;3099;3357;3945;4083
4;3093;3359;3952;4095
4;3092;3359;3942;4092
4;3096;3357;3954;4090
4;3099;3362;3952;4087
4;3094;3360;3952;4091
4;3094;3354;3953;4095
4;3098;3357;3952;4086
4;3100;3360;3950;4094
4;3095;3360;3952;4090
4;3095;3358;3960;4093
4;3101;3357;3952;4093
4;3095;3360;3949;4095
4;3093;3360;3951;4093
4;3089;3354;3949;4094
4;3093;3357;3949;4093
4;3095;3359;3935;4092
4;3099;3358;3950;4095
4;3097;3359;3944;4087
4;3097;3361;3951;4090
4;3099;3357;3950;4095
4;3099;3359;3952;4092
4;3097;3355;3954;4087
4;3102;3363;3950;4094
5;3095;3363;3938;4092
5;3098;3360;3950;4095
5;3101;3360;3952;4094
5;3101;3363;3952;4095
5;3098;3359;3952;4095
5;3099;3361;3952;4095
5;3099;3363;3951;4091
5;3098;3359;3952;4089
5;3091;3360;3942;4091
5;3098;3360;3943;4095
5;3103;3366;3952;4094
5;3101;3361;3953;4095
5;3102;3361;3952;4095
5;3100;3361;3952;4095
5;3098;3360;3945;4095
5;3098;3362;3946;4086
5;3098;3363;3953;4095
5;3100;3362;3952;4093
5;3096;3367;3951;4086
5;3093;3359;3952;4095
5;3099;3362;3961;4095
5;3102;3363;3953;4091
5;3098;3361;3946;4092
5;3098;3361;3952;4094
5;3103;3363;3953;4095
5;3094;3361;3954;4095
5;3101;3362;3952;4095
5;3098;3358;3952;4095
5;3103;3360;3952;4095
5;3097;3362;3957;4095
5;3101;3361;3951;4095
5;3097;3363;3954;4095
5;3097;3367;3951;4095
5;3102;3361;3951;4095
5;3098;3362;3952;4095
5;3097;3358;3953;4093
5;3097;3359;3949;4091
5;3099;3360;3954;4093
5;3102;3361;3952;4095
5;3100;3360;3962;4094
5;3100;3358;3951;4095
5;3099;3362;3953;4092
5;3098;3357;3952;4095
5;3099;3362;3959;4090
5;3100;3365;3955;4091
5;3093;3362;3959;4095
5;3101;3361;3954;4095
5;3098;3361;3959;4091
5;3099;3365;3952;4095
5;3101;3363;3959;4095
5;3094;3362;3958;4095
5;3099;3358;3951;4095
5;3096;3363;3950;4095
5;3098;3363;3951;4095
5;3095;3361;3958;4091
5;3098;3361;3952;4095
5;3103;3364;3951;4090
5;3097;3362;3950;4095
5;3098;3362;3952;4091
5;3093;3362;3962;4095
5;3098;3361;3954;4095
5;3095;3365;3952;4086
5;3093;3366;3965;4095
5;3101;3362;3952;4095
5;3101;3366;3950;4090
5;3092;3358;3946;4092
5;3100;3362;3954;4095
5;3101;3350;3945;4090
5;3094;3366;3952;4089
5;3093;3363;3949;4095
5;3098;3360;3957;4093
5;3099;3358;3951;4092
5;3093;3360;3962;4095
5;3104;3360;3951;4095
5;3099;3357;3951;4089
5;3098;3359;3951;4094
5;3099;3361;3955;4095
5;3098;3362;3953;4092
5;3100;3362;3952;4095
5;3094;3363;3946;4093
5;3099;3356;3943;4092
5;3093;3359;3949;4095
5;3093;3361;3952;4095
5;3099;3365;3952;4095
5;3097;3365;3953;4091
5;3099;3359;3951;4090
5;3101;3358;3950;4091
5;3094;3357;3953;4095
5;3095;3358;3952;4095
5;3091;3361;3953;4095
5;3095;3355;3952;4094
5;3103;3360;3942;4090
5;3095;3358;3951;4090
5;3093;3362;3952;4089
5;3100;3363;3954;4095
5;3097;3359;3956;4086
5;3092;3358;3953;4095
5;3095;3360;3947;4087
5;3096;3366;3939;4095
5;3095;3363;3961;4095
5;3095;3361;3953;4093
5;3099;3361;3947;4095
5;3097;3363;3954;4092
5;3093;3361;3952;4095
5;3098;3359;3943;4095
5;3099;3364;3957;4094
5;3099;3371;3953;4093
5;3094;3359;3951;4095
5;3102;3364;3952;4095
5;3097;3360;3965;4095
5;3098;3359;3952;4095
5;3094;3359;3951;4095
5;3098;3360;3952;4092
5;3097;3365;3957;4095
5;3094;3363;3955;4095
5;3100;3360;3950;4095
5;3100;3363;3949;4093
5;3098;3359;3955;4095
5;3104;3365;3953;4091
5;3100;3358;3952;4095
5;3099;3367;3951;4090
5;3094;3364;3941;4095
5;3088;3356;3950;4095
5;3086;3347;3945;4095
5;3087;3350;3954;4095
5;3089;3349;3944;4095
5;3088;3354;3950;4089
5;3089;3354;3952;4080
5;3091;3360;3943;4091
5;3091;3357;3952;4095
5;3097;3359;3948;4090
5;3102;3360;3952;4091
5;3093;3354;3947;4095
5;3090;3357;3957;4091
5;3088;3352;3951;4087
5;3089;3355;3954;4095
5;3091;3355;3945;4093
5;3091;3355;3949;4095
5;3093;3356;3956;4094
5;3088;3358;3952;4093
5;3088;3350;3938;4093
5;3088;3354;3955;4095
5;3092;3350;3950;4085
5;3088;3353;3952;4095
5;3088;3350;3952;4083
5;3088;3355;3948;4093
5;3089;3354;3952;4095
5;3088;3350;3949;4081
5;3088;3353;3950;4080
5;3087;3353;3953;4095
5;3087;3355;3945;4083
5;3088;3349;3950;4086
5;3088;3350;3952;4086
5;3087;3351;3950;4095
5;3087;3346;3952;4094
5;3086;3347;3950;4090
5;3088;3353;3948;4091
5;3088;3353;3942;4090
5;3086;3347;3949;4095
5;3087;3349;3954;4095
5;3087;3347;3939;4093
5;3088;3