1;3790;4002;4095;4095
1;3791;3998;4095;4095
1;3775;4003;4095;4095
1;3778;4003;4095;4095
1;3790;4007;4095;4095
1;3786;4000;4095;4095
1;3778;4009;4095;4095
1;3785;4001;4095;4095
1;3779;3999;4095;4095
1;3779;3995;4095;4095
1;3781;4006;4095;4095
1;3775;3999;4095;4095
1;3782;4003;4095;4095
1;3777;4000;4095;4095
1;3785;4002;4095;4095
1;3781;4000;4095;4095
1;3776;4000;4095;4095
1;3780;3998;4095;4095
1;3776;3999;4095;4095
1;3786;4011;4095;4095
1;3778;4007;4095;4095
1;3778;3998;4095;4095
1;3775;4002;4095;4095
1;3783;4003;4095;4095
1;3786;3995;4095;4095
1;3786;4007;4095;4095
1;3784;4002;4095;4095
1;3776;4001;4095;4095
1;3789;4005;4095;4095
1;3777;4002;4095;4095
1;3781;3999;4095;4095
1;3772;4005;4095;4095
1;3781;3998;4095;4095
1;3780;4000;4095;4095
1;3786;4009;4095;4095
1;3778;3999;4095;4095
1;3782;3994;4095;4095
1;3781;3997;4095;4095
1;3780;3998;4095;4095
1;3783;4001;4095;4095
1;3782;4003;4095;4095
1;3782;4001;4095;4095
1;3782;4001;4095;4095
1;3781;4002;4095;4095
1;3781;3989;4095;4095
1;3782;3997;4095;4095
1;3782;3998;4095;4095
1;3788;3995;4095;4095
1;3789;4007;4095;4095
1;3792;3995;4095;4095
1;3777;3998;4095;4095
1;3780;3993;4095;4095
1;3781;3998;4095;4095
1;3782;4001;4095;4095
1;3776;3999;4095;4095
1;3782;3995;4095;4095
1;3782;3997;4095;4095
1;3779;3997;4095;4095
1;3785;3999;4095;4095
1;3787;3997;4095;4095
1;3778;4007;4095;4095
1;3783;3991;4095;4095
1;3778;3998;4095;4095
1;3775;3997;4095;4095
1;3778;4002;4095;4095
1;3787;4001;4095;4095
1;3783;3994;4095;4095
1;3786;4001;4095;4095
1;3788;3997;4095;4095
1;3776;3998;4095;4095
1;3783;4000;4095;4095
1;3782;3996;4095;4095
1;3778;4000;4095;4095
1;3792;3995;4095;4095
1;3779;3991;4095;4095
1;3783;4004;4095;4095
1;3778;3999;4095;4095
1;3785;3985;4095;4095
1;3780;3997;4095;4095
1;3783;3997;4095;4095
1;3778;4000;4095;4095
1;3781;4006;4095;4095
1;3775;4010;4095;4095
1;3782;4000;4095;4095
1;3769;3995;4095;4095
1;3782;4004;4095;4095
1;3778;3995;4095;4095
1;3766;4007;4095;4095
1;3775;3995;4095;4095
1;3772;3986;4095;4095
1;3783;3999;4095;4095
1;3775;3991;4095;4095
1;3779;3991;4095;4095
1;3790;3987;4095;4095
1;3776;3998;4095;4095
1;3777;3989;4095;4095
1;3774;4000;4095;4095
1;3777;3999;4095;4095
1;3780;3993;4095;4095
1;3789;3995;4095;4095
1;3775;4001;4095;4095
1;3777;3993;4095;4095
1;3779;4010;4095;4095
1;3773;4004;4095;4095
1;3782;3999;4095;4095
1;3777;3998;4095;4095
1;3778;3994;4095;4095
1;3783;3995;4095;4095
1;3778;3993;4095;4095
1;3776;4002;4095;4095
1;3778;3994;4095;4095
1;3773;3997;4095;4095
1;3781;4003;4095;4095
1;3780;3999;4095;4095
1;3777;4001;4095;4095
1;3778;3995;4095;4095
1;3791;4000;4095;4095
1;3774;3991;4095;4095
1;3778;3997;4095;4095
1;3776;3991;4095;4095
1;3781;3987;4095;4095
1;3781;3993;4095;4095
1;3777;4005;4095;4095
1;3777;3999;4095;4095
1;3776;3988;4095;4095
1;3777;3999;4095;4095
1;3775;3995;4095;4095
1;3776;4007;4095;4095
1;3791;3997;4095;4095
1;3779;3997;4095;4095
1;3787;4000;4095;4095
1;3776;4000;4095;4095
1;3782;4005;4095;4095
1;3776;3994;4095;4095
1;3776;3998;4095;4095
1;3776;3989;4095;4095
1;3786;3997;4095;4095
1;3775;3994;4095;4095
1;3781;3989;4095;4095
1;3780;3999;4095;4095
1;3782;4003;4095;4095
1;3787;3997;4095;4095
1;3773;3993;4095;4095
1;3770;3991;4095;4095
1;3774;3995;4095;4095
1;3776;3991;4095;4095
1;3785;3999;4095;4095
1;3774;3993;4095;4095
1;3779;3984;4095;4095
1;3770;3989;4095;4095
1;3775;3992;4095;4095
1;3772;3984;4095;4095
1;3773;3991;4095;4095
1;3776;3984;4095;4095
1;3766;3986;4095;4095
1;3771;3990;4095;4095
1;3775;3995;4095;4095
1;3767;3986;4095;4095
1;3768;3999;4095;4095
1;3776;3987;4095;4095
1;3772;3995;4095;4095
1;3773;3998;4095;4095
1;3774;3991;4095;4095
1;3776;3990;4095;4095
1;3780;4007;4095;4095
1;3777;3991;4095;4095
1;3776;3990;4095;4095
1;3777;3995;4095;4095
1;3776;3984;4095;4095
1;3783;3995;4095;4095
1;3777;3987;4095;4095
1;3771;3996;4095;4095
1;3773;3987;4095;4095
1;3776;3987;4095;4095
1;3771;3994;4095;4095
1;3771;3996;4095;4095
1;3775;3993;4095;4095
1;3786;3994;4095;4095
1;3767;3988;4095;4095
1;3778;3988;4095;4095
1;3773;3995;4095;4095
1;3776;3990;4095;4095
1;3770;3995;4095;4095
1;3770;3995;4095;4095
1;3769;3984;4095;4095
1;3771;3990;4095;4095
1;3786;3997;4095;4095
1;3775;3988;4095;4095
1;3774;3986;4095;4095
1;3766;3987;4095;4095
1;3767;3984;4095;4095
1;3788;3995;4095;4095
1;3769;3990;4095;4095
1;3765;3987;4095;4095
1;3776;4000;4095;4095
1;3775;3997;4095;4095
1;3760;3997;4095;4095
1;3771;3993;4095;4095
1;3774;3996;4095;4095
1;3760;3987;4095;4095
1;3769;3998;4095;4095
1;3776;3994;4095;4095
1;3775;3987;4095;4095
1;3781;3986;4095;4095
1;3775;3990;4095;4095
1;3776;3985;4095;4095
1;3775;3995;4095;4095
1;3783;3995;4095;4095
1;3763;3993;4095;4095
1;3772;3990;4095;4095
1;3766;3994;4095;4095
1;3768;3987;4095;4095
1;3770;3987;4095;4095
1;3771;3986;4095;4095
1;3775;3991;4095;4095
1;3776;3983;4095;4095
1;3780;3990;4095;4095
1;3777;3990;4095;4095
1;3762;4001;4095;4095
1;3777;3984;4095;4095
1;3767;3991;4095;4095
1;3774;3986;4095;4095
1;3770;3989;4095;4095
1;3771;3990;4095;4095
1;3775;3987;4095;4095
1;3769;3993;4095;4095
1;3771;3989;4095;4095
1;3767;4006;4095;4095
1;3773;3995;4095;4095
1;3760;3991;4095;4095
1;3771;3995;4095;4095
1;3784;3991;4095;4095
1;3775;3990;4095;4095
1;3769;3984;4095;4095
1;3771;3989;4095;4095
1;3777;3990;4095;4095
1;3783;3989;4095;4095
1;3775;3986;4095;4095
1;3765;3997;4095;4095
1;3778;3989;4095;4095
1;3767;3992;4095;4095
1;3766;3986;4095;4095
1;3776;3990;4095;4095
1;3779;3984;4095;4095
1;3776;3997;4095;4095
1;3771;3987;4095;4095
1;3782;3998;4095;4095
1;3778;3997;4095;4095
1;3776;3984;4095;4095
1;3781;3989;4095;4095
1;3770;3991;4095;4095
1;3770;3989;4095;4095
1;3767;3991;4095;4095
1;3770;3999;4095;4095
1;3773;3998;4095;4095
1;3774;3992;4095;4095
1;3773;3994;4095;4095
1;3779;3994;4095;4095
1;3772;3991;4095;4095
1;3770;3991;4095;4095
1;3772;3991;4095;4095
1;3774;3987;4095;4095
1;3760;3995;4095;4095
1;3775;3994;4095;4095
1;3774;3989;4095;4095
1;3762;3989;4095;4095
1;3780;3989;4095;4095
1;3778;3994;4095;4095
1;3766;3989;4095;4095
1;3770;3994;4095;4095
1;3775;3991;4095;4095
1;3771;3986;4095;4095
1;3776;3986;4095;4095
1;3774;3997;4095;4095
1;3774;3983;4095;4095
1;3776;3995;4095;4095
1;3773;3995;4095;4095
1;3776;3997;4095;4095
1;3772;3987;4095;4095
1;3761;3990;4095;4095
1;3772;3993;4095;4095
1;3765;3987;4095;4095
1;3783;3991;4095;4095
1;3769;4000;4095;4095
1;3773;3984;4095;4095
1;3779;3991;4095;4095
1;3771;3990;4095;4095
1;3774;3990;4095;4095
1;3777;4002;4095;4095
1;3781;3989;4095;4095
1;3772;3989;4095;4095
1;3783;3987;4095;4095
1;3781;3992;4095;4095
1;3763;3996;4095;4095
1;3764;3987;4095;4095
1;3765;3986;4095;4095
1;3774;3991;4095;4095
1;3773;3991;4095;4095
1;3767;3994;4095;4095
1;3777;3997;4095;4095
1;3775;3995;4095;4095
1;3760;3991;4095;4095
1;3774;3987;4095;4095
1;3778;3991;4095;4095
1;3766;3984;4095;4095
1;3779;3993;4095;4095
1;3781;3992;4095;4095
1;3763;3982;4095;4095
1;3773;3991;4095;4095
1;3772;3991;4095;4095
1;3773;4002;4095;4095
1;3771;3983;4095;4095
1;3775;3985;4095;4095
1;3773;3999;4095;4095
1;3776;3983;4095;4095
1;3773;3996;4095;4095
1;3771;3994;4095;4095
1;3770;3996;4095;4095
1;3771;3988;4095;4095
1;3772;3987;4095;4095
2;3776;3993;4095;4095
2;3776;3994;4095;4095
2;3773;3989;4095;4095
2;3763;3999;4095;4095
2;3769;3990;4095;4095
2;3770;3987;4095;4095
2;3770;3985;4095;4095
2;3770;3991;4095;4095
2;3759;3991;4095;4095
2;3770;3984;4095;4095
2;3771;3994;4095;4095
2;3771;3992;4095;4095
2;3775;3984;4095;4095
2;3778;4003;4095;4095
2;3771;3994;4095;4095
2;3771;3991;4095;4095
2;3772;3994;4095;4095
2;3776;3984;4095;4095
2;3778;3983;4095;4095
2;3772;3985;4095;4095
2;3774;3991;4095;4095
2;3766;3989;4095;4095
2;3772;3984;4095;4095
2;3769;3991;4095;4095
2;3771;3991;4095;4095
2;3764;3995;4095;4095
2;3776;3987;4095;4095
2;3770;3984;4095;4095
2;3777;3991;4095;4095
2;3774;3985;4095;4095
2;3768;3995;4095;4095
2;3774;3990;4095;4095
2;3771;3990;4095;4095
2;3773;3988;4095;4095
2;3766;3998;4095;4095
2;3775;3993;4095;4095
2;3766;3989;4095;4095
2;3766;3989;4095;4095
2;3774;3989;4095;4095
2;3773;3987;4095;4095
2;3769;3991;4095;4095
2;3777;3992;4095;4095
2;3780;3995;4095;4095
2;3775;3989;4095;4095
2;3769;3983;4095;4095
2;3773;3997;4095;4095
2;3769;3983;4095;4095
2;3771;3992;4095;4095
2;3767;3982;4095;4095
2;3760;3991;4095;4095
2;3766;3994;4095;4095
2;3762;3987;4095;4095
2;3765;3990;4095;4095
2;3766;3987;4095;4095
2;3767;3989;4095;4095
2;3771;3987;4095;4095
2;3781;3989;4095;4095
2;3771;3985;4095;4095
2;3774;3988;4095;4095
2;3781;3995;4095;4095
2;3763;3984;4095;4095
2;3764;3995;4095;4095
2;3761;3983;4095;4095
2;3769;3993;4095;4095
2;3762;3990;4095;4095
2;3772;3984;4095;4095
2;3771;4003;4095;4095
2;3770;3987;4095;4095
2;3774;3989;4095;4095
2;3771;3984;4095;4095
2;3765;3991;4095;4095
2;3769;3984;4095;4095
2;3776;3998;4095;4095
2;3777;3994;4095;4095
2;3771;3994;4095;4095
2;3776;3991;4095;4095
2;3769;3994;4095;4095
2;3773;3994;4095;4095
2;3770;3999;4095;4095
2;3762;3985;4095;4095
2;3773;3987;4095;4095
2;3774;3989;4095;4095
2;3776;3995;4095;4095
2;3775;3991;4095;4095
2;3771;3990;4095;4095
2;3776;3995;4095;4095
2;3787;3996;4095;4095
2;3763;3991;4095;4095
2;3773;3990;4095;4095
2;3776;3987;4095;4095
2;3766;3995;4095;4095
2;3770;4004;4095;4095
2;3765;3984;4095;4095
2;3772;3995;4095;4095
2;3770;3994;4095;4095
2;3766;3996;4095;4095
2;3781;3987;4095;4095
2;3762;3988;4095;4095
2;3766;3990;4095;4095
2;3762;4003;4095;4095
2;3779;3989;4095;4095
2;3773;3988;4095;4095
2;3767;3998;4095;4095
2;3779;3983;4095;4095
2;3777;3989;4095;4095
2;3769;3990;4095;4095
2;3779;3997;4095;4095
2;3783;3986;4095;4095
2;3764;3996;4095;4095
2;3775;3995;4095;4095
2;3775;3999;4095;4095
2;3780;3983;4095;4095
2;3772;3995;4095;4095
2;3776;3982;4095;4095
2;3763;3987;4095;4095
2;3773;3990;4095;4095
2;3771;3995;4095;4095
2;3771;4002;4095;4095
2;3771;3994;4095;4095
2;3774;3997;4095;4095
2;3778;3984;4095;4095
2;3777;3984;4095;4095
2;3767;3995;4095;4095
2;3772;3995;4095;4095
2;3765;3991;4095;4095
2;3758;3984;4095;4095
2;3765;3983;4095;4095
2;3776;3984;4095;4095
2;3767;3999;4095;4095
2;3765;3984;4095;4095
2;3776;3990;4095;4095
2;3771;3991;4095;4095
2;3777;3987;4095;4095
2;3777;3985;4095;4095
2;3771;3990;4095;4095
2;3761;3987;4095;4095
2;3765;3988;4095;4095
2;3775;3989;4095;4095
2;3775;3989;4095;4095
2;3776;3989;4095;4095
2;3765;3995;4095;4095
2;3771;3990;4095;4095
2;3775;3994;4095;4095
2;3761;3991;4095;4095
2;3770;3993;4095;4095
2;3774;3992;4095;4095
2;3773;3990;4095;4095
2;3774;3984;4095;4095
2;3771;3994;4095;4095
2;3771;3987;4095;4095
2;3765;3993;4095;4095
2;3770;3984;4095;4095
2;3784;3990;4095;4095
2;3765;4003;4095;4095
2;3777;3995;4095;4095
2;3775;3984;4095;4095
2;3766;3998;4095;4095
2;3776;3991;4095;4095
2;3779;3985;4095;4095
2;3771;3979;4095;4095
2;3766;3993;4095;4095
2;3778;3994;4095;4095
2;3767;3987;4095;4095
2;3775;3994;4095;4095
2;3770;3984;4095;4095
2;3776;3984;4095;4095
2;3777;3988;4095;4095
2;3763;3990;4095;4095
2;3776;3995;4095;4095
2;3765;3986;4095;4095
2;3770;3996;4095;4095
2;3767;3984;4095;4095
2;3775;3993;4095;4095
2;3771;3983;4095;4095
2;3765;3985;4095;4095
2;3771;3995;4095;4095
2;3754;3986;4095;4095
2;3780;3989;4095;4095
2;3773;3991;4095;4095
2;3771;3993;4095;4095
2;3776;3994;4095;4095
2;3770;3994;4095;4095
2;3770;4000;4095;4095
2;3762;3983;4095;4095
2;3770;3989;4095;4095
2;3767;3989;4095;4095
2;3772;3986;4095;4095
2;3773;3988;4095;4095
2;3776;3984;4095;4095
2;3771;3998;4095;4095
2;3769;3986;4095;4095
2;3769;3987;4095;4095
2;3766;3984;4095;4095
2;3760;3991;4095;4095
2;3776;3984;4095;4095
2;3771;3988;4095;4095
2;3775;3997;4095;4095
2;3777;3991;4095;4095
2;3771;3988;4095;4095
2;3767;3993;4095;4095
2;3763;4000;4095;4095
2;3771;3988;4095;4095
2;3771;3986;4095;4095
2;3768;3984;4095;4095
2;3774;3987;4095;4095
2;3762;3989;4095;4095
2;3771;3985;4095;4095
2;3767;3985;4095;4095
2;3766;3987;4095;4095
2;3769;3995;4095;4095
2;3770;3988;4095;4095
2;3759;3991;4095;4095
2;3766;3986;4095;4095
2;3770;3991;4095;4095
2;3773;3985;4095;4095
2;3765;3989;4095;4095
2;3765;3986;4095;4095
2;3761;3994;4095;4095
2;3762;3989;4095;4095
2;3773;3990;4095;4095
2;3774;3985;4095;4095
2;3771;3993;4095;4095
2;3764;3990;4095;4095
2;3772;3984;4095;4095
2;3776;3987;4095;4095
2;3762;3963;4095;4095
2;3771;3985;4095;4095
2;3775;3999;4095;4095
2;3759;3987;4095;4095
2;3770;3993;4095;4095
2;3773;3988;4095;4095
2;3770;3987;4095;4095
3;3765;3990;4095;4095
3;3767;3988;4095;4095
3;3767;3984;4095;4095
3;3771;3993;4095;4095
3;3776;3984;4095;4095
3;3773;3984;4095;4095
3;3765;3989;4095;4095
3;3770;3982;4095;4095
3;3776;3984;4095;4095
3;3769;3984;4095;4095
3;3774;3987;4095;4095
3;3771;3984;4095;4095
3;3771;3986;4095;4095
3;3777;3985;4095;4095
3;3771;3983;4095;4095
3;3773;3985;4095;4095
3;3774;3994;4095;4095
3;3775;3989;4095;4095
3;3769;3986;4095;4095
3;3767;3991;4095;4095
3;3775;3997;4095;4095
3;3770;3989;4095;4095
3;3771;3991;4095;4095
3;3762;3988;4095;4095
3;3764;3991;4095;4095
3;3765;3991;4095;4095
3;3760;3984;4095;4095
3;3769;3994;4095;4095
3;3765;3986;4095;4095
3;3779;3995;4095;4095
3;3771;3989;4095;4095
3;3774;3994;4095;4095
3;3766;3984;4095;4095
3;3766;3985;4095;4095
3;3767;3987;4095;4095
3;3762;3984;4095;4095
3;3773;3984;4095;4095
3;3768;3985;4095;4095
3;3774;3987;4095;4095
3;3767;3991;4095;4095
3;3771;3984;4095;4095
3;3775;3991;4095;4095
3;3762;3984;4095;4095
3;3775;3985;4095;4095
3;3767;3986;4095;4095
3;3767;3984;4095;4095
3;3771;3987;4095;4095
3;3766;3976;4095;4095
3;3771;3991;4095;4095
3;3773;3989;4095;4095
3;3775;3986;4095;4095
3;3760;3991;4095;4095
3;3770;3991;4095;4095
3;3766;3986;4095;4095
3;3774;3990;4095;4095
3;3765;3984;4095;4095
3;3767;3985;4095;4095
3;3765;3990;4095;4095
3;3770;3989;4095;4095
3;3763;3989;4095;4095
3;3766;3993;4095;4095
3;3766;3986;4095;4095
3;3772;3987;4095;4095
3;3767;3989;4095;4095
3;3769;3993;4095;4095
3;3774;3984;4095;4095
3;3766;3998;4095;4095
3;3770;3990;4095;4095
3;3767;3984;4095;4095
3;3777;3987;4095;4095
3;3766;3989;4095;4095
3;3774;3986;4095;4095
3;3769;3987;4095;4095
3;3770;3990;4095;4095
3;3774;3984;4095;4095
3;3767;3987;4095;4095
3;3771;3991;4095;4095
3;3773;3991;4095;4095
3;3774;3986;4095;4095
3;3761;3986;4095;4095
3;3776;3989;4095;4095
3;3766;3988;4095;4095
3;3765;3984;4095;4095
3;3766;3985;4095;4095
3;3773;3990;4095;4095
3;3772;3984;4095;4095
3;3767;3986;4095;4095
3;3762;3988;4095;4095
3;3760;3991;4095;4095
3;3773;3986;4095;4095
3;3766;3988;4095;4095
3;3773;3984;4095;4095
3;3760;3986;4095;4095
3;3772;3986;4095;4095
3;3772;3982;4095;4095
3;3771;3984;4095;4095
3;3767;3993;4095;4095
3;3779;3989;4095;4095
3;3767;3988;4095;4095
3;3760;3984;4095;4095
3;3762;3989;4095;4095
3;3765;3985;4095;4095
3;3757;3985;4095;4095
3;3771;3984;4095;4095
3;3767;3984;4095;4095
3;3767;3984;4095;4095
3;3774;3985;4095;4095
3;3780;3989;4095;4095
3;3774;4009;4095;4095
3;3770;3986;4095;4095
3;3775;3987;4095;4095
3;3766;3984;4095;4095
3;3770;3985;4095;4095
3;3760;3984;4095;4095
3;3763;3995;4095;4095
3;3769;3996;4095;4095
3;3761;3984;4095;4095
3;3763;3999;4095;4095
3;3770;3995;4095;4095
3;3771;3986;4095;4095
3;3771;3985;4095;4095
3;3763;3988;4095;4095
3;3771;3984;4095;4095
3;3774;3993;4095;4095
3;3760;3984;4095;4095
3;3776;3998;4095;4095
3;3775;3984;4095;4095
3;3770;3989;4095;4095
3;3770;3989;4095;4095
3;3763;3995;4095;4095
3;3765;3986;4095;4095
3;3767;3989;4095;4095
3;3770;3988;4095;4095
3;3763;3995;4095;4095
3;3767;3987;4095;4095
3;3770;3986;4095;4095
3;3767;3986;4095;4095
3;3765;3983;4095;4095
3;3775;3984;4095;4095
3;3762;3989;4095;4095
3;3760;3986;4095;4095
3;3775;3984;4095;4095
3;3765;3993;4095;4095
3;3776;3982;4095;4095
3;3773;3984;4095;4095
3;3761;3984;4095;4095
3;3769;3985;4095;4095
3;3777;3984;4095;4095
3;3766;3984;4095;4095
3;3771;3985;4095;4095
3;3763;3984;4095;4095
3;3769;3992;4095;4095
3;3771;3989;4095;4095
3;3771;3985;4095;4095
3;3768;4001;4095;4095
3;3763;3989;4095;4095
3;3771;3984;4095;4095
3;3767;3985;4095;4095
3;3760;3987;4095;4095
3;3769;3986;4095;4095
3;3769;3992;4095;4095
3;3771;3988;4095;4095
3;3769;3985;4095;4095
3;3765;3984;4095;4095
3;3774;3984;4095;4095
3;3768;3981;4095;4095
3;3763;3984;4095;4095
3;3769;3988;4095;4095
3;3760;3984;4095;4095
3;3773;3985;4095;4095
3;3775;3985;4095;4095
3;3771;3986;4095;4095
3;3772;3987;4095;4095
3;3771;3990;4095;4095
3;3770;3991;4095;4095
3;3769;3984;4095;4095
3;3767;3986;4095;4095
3;3771;3984;4095;4095
3;3770;3980;4095;4095
3;3760;3984;4095;4095
3;3767;3989;4095;4095
3;3767;3986;4095;4095
3;3764;3985;4095;4095
3;3760;3985;4095;4095
3;3760;3987;4095;4095
3;3762;3994;4095;4095
3;3775;3987;4095;4095
3;3765;3991;4095;4095
3;3773;3983;4095;4095
3;3772;3984;4095;4095
3;3762;3986;4095;4095
3;3760;3989;4095;4095
3;3759;3986;4095;4095
3;3762;3984;4095;4095
3;3765;3984;4095;4095
3;3779;3992;4095;4095
3;3771;3985;4095;4095
3;3761;3994;4095;4095
3;3770;3990;4095;4095
3;3766;3989;4095;4095
3;3766;3990;4095;4095
3;3760;3984;4095;4095
3;3775;3984;4095;4095
3;3765;3984;4095;4095
3;3762;3987;4095;4095
3;3763;3984;4095;4095
3;3771;3984;4095;4095
3;3776;3984;4095;4095
3;3767;3991;4095;4095
3;3761;3990;4095;4095
3;3770;3988;4095;4095
3;3760;3985;4095;4095
3;3763;3984;4095;4095
3;3762;3984;4095;4095
3;3776;3978;4095;4095
3;3762;3981;4095;4095
3;3776;3986;4095;4095
3;3776;3995;4095;4095
3;3770;3994;4095;4095
3;3759;3984;4095;4095
3;3769;3984;4095;4095
3;3771;3984;4095;4095
3;3770;3990;4095;4095
3;3760;3982;4095;4095
3;3761;3981;4095;4095
3;3767;3985;4095;4095
3;3760;3991;4095;4095
3;3765;3991;4095;4095
3;3760;3989;4095;4095
3;3767;3984;4095;4095
3;3765;3985;4095;4095
3;3762;3988;4095;4095
3;3768;3990;4095;4095
3;3763;3984;4095;4095
3;3765;3983;4095;4095
3;3773;3984;4095;4095
3;3762;3984;4095;4095
3;3774;3984;4095;4095
3;3774;3984;4095;4095
3;3762;3994;4095;4095
4;3760;3990;4095;4095
4;3765;3983;4095;4095
4;3765;3984;4095;4095
4;3773;3981;4095;4095
4;3772;3984;4095;4095
4;3763;3983;4095;4095
4;3779;3989;4095;4095
4;3764;3985;4095;4095
4;3771;3986;4095;4095
4;3760;3989;4095;4095
4;3776;3985;4095;4095
4;3770;3994;4095;4095
4;3760;3996;4095;4095
4;3766;3983;4095;4095
4;3769;3984;4095;4095
4;3766;3984;4095;4095
4;3775;3985;4095;4095
4;3771;3987;4095;4095
4;3773;3986;4095;4095
4;3762;3984;4095;4095
4;3771;3991;4095;4095
4;3766;3995;4095;4095
4;3761;3984;4095;4095
4;3765;3984;4095;4095
4;3769;3991;4095;4095
4;3766;3984;4095;4095
4;3762;3980;4095;4095
4;3765;3991;4095;4095
4;3771;3996;4095;4095
4;3763;3984;4095;4095
4;3757;3982;4095;4095
4;3769;3999;4095;4095
4;3760;3986;4095;4095
4;3770;3984;4095;4095
4;3766;3982;4095;4095
4;3767;3984;4095;4095
4;3762;3991;4095;4095
4;3771;3989;4095;4095
4;3762;3989;4095;4095
4;3761;3989;4095;4095
4;3766;3987;4095;4095
4;3765;3980;4095;4095
4;3762;3984;4095;4095
4;3778;3984;4095;4095
4;3770;3982;4095;4095
4;3761;3986;4095;4095
4;3763;3984;4095;4095
4;3782;3990;4095;4095
4;3769;3985;4095;4095
4;3767;3985;4095;4095
4;3760;3985;4095;4095
4;3775;3990;4095;4095
4;3765;3982;4095;4095
4;3760;3984;4095;4095
4;3766;3983;4095;4095
4;3760;3984;4095;4095
4;3761;3986;4095;4095
4;3759;3985;4095;4095
4;3767;3993;4095;4095
4;3781;3982;4095;4095
4;3762;3985;4095;4095
4;3761;3984;4095;4095
4;3760;3984;4095;4095
4;3775;3986;4095;4095
4;3767;3983;4095;4095
4;3767;3994;4095;4095
4;3760;3983;4095;4095
4;3765;3984;4095;4095
4;3773;3987;4095;4095
4;3760;3994;4095;4095
4;3766;3983;4095;4095
4;3767;3987;4095;4095
4;3761;3984;4095;4095
4;3762;3987;4095;4095
4;3768;3980;4095;4095
4;3769;3984;4095;4095
4;3760;3984;4095;4095
4;3776;3985;4095;4095
4;3765;3984;4095;4095
4;3751;3993;4095;4095
4;3771;3981;4095;4095
4;3772;3982;4095;4095
4;3770;3983;4095;4095
4;3775;3986;4095;4095
4;3770;3983;4095;4095
4;3761;3984;4095;4095
4;3767;3987;4095;4095
4;3766;3984;4095;4095
4;3760;3988;4095;4095
4;3760;3986;4095;4095
4;3757;3996;4095;4095
4;3761;3985;4095;4095
4;3762;3981;4095;4095
4;3764;3994;4095;4095
4;3767;3984;4095;4095
4;3760;3973;4095;4095
4;3770;3983;4095;4095
4;3766;3989;4095;4095
4;3767;3985;4095;4095
4;3774;3995;4095;4095
4;3761;3986;4095;4095
4;3770;3984;4095;4095
4;3775;3992;4095;4095
4;3765;3982;4095;4095
4;3761;3984;4095;4095
4;3768;3985;4095;4095
4;3776;3984;4095;4095
4;3775;3986;4095;4095
4;3767;3991;4095;4095
4;3765;3986;4095;4095
4;3760;3982;4095;4095
4;3765;3989;4095;4095
4;3765;3984;4095;4095
4;3771;3981;4095;4095
4;3763;3989;4095;4095
4;3774;3984;4095;4095
4;3770;3984;4095;4095
4;3773;3984;4095;4095
4;3760;3985;4095;4095
4;3767;3998;4095;4095
4;3767;3977;4095;4095
4;3765;3991;4095;4095
4;3761;3982;4095;4095
4;3756;3985;4095;4095
4;3776;3987;4095;4095
4;3762;3984;4095;4095
4;3771;3989;4095;4095
4;3758;3994;4095;4095
4;3766;3979;4095;4095
4;3775;3986;4095;4095
4;3776;3990;4095;4095
4;3768;3984;4095;4095
4;3769;3986;4095;4095
4;3763;3990;4095;4095
4;3767;3987;4095;4095
4;3766;3982;4095;4095
4;3761;3984;4095;4095
4;3760;3989;4095;4095
4;3766;3985;4095;4095
4;3776;3987;4095;4095
4;3763;3985;4095;4095
4;3763;3985;4095;4095
4;3760;3979;4095;4095
4;3759;3989;4095;4095
4;3769;3983;4095;4095
4;3763;3981;4095;4095
4;3766;3977;4095;4095
4;3772;3982;4095;4095
4;3767;3984;4095;4095
4;3775;3985;4095;4095
4;3762;3984;4095;4095
4;3764;3984;4095;4095
4;3774;3975;4095;4095
4;3761;3985;4095;4095
4;3767;3983;4095;4095
4;3762;3983;4095;4095
4;3764;3984;4095;4095
4;3766;3982;4095;4095
4;3771;3985;4095;4095
4;3766;3981;4095;4095
4;3756;3984;4095;4095
4;3760;3999;4095;4095
4;3762;3991;4095;4095
4;3751;3985;4095;4095
4;3775;3983;4095;4095
4;3765;3984;4095;4095
4;3767;3987;4095;4095
4;3765;3990;4095;4095
4;3762;3987;4095;4095
4;3758;3984;4095;4095
4;3758;3987;4095;4095
4;3763;3991;4095;4095
4;3765;3982;4095;4095
4;3760;3985;4095;4095
4;3766;3984;4095;4095
4;3765;3988;4095;4095
4;3773;3979;4095;4095
4;3761;3984;4095;4095
4;3756;3982;4095;4095
4;3764;3984;4095;4095
4;3762;3987;4095;4095
4;3760;3984;4095;4095
4;3760;3985;4095;4095
4;3760;3982;4095;4095
4;3761;3984;4095;4095
4;3769;3987;4095;4095
4;3764;3981;4095;4095
4;3762;3982;4095;4095
4;3760;3984;4095;4095
4;3761;3979;4095;4095
4;3763;3976;4095;4095
4;3758;3984;4095;4095
4;3770;4006;4095;4095
4;3796;4025;4095;4095
4;3763;3989;4095;4095
4;3765;3987;4095;4095
4;3770;3990;4095;4095
4;3772;3988;4095;4095
4;3767;3988;4095;4095
4;3775;3981;4095;4095
4;3768;3984;4095;4095
4;3771;3984;4095;4095
4;3766;3988;4095;4095
4;3766;3977;4095;4095
4;3762;3986;4095;4095
4;3769;3984;4095;4095
4;3766;3984;4095;4095
4;3771;3984;4095;4095
4;3767;3986;4095;4095
4;3777;3987;4095;4095
4;3764;3991;4095;4095
4;3765;3984;4095;4095
4;3765;3989;4095;4095
4;3767;3986;4095;4095
4;3759;3983;4095;4095
4;3763;3987;4095;4095
4;3763;3984;4095;4095
4;3767;3985;4095;4095
4;3764;3987;4095;4095
4;3762;3986;4095;4095
4;3760;3985;4095;4095
4;3762;3984;4095;4095
4;3764;3974;4095;4095
4;3761;3986;4095;4095
4;3763;3985;4095;4095
4;3765;3989;4095;4095
4;3766;3989;4095;4095
4;3773;3986;4095;4095
4;3767;3984;4095;4095
4;3762;3987;4095;4095
4;3766;3984;4095;4095
4;3766;3984;4095;4095
4;3763;3987;4095;4095
4;3771;3983;4095;4095
4;3764;3981;4095;4095
4;3764;3988;4095;4095
4;3765;3991;4095;4095
4;3765;3982;4095;4095
4;3761;3984;4095;4095
4;3765;3984;4095;4095
4;3762;3999;4095;4095
4;3762;3984;4095;4095
4;3759;3984;4095;4095
4;3761;3984;4095;4095
4;3763;3984;4095;4095
4;3770;3985;4095;4095
4;3767;3989;4095;4095
4;3760;3983;4095;4095
4;3767;3983;4095;4095
4;3765;3984;4095;4095
4;3767;3984;4095;4095
4;3762;3987;4095;4095
4;3757;3984;4095;4095
4;3775;3978;4095;4095
4;3772;3981;4095;4095
4;3766;3985;4095;4095
4;3765;3986;4095;4095
4;3764;3993;4095;4095
4;3771;3984;4095;4095
4;3767;3988;4095;4095
4;3767;3983;4095;4095
4;3765;3985;4095;4095
4;3772;3984;4095;4095
4;3763;3984;4095;4095
4;3763;3984;4095;4095
4;3760;3985;4095;4095
4;3767;3984;4095;4095
4;3767;3978;4095;4095
4;3761;3983;4095;4095
4;3762;3984;4095;4095
4;3762;3978;4095;4095
4;3761;3984;4095;4095
4;3777;3984;4095;4095
4;3760;3985;4095;4095
4;3775;3984;4095;4095
4;3769;3985;4095;4095
4;3761;3982;4095;4095
4;3773;3996;4095;4095
4;3764;3994;4095;4095
4;3766;3981;4095;4095
4;3764;3983;4095;4095
4;3782;3984;4095;4095
4;3767;3985;4095;4095
4;3760;3984;4095;4095
5;3765;3985;4095;4095
5;3761;3988;4095;4095
5;3762;3980;4095;4095
5;3770;3985;4095;4095
5;3767;3984;4095;4095
5;3766;3994;4095;4095
5;3762;3983;4095;4095
5;3770;3984;4095;4095
5;3762;3984;4095;4095
5;3765;3981;4095;4095
5;3761;3984;4095;4095
5;3771;3998;4095;4095
5;3766;3984;4095;4095
5;3767;3984;4095;4095
5;3761;3988;4095;4095
5;3765;3989;4095;4095
5;3770;3986;4095;4095
5;3773;3984;4095;4095
5;3763;3986;4095;4095
5;3770;3996;4095;4095
5;3771;3983;4095;4095
5;3773;3984;4095;4095
5;3767;3984;4095;4095
5;3764;3991;4095;4095
5;3766;3984;4095;4095
5;3767;3984;4095;4095
5;3774;3982;4095;4095
5;3764;3987;4095;4095
5;3762;3989;4095;4095
5;3760;3991;4095;4095
5;3762;3993;4095;4095
5;3775;3994;4095;4095
5;3774;3985;4095;4095
5;3765;3985;4095;4095
5;3763;3983;4095;4095
5;3767;3985;4095;4095
5;3766;3994;4095;4095
5;3766;3984;4095;4095
5;3767;3984;4095;4095
5;3770;3984;4095;4095
5;3773;3996;4095;4095
5;3760;3984;4095;4095
5;3765;3979;4095;4095
5;3770;3984;4095;4095
5;3760;3984;4095;4095
5;3766;3984;4095;4095
5;3764;3986;4095;4095
5;3771;3984;4095;4095
5;3759;3984;4095;4095
5;3762;3985;4095;4095
5;3771;3990;4095;4095
5;3763;3990;4095;4095
5;3774;3981;4095;4095
5;3763;3984;4095;4095
5;3762;3987;4095;4095
5;3761;3985;4095;4095
5;3770;3988;4095;4095
5;3767;3991;4095;4095
5;3776;3984;4095;4095
5;3767;3984;4095;4095
5;3765;3983;4095;4095
5;3774;3986;4095;4095
5;3766;3984;4095;4095
5;3764;3990;4095;4095
5;3767;3986;4095;4095
5;3765;3985;4095;4095
5;3766;3983;4095;4095
5;3764;3984;4095;4095
5;3763;3990;4095;4095
5;3759;3986;4095;4095
5;3770;3982;4095;4095
5;3761;3983;4095;4095
5;3760;3980;4095;4095
5;3759;3984;4095;4095
5;3767;3988;4095;4095
5;3766;3983;4095;4095
5;3759;3993;4095;4095
5;3774;3984;4095;4095
5;3763;3979;4095;4095
5;3765;3983;4095;4095
5;3767;3984;4095;4095
5;3769;3984;4095;4095
5;3770;3984;4095;4095
5;3770;3982;4095;4095
5;3767;3982;4095;4095
5;3755;3986;4095;4095
5;3760;3980;4095;4095
5;3764;3986;4095;4095
5;3754;3984;4095;4095
5;3762;3984;4095;4095
5;3763;3985;4095;4095
5;3760;3981;4095;4095
5;3771;3990;4095;4095
5;3760;3983;4095;4095
5;3770;3982;4095;4095
5;3767;3989;4095;4095
5;3763;3984;4095;4095
5;3773;3990;4095;4095
5;3758;3982;4095;4095
5;3760;3985;4095;4095
5;3770;3984;4095;4095
5;3765;3985;4095;4095
5;3764;3984;4095;4095
5;3760;3985;4095;4095
5;3764;3985;4095;4095
5;3760;3984;4095;4095
5;3762;3984;4095;4095
5;3766;3981;4095;4095
5;3761;3984;4095;4095
5;3760;3987;4095;4095
5;3765;3978;4095;4095
5;3763;3983;4095;4095
5;3761;3993;4095;4095
5;3761;3984;4095;4095
5;3766;3986;4095;4095
5;3769;3984;4095;4095
5;3760;3979;4095;4095
5;3770;3984;4095;4095
5;3761;3984;4095