1;3214;3481;4025;4095
1;3211;3477;4030;4095
1;3206;3482;4018;4095
1;3207;3479;4029;4095
1;3209;3483;4035;4095
1;3207;3481;4030;4095
1;3209;3482;4025;4095
1;3209;3483;4027;4095
1;3204;3488;4023;4095
1;3207;3482;4032;4095
1;3209;3484;4016;4095
1;3207;3486;4027;4095
1;3202;3478;4026;4095
1;3212;3480;4022;4095
1;3200;3474;4033;4095
1;3205;3473;4033;4095
1;3208;3485;4019;4095
1;3210;3484;4027;4095
1;3213;3486;4027;4095
1;3206;3484;4022;4095
1;3211;3486;4016;4095
1;3207;3486;4029;4095
1;3206;3501;4025;4095
1;3209;3483;4023;4095
1;3212;3485;4037;4095
1;3207;3476;4017;4095
1;3213;3487;4041;4095
1;3216;3486;4031;4095
1;3211;3479;4029;4095
1;3206;3485;4023;4095
1;3211;3483;4026;4095
1;3203;3487;4034;4095
1;3206;3479;4025;4095
1;3201;3478;4030;4095
1;3203;3487;4023;4095
1;3202;3482;4017;4095
1;3200;3481;4030;4095
1;3203;3479;4027;4095
1;3206;3481;4034;4095
1;3209;3486;4030;4095
1;3213;3486;4031;4095
1;3206;3477;4025;4095
1;3209;3484;4025;4095
1;3210;3484;4031;4095
1;3194;3473;4031;4095
1;3207;3482;4032;4095
1;3205;3483;4029;4095
1;3213;3484;4031;4095
1;3215;3486;4037;4095
1;3218;3491;4034;4095
1;3217;3493;4033;4095
1;3216;3494;4032;4095
1;3217;3494;4031;4095
1;3220;3493;4033;4095
1;3216;3493;4034;4095
1;3214;3492;4038;4095
1;3216;3487;4029;4095
1;3214;3493;4034;4095
1;3203;3487;4025;4095
1;3211;3486;4027;4095
1;3206;3488;4026;4095
1;3211;3498;4036;4095
1;3214;3481;4032;4095
1;3211;3487;4031;4095
1;3204;3486;4027;4095
1;3211;3485;4029;4095
1;3212;3482;4031;4095
1;3215;3490;4031;4095
1;3214;3486;4038;4095
1;3215;3491;4031;4095
1;3211;3483;4029;4095
1;3210;3481;4030;4095
1;3206;3487;4021;4095
1;3201;3487;4031;4095
1;3207;3479;4030;4095
1;3211;3490;4034;4095
1;3206;3488;4023;4095
1;3207;3487;4030;4095
1;3210;3487;4039;4095
1;3205;3486;4034;4095
1;3205;3483;4031;4095
1;3208;3487;4021;4095
1;3205;3485;4034;4095
1;3208;3479;4032;4095
1;3202;3482;4036;4095
1;3206;3492;4022;4095
1;3213;3480;4019;4095
1;3214;3488;4029;4095
1;3206;3477;4032;4095
1;3211;3487;4021;4095
1;3202;3478;4030;4095
1;3203;3481;4033;4095
1;3206;3486;4029;4095
1;3206;3485;4039;4095
1;3205;3484;4032;4095
1;3203;3486;4034;4095
1;3213;3481;4032;4095
1;3207;3487;4033;4095
1;3205;3486;4032;4095
1;3207;3493;4031;4095
1;3214;3486;4033;4095
1;3206;3489;4032;4095
1;3211;3489;4029;4095
1;3210;3485;4032;4095
1;3203;3489;4026;4095
1;3209;3481;4027;4095
1;3202;3485;4022;4095
1;3207;3488;4022;4095
1;3207;3483;4021;4095
1;3205;3485;4031;4095
1;3207;3482;4028;4095
1;3209;3485;4033;4095
1;3207;3488;4032;4095
1;3202;3488;4035;4095
1;3207;3488;4027;4095
1;3207;3481;4037;4095
1;3205;3481;4023;4095
1;3203;3483;4032;4095
1;3207;3483;4032;4095
1;3203;3487;4032;4095
1;3207;3482;4032;4095
1;3202;3489;4033;4095
1;3201;3484;4029;4095
1;3206;3478;4022;4095
1;3201;3484;4038;4095
1;3203;3488;4043;4095
1;3206;3491;4026;4095
1;3211;3483;4029;4095
1;3202;3482;4028;4095
1;3205;3488;4031;4095
1;3207;3481;4038;4095
1;3207;3486;4028;4095
1;3209;3481;4025;4095
1;3201;3488;4029;4095
1;3214;3498;4025;4095
1;3211;3486;4026;4095
1;3210;3491;4030;4095
1;3213;3494;4029;4095
1;3204;3479;4034;4095
1;3209;3478;4035;4095
1;3206;3483;4031;4095
1;3205;3482;4033;4095
1;3207;3485;4023;4095
1;3209;3486;4038;4095
1;3210;3485;4037;4095
1;3207;3485;4035;4095
1;3209;3486;4038;4095
1;3203;3488;4029;4095
1;3206;3488;4029;4095
1;3206;3487;4038;4095
1;3210;3487;4035;4095
1;3200;3485;4032;4095
1;3209;3481;4038;4095
1;3211;3487;4029;4095
1;3205;3488;4038;4095
1;3207;3479;4036;4095
1;3211;3481;4028;4095
1;3203;3492;4033;4095
1;3206;3489;4025;4095
1;3206;3485;4030;4095
1;3205;3491;4029;4095
1;3206;3486;4033;4095
1;3206;3491;4033;4095
1;3201;3479;4032;4095
1;3203;3487;4030;4095
1;3202;3487;4033;4095
1;3201;3483;4036;4095
1;3207;3485;4023;4095
1;3205;3481;4028;4095
1;3208;3478;4033;4095
1;3204;3482;4037;4095
1;3211;3487;4030;4095
1;3202;3482;4035;4095
1;3207;3493;4033;4095
1;3210;3485;4033;4095
1;3212;3488;4032;4095
1;3202;3486;4022;4095
1;3205;3489;4021;4095
1;3209;3485;4027;4095
1;3207;3479;4032;4095
1;3200;3485;4031;4095
1;3207;3488;4029;4095
1;3200;3486;4028;4095
1;3206;3480;4034;4095
1;3205;3483;4032;4095
1;3205;3487;4035;4095
1;3206;3486;4027;4095
1;3209;3485;4033;4095
1;3210;3489;4034;4095
1;3211;3490;4047;4095
1;3209;3488;4044;4095
1;3205;3491;4033;4095
1;3211;3493;4030;4095
1;3210;3484;4034;4095
1;3215;3483;4030;4095
1;3216;3489;4033;4095
1;3213;3492;4032;4095
1;3216;3494;4035;4095
1;3216;3492;4035;4095
1;3221;3489;4032;4095
1;3227;3494;4039;4095
1;3223;3503;4031;4095
1;3218;3506;4032;4095
1;3223;3497;4039;4095
1;3221;3491;4038;4095
1;3219;3504;4034;4095
1;3219;3503;4046;4095
1;3226;3503;4037;4095
1;3217;3498;4032;4095
1;3223;3495;4032;4095
1;3223;3501;4029;4095
1;3222;3499;4034;4095
1;3218;3495;4033;4095
1;3223;3501;4032;4095
1;3223;3498;4032;4095
1;3221;3504;4025;4095
1;3229;3502;4033;4095
1;3231;3503;4042;4095
1;3223;3505;4038;4095
1;3231;3504;4037;4095
1;3230;3507;4043;4095
1;3229;3504;4032;4095
1;3231;3504;4047;4095
1;3226;3504;4039;4095
1;3229;3502;4028;4095
1;3229;3504;4026;4095
1;3231;3504;4032;4095
1;3229;3491;4027;4095
1;3231;3504;4032;4095
1;3227;3510;4031;4095
1;3223;3503;4036;4095
1;3223;3500;4026;4095
1;3233;3501;4028;4095
1;3229;3507;4037;4095
1;3218;3504;4037;4095
1;3223;3504;4035;4095
1;3231;3503;4032;4095
1;3231;3499;4033;4095
1;3229;3505;4027;4095
1;3231;3501;4034;4095
1;3221;3505;4023;4095
1;3231;3503;4042;4095
1;3228;3509;4042;4095
1;3228;3504;4028;4095
1;3228;3504;4038;4095
1;3231;3499;4033;4095
1;3228;3502;4026;4095
1;3226;3501;4043;4095
1;3229;3503;4034;4095
1;3227;3503;4034;4095
1;3231;3499;4032;4095
1;3222;3497;4039;4095
1;3227;3499;4035;4095
1;3229;3504;4035;4095
1;3223;3503;4038;4095
1;3223;3487;4035;4095
1;3232;3504;4044;4095
1;3225;3503;4034;4095
1;3226;3504;4040;4095
1;3221;3506;4035;4095
1;3227;3503;4038;4095
1;3233;3503;4034;4095
1;3227;3502;4039;4095
1;3225;3503;4032;4095
1;3234;3505;4031;4095
1;3227;3504;4035;4095
1;3219;3500;4035;4095
1;3219;3490;4037;4095
1;3218;3504;4037;4095
1;3216;3497;4033;4095
1;3213;3494;4029;4095
1;3215;3495;4025;4095
1;3213;3491;4047;4095
1;3216;3490;4029;4095
1;3216;3490;4042;4095
1;3216;3493;4031;4095
1;3213;3491;4031;4095
1;3216;3503;4035;4095
1;3212;3488;4032;4095
1;3216;3488;4046;4095
1;3216;3501;4035;4095
1;3216;3494;4035;4095
1;3216;3491;4035;4095
1;3211;3493;4035;4095
1;3214;3495;4045;4095
1;3217;3495;4038;4095
1;3213;3493;4030;4095
1;3216;3505;4033;4095
1;3218;3491;4035;4095
1;3216;3491;4038;4095
1;3216;3493;4038;4095
1;3216;3485;4030;4095
1;3216;3493;4037;4095
1;3215;3497;4032;4095
1;3216;3493;4048;4095
1;3212;3499;4038;4095
1;3216;3491;4034;4095
1;3217;3490;4046;4095
1;3214;3494;4035;4095
1;3216;3490;4043;4095
1;3216;3493;4035;4095
1;3219;3495;4029;4095
1;3212;3488;4036;4095
1;3216;3495;4031;4095
1;3215;3485;4032;4095
1;3214;3491;4034;4095
1;3214;3487;4044;4095
1;3216;3487;4034;4095
1;3213;3500;4032;4095
1;3215;3493;4032;4095
1;3216;3493;4032;4095
1;3214;3491;4037;4095
1;3215;3504;4034;4095
1;3214;3499;4032;4095
1;3214;3500;4037;4095
1;3213;3499;4027;4095
1;3214;3493;4022;4095
1;3216;3504;4033;4095
1;3216;3490;4046;4095
1;3216;3490;4032;4095
2;3216;3499;4031;4095
2;3209;3497;4029;4095
2;3217;3491;4032;4095
2;3220;3497;4033;4095
2;3221;3492;4041;4095
2;3218;3502;4027;4095
2;3227;3500;4034;4095
2;3221;3498;4032;4095
2;3221;3501;4037;4095
2;3222;3494;4031;4095
2;3221;3491;4041;4095
2;3222;3498;4027;4095
2;3221;3497;4037;4095
2;3222;3498;4039;4095
2;3223;3494;4046;4095
2;3221;3503;4029;4095
2;3216;3501;4033;4095
2;3220;3500;4045;4095
2;3218;3494;4037;4095
2;3216;3500;4045;4095
2;3216;3498;4039;4095
2;3217;3491;4033;4095
2;3223;3495;4037;4095
2;3222;3494;4031;4095
2;3216;3500;4029;4095
2;3221;3501;4032;4095
2;3216;3497;4038;4095
2;3219;3504;4033;4095
2;3219;3494;4032;4095
2;3219;3494;4037;4095
2;3220;3499;4033;4095
2;3218;3491;4044;4095
2;3220;3489;4035;4095
2;3216;3501;4039;4095
2;3217;3493;4036;4095
2;3215;3492;4029;4095
2;3216;3492;4030;4095
2;3216;3495;4037;4095
2;3217;3495;4042;4095
2;3216;3492;4036;4095
2;3216;3498;4035;4095
2;3215;3490;4038;4095
2;3205;3483;4038;4095
2;3202;3483;4048;4095
2;3199;3487;4029;4095
2;3200;3482;4030;4095
2;3201;3477;4032;4095
2;3196;3477;4032;4095
2;3195;3478;4043;4095
2;3195;3479;4036;4095
2;3197;3483;4038;4095
2;3201;3483;4036;4095
2;3203;3482;4038;4095
2;3213;3489;4039;4095
2;3215;3491;4043;4095
2;3220;3499;4042;4095
2;3216;3503;4037;4095
2;3219;3490;4045;4095
2;3221;3503;4039;4095
2;3219;3499;4037;4095
2;3216;3497;4033;4095
2;3217;3493;4027;4095
2;3213;3489;4031;4095
2;3215;3491;4039;4095
2;3216;3490;4031;4095
2;3211;3487;4043;4095
2;3206;3487;4027;4095
2;3211;3487;4032;4095
2;3210;3485;4035;4095
2;3209;3489;4032;4095
2;3214;3488;4032;4095
2;3215;3499;4038;4095
2;3216;3490;4032;4095
2;3216;3498;4042;4095
2;3218;3498;4032;4095
2;3216;3491;4036;4095
2;3223;3492;4036;4095
2;3219;3504;4033;4095
2;3217;3493;4034;4095
2;3217;3501;4038;4095
2;3216;3495;4033;4095
2;3217;3493;4026;4095
2;3217;3490;4036;4095
2;3216;3488;4043;4095
2;3218;3493;4042;4095
2;3217;3491;4033;4095
2;3218;3489;4035;4095
2;3214;3495;4037;4095
2;3216;3493;4027;4095
2;3219;3490;4032;4095
2;3216;3493;4034;4095
2;3216;3487;4035;4095
2;3215;3495;4032;4095
2;3214;3494;4033;4095
2;3213;3494;4035;4095
2;3216;3489;4033;4095
2;3216;3495;4037;4095
2;3216;3493;4032;4095
2;3216;3489;4030;4095
2;3216;3485;4043;4095
2;3218;3501;4031;4095
2;3214;3493;4032;4095
2;3216;3491;4039;4095
2;3213;3493;4032;4095
2;3212;3492;4035;4095
2;3216;3486;4045;4095
2;3216;3493;4038;4095
2;3216;3491;4045;4095
2;3217;3491;4031;4095
2;3215;3494;4037;4095
2;3216;3499;4029;4095
2;3217;3493;4034;4095
2;3216;3497;4032;4095
2;3215;3492;4037;4095
2;3216;3493;4029;4095
2;3215;3492;4033;4095
2;3218;3488;4035;4095
2;3216;3491;4032;4095
2;3214;3492;4033;4095
2;3215;3498;4023;4095
2;3214;3494;4031;4095
2;3216;3494;4028;4095
2;3213;3495;4045;4095
2;3213;3499;4038;4095
2;3214;3495;4033;4095
2;3219;3491;4038;4095
2;3208;3494;4039;4095
2;3215;3493;4032;4095
2;3216;3503;4032;4095
2;3211;3489;4029;4095
2;3213;3491;4039;4095
2;3215;3501;4033;4095
2;3216;3497;4037;4095
2;3212;3491;4026;4095
2;3216;3488;4035;4095
2;3216;3494;4036;4095
2;3216;3490;4037;4095
2;3213;3485;4033;4095
2;3205;3489;4033;4095
2;3216;3490;4045;4095
2;3210;3489;4036;4095
2;3210;3490;4033;4095
2;3209;3489;4033;4095
2;3213;3487;4036;4095
2;3212;3495;4025;4095
2;3219;3496;4033;4095
2;3213;3494;4032;4095
2;3216;3491;4028;4095
2;3218;3493;4042;4095
2;3220;3501;4032;4095
2;3221;3504;4043;4095
2;3216;3497;4034;4095
2;3216;3493;4036;4095
2;3226;3500;4033;4095
2;3226;3504;4026;4095
2;3225;3501;4033;4095
2;3222;3501;4031;4095
2;3219;3497;4027;4095
2;3220;3495;4035;4095
2;3219;3499;4031;4095
2;3226;3497;4031;4095
2;3223;3505;4034;4095
2;3219;3503;4032;4095
2;3225;3501;4033;4095
2;3223;3495;4038;4095
2;3223;3498;4032;4095
2;3220;3503;4029;4095
2;3223;3495;4038;4095
2;3221;3499;4033;4095
2;3231;3499;4033;4095
2;3226;3494;4035;4095
2;3222;3499;4032;4095
2;3221;3503;4031;4095
2;3223;3504;4033;4095
2;3222;3501;4030;4095
2;3218;3503;4032;4095
2;3223;3502;4038;4095
2;3220;3499;4031;4095
2;3224;3498;4027;4095
2;3223;3504;4030;4095
2;3227;3495;4044;4095
2;3223;3493;4039;4095
2;3226;3502;4037;4095
2;3229;3502;4032;4095
2;3226;3498;4039;4095
2;3218;3505;4033;4095
2;3223;3499;4027;4095
2;3222;3509;4034;4095
2;3225;3504;4030;4095
2;3216;3503;4039;4095
2;3218;3494;4037;4095
2;3222;3504;4038;4095
2;3225;3503;4036;4095
2;3221;3502;4032;4095
2;3219;3503;4045;4095
2;3229;3503;4033;4095
2;3218;3497;4038;4095
2;3216;3498;4038;4095
2;3219;3503;4031;4095
2;3218;3498;4032;4095
2;3219;3495;4039;4095
2;3222;3500;4038;4095
2;3222;3502;4027;4095
2;3219;3496;4038;4095
2;3229;3497;4032;4095
2;3229;3503;4032;4095
2;3216;3501;4035;4095
2;3218;3490;4033;4095
2;3219;3502;4032;4095
2;3219;3493;4031;4095
2;3227;3503;4023;4095
2;3217;3494;4031;4095
2;3225;3495;4033;4095
2;3218;3495;4042;4095
2;3222;3495;4038;4095
2;3221;3491;4032;4095
2;3222;3502;4037;4095
2;3226;3502;4038;4095
2;3223;3495;4031;4095
2;3221;3495;4039;4095
2;3216;3503;4028;4095
2;3217;3498;4034;4095
2;3217;3492;4037;4095
2;3222;3494;4022;4095
2;3221;3499;4026;4095
2;3219;3504;4034;4095
2;3215;3499;4038;4095
2;3221;3501;4042;4095
2;3216;3500;4035;4095
2;3221;3495;4033;4095
2;3221;3498;4045;4095
2;3216;3500;4028;4095
3;3220;3498;4035;4095
3;3217;3498;4027;4095
3;3216;3499;4025;4095
3;3217;3495;4030;4095
3;3218;3499;4034;4095
3;3221;3498;4031;4095
3;3222;3499;4042;4095
3;3227;3497;4030;4095
3;3216;3494;4034;4095
3;3218;3504;4047;4095
3;3221;3491;4032;4095
3;3222;3501;4032;4095
3;3221;3500;4041;4095
3;3217;3494;4039;4095
3;3219;3501;4036;4095
3;3217;3499;4031;4095
3;3217;3491;4030;4095
3;3218;3499;4037;4095
3;3215;3502;4033;4095
3;3219;3499;4034;4095
3;3217;3492;4022;4095
3;3217;3498;4048;4095
3;3219;3497;4023;4095
3;3221;3500;4034;4095
3;3223;3499;4036;4095
3;3219;3500;4032;4095
3;3219;3503;4033;4095
3;3219;3497;4031;4095
3;3218;3494;4043;4095
3;3216;3499;4037;4095
3;3219;3502;4032;4095
3;3220;3497;4033;4095
3;3219;3492;4033;4095
3;3222;3495;4033;4095
3;3221;3497;4029;4095
3;3219;3495;4032;4095
3;3216;3502;4032;4095
3;3218;3499;4038;4095
3;3216;3498;4026;4095
3;3221;3493;4031;4095
3;3223;3499;4038;4095
3;3221;3502;4038;4095
3;3221;3505;4032;4095
3;3218;3493;4032;4095
3;3216;3493;4037;4095
3;3216;3499;4031;4095
3;3217;3505;4035;4095
3;3218;3492;4033;4095
3;3222;3501;4033;4095
3;3216;3499;4032;4095
3;3221;3497;4036;4095
3;3217;3501;4035;4095
3;3222;3498;4032;4095
3;3223;3499;4026;4095
3;3216;3501;4031;4095
3;3221;3501;4030;4095
3;3211;3489;4030;4095
3;3206;3485;4019;4095
3;3205;3491;4030;4095
3;3213;3487;4040;4095
3;3210;3495;4038;4095
3;3211;3489;4032;4095
3;3213;3488;4033;4095
3;3215;3483;4030;4095
3;3211;3489;4034;4095
3;3209;3485;4043;4095
3;3214;3500;4027;4095
3;3212;3493;4023;4095
3;3207;3486;4030;4095
3;3219;3502;4031;4095
3;3223;3502;4035;4095
3;3247;3518;4033;4095
3;3231;3517;4035;4095
3;3221;3504;4031;4095
3;3211;3487;4026;4095
3;3204;3479;4032;4095
3;3206;3494;4048;4095
3;3216;3499;4044;4095
3;3214;3493;4043;4095
3;3216;3497;4041;4095
3;3213;3494;4037;4095
3;3214;3502;4048;4095
3;3207;3501;4042;4095
3;3215;3501;4039;4095
3;3217;3504;4046;4095
3;3217;3499;4046;4095
3;3213;3494;4041;4095
3;3218;3500;4041;4095
3;3217;3494;4034;4095
3;3219;3494;4045;4095
3;3216;3499;4042;4095
3;3215;3491;4048;4095
3;3213;3498;4046;4095
3;3217;3495;4047;4095
3;3216;3501;4045;4095
3;3225;3495;4043;4095
3;3217;3504;4048;4095
3;3222;3504;4038;4095
3;3220;3502;4038;4095
3;3223;3504;4049;4095
3;3218;3504;4047;4095
3;3226;3498;4053;4095
3;3223;3504;4038;4095
3;3223;3503;4037;4095
3;3226;3506;4045;4095
3;3221;3503;4038;4095
3;3225;3504;4039;4095
3;3216;3498;4035;4095
3;3223;3502;4042;4095
3;3227;3514;4041;4095
3;3225;3506;4035;4095
3;3217;3504;4043;4095
3;3219;3504;4042;4095
3;3233;3504;4044;4095
3;3222;3504;4047;4095
3;3225;3504;4045;4095
3;3223;3502;4043;4095
3;3222;3502;4044;4095
3;3230;3502;4048;4095
3;3224;3504;4032;4095
3;3229;3505;4044;4095
3;3227;3504;4035;4095
3;3222;3515;4049;4095
3;3219;3504;4031;4095
3;3223;3500;4046;4095
3;3226;3503;4051;4095
3;3227;3501;4039;4095
3;3225;3498;4044;4095
3;3225;3499;4046;4095
3;3219;3504;4035;4095
3;3223;3503;4038;4095
3;3226;3504;4035;4095
3;3227;3499;4041;4095
3;3226;3503;4038;4095
3;3222;3503;4032;4095
3;3223;3504;4048;4095
3;3217;3505;4053;4095
3;3223;3504;4046;4095
3;3227;3509;4031;4095
3;3224;3494;4035;4095
3;3219;3503;4035;4095
3;3223;3509;4039;4095
3;3218;3504;4043;4095
3;3238;3507;4044;4095
3;3229;3504;4043;4095
3;3226;3505;4037;4095
3;3235;3497;4048;4095
3;3230;3511;4035;4095
3;3229;3505;4032;4095
3;3230;3506;4030;4095
3;3231;3504;4047;4095
3;3222;3507;4038;4095
3;3233;3507;4045;4095
3;3233;3505;4045;4095
3;3233;3511;4042;4095
3;3223;3510;4047;4095
3;3216;3504;4045;4095
3;3220;3499;4041;4095
3;3216;3493;4039;4095
3;3217;3499;4033;4095
3;3217;3500;4039;4095
3;3216;3499;4045;4095
3;3220;3495;4043;4095
3;3218;3501;4041;4095
3;3213;3496;4042;4095
3;3218;3502;4044;4095
3;3216;3501;4037;4095
3;3216;3493;4034;4095
3;3220;3504;4038;4095
3;3221;3499;4035;4095
3;3223;3503;4038;4095
3;3217;3504;4045;4095
3;3226;3504;4049;4095
3;3218;3500;4042;4095
3;3216;3504;4043;4095
3;3225;3504;4049;4095
3;3215;3501;4038;4095
3;3217;3503;4043;4095
3;3221;3499;4043;4095
3;3219;3504;4042;4095
3;3218;3505;4041;4095
3;3217;3501;4050;4095
3;3222;3499;4035;4095
3;3216;3503;4039;4095
3;3223;3503;4040;4095
3;3222;3504;4037;4095
3;3226;3503;4040;4095
3;3223;3504;4035;4095
3;3223;3504;4038;4095
3;3216;3498;4045;4095
3;3222;3503;4038;4095
3;3216;3501;4033;4095
3;3223;3506;4042;4095
3;3223;3504;4042;4095
3;3223;3502;4038;4095
3;3223;3503;4042;4095
3;3227;3506;4038;4095
3;3221;3504;4043;4095
3;3229;3505;4034;4095
3;3221;3499;4039;4095
3;3216;3493;4042;4095
3;3216;3501;4033;4095
3;3218;3502;4038;4095
3;3221;3504;4043;4095
3;3222;3507;4042;4095
3;3225;3503;4042;4095
3;3225;3504;4039;4095
3;3216;3495;4043;4095
3;3216;3494;4035;4095
3;3217;3502;4033;4095
3;3216;3504;4033;4095
3;3216;3504;4039;4095
3;3216;3494;4037;4095
3;3216;3499;4038;4095
3;3222;3501;4048;4095
3;3229;3504;4041;4095
3;3226;3509;4047;4095
3;3230;3506;4048;4095
3;3227;3504;4036;4095
3;3232;3506;4034;4095
3;3230;3504;4039;4095
3;3234;3504;4048;4095
3;3234;3510;4030;4095
3;3232;3506;4037;4095
3;3235;3506;4047;4095
3;3234;3509;4034;4095
3;3228;3508;4041;4095
3;3243;3507;4044;4095
3;3234;3504;4035;4095
3;3231;3504;4035;4095
3;3233;3506;4045;4095
3;3237;3505;4033;4095
3;3234;3505;4038;4095
3;3230;3505;4036;4095
3;3234;3509;4039;4095
3;3231;3504;4030;4095
3;3231;3508;4048;4095
3;3234;3504;4042;4095
3;3234;3505;4037;4095
3;3235;3507;4040;4095
4;3237;3509;4042;4095
4;3241;3513;4042;4095
4;3229;3509;4038;4095
4;3230;3513;4041;4095
4;3218;3503;4037;4095
4;3227;3509;4036;4095
4;3227;3504;4038;4095
4;3227;3504;4035;4095
4;3226;3506;4043;4095
4;3229;3504;4031;4095
4;3229;3504;4029;4095
4;3223;3505;4034;4095
4;3230;3504;4037;4095
4;3225;3504;4046;4095
4;3227;3504;4048;4095
4;3225;3504;4041;4095
4;3227;3504;4038;4095
4;3225;3503;4032;4095
4;3225;3505;4038;4095
4;3227;3505;4048;4095
4;3223;3504;4037;4095
4;3226;3504;4030;4095
4;3222;3502;4039;4095
4;3226;3505;4033;4095
4;3223;3504;4042;4095
4;3226;3503;4038;4095
4;3222;3503;4034;4095
4;3223;3507;4033;4095
4;3225;3506;4042;4095
4;3225;3504;4042;4095
4;3226;3505;4039;4095
4;3226;3498;4042;4095
4;3228;3504;4036;4095
4;3228;3504;4037;4095
4;3223;3504;4039;4095
4;3231;3506;4038;4095
4;3226;3504;4037;4095
4;3232;3504;4037;4095
4;3230;3505;4032;4095
4;3231;3504;4042;4095
4;3223;3504;4030;4095
4;3223;3505;4033;4095
4;3226;3504;4044;4095
4;3226;3504;4045;4095
4;3219;3503;4048;4095
4;3230;3504;4042;4095
4;3230;3506;4044;4095
4;3227;3504;4039;4095
4;3231;3504;4027;4095
4;3229;3510;4041;4095
4;3218;3497;4045;4095
4;3216;3503;4029;4095
4;3216;3494;4046;4095
4;3216;3494;4036;4095
4;3213;3497;4040;4095
4;3220;3502;4042;4095
4;3228;3500;4034;4095
4;3230;3507;4046;4095
4;3231;3504;4038;4095
4;3230;3504;4048;4095
4;3225;3502;4031;4095
4;3217;3497;4053;4095
4;3216;3504;4039;4095
4;3216;3499;4045;4095
4;3216;3498;4034;4095
4;3210;3494;4033;4095
4;3207;3495;4045;4095
4;3209;3491;4047;4095
4;3216;3502;4048;4095
4;3216;3499;4045;4095
4;3204;3493;4045;4095
4;3201;3491;4048;4095
4;3204;3488;4045;4095
4;3202;3487;4042;4095
4;3202;3490;4044;4095
4;3207;3495;4048;4095
4;3207;3490;4037;4095
4;3210;3490;4046;4095
4;3215;3501;4043;4095
4;3205;3497;4043;4095
4;3216;3501;4032;4095
4;3217;3490;4032;4095
4;3216;3497;4044;4095
4;3215;3497;4033;4095
4;3216;3502;4043;4095
4;3212;3502;4039;4095
4;3216;3500;4043;4095
4;3216;3498;4038;4095
4;3223;3499;4041;4095
4;3227;3518;4035;4095
4;3247;3519;4050;4095
4;3248;3522;4048;4095
4;3251;3520;4048;4095
4;3238;3511;4037;4095
4;3227;3509;4048;4095
4;3217;3502;4038;4095
4;3216;3496;4043;4095
4;3216;3504;4048;4095
4;3216;3499;4045;4095
4;3216;3492;4043;4095
4;3215;3502;4038;4095
4;3216;3503;4046;4095
4;3214;3494;4035;4095
4;3216;3501;4046;4095
4;3211;3498;4045;4095
4;3215;3495;4043;4095
4;3216;3499;4039;4095
4;3215;3490;4049;4095
4;3216;3501;4045;4095
4;3216;3492;4043;4095
4;3212;3501;4032;4095
4;3211;3499;4037;4095
4;3211;3498;4049;4095
4;3215;3489;4041;4095
4;3213;3491;4045;4095
4;3211;3501;4042;4095
4;3213;3491;4037;4095
4;3211;3497;4042;4095
4;3210;3490;4043;4095
4;3210;3492;4047;4095
4;3207;3495;4042;4095
4;3211;3500;4048;4095
4;3215;3503;4039;4095
4;3210;3494;4045;4095
4;3209;3489;4039;4095
4;3216;3499;4043;4095
4;3210;3492;4045;4095
4;3219;3499;4030;4095
4;3217;3501;4037;4095
4;3223;3504;4048;4095
4;3234;3511;4043;4095
4;3231;3504;4044;4095
4;3219;3504;4031;4095
4;3220;3504;4033;4095
4;3221;3504;4040;4095
4;3230;3499;4039;4095
4;3219;3498;4048;4095
4;3221;3504;4046;4095
4;3224;3503;4038;4095
4;3229;3506;4029;4095
4;3229;3504;4037;4095
4;3232;3509;4037;4095
4;3233;3504;4043;4095
4;3237;3506;4045;4095
4;3230;3504;4043;4095
4;3232;3508;4039;4095
4;3230;3509;4047;4095
4;3237;3509;4037;4095
4;3233;3509;4045;4095
4;3234;3507;4046;4095
4;3237;3509;4043;4095
4;3231;3509;4033;4095
4;3233;3509;4037;4095
4;3233;3506;4038;4095
4;3237;3515;4048;4095
4;3234;3505;4039;4095
4;3240;3514;4048;4095
4;3239;3510;4041;4095
4;3236;3509;4049;4095
4;3231;3516;4053;4095
4;3232;3506;4033;4095
4;3237;3511;4046;4095
4;3237;3511;4034;4095
4;3237;3509;4034;4095
4;3232;3504;4038;4095
4;3223;3504;4044;4095
4;3221;3495;4029;4095
4;3223;3499;4032;4095
4;3216;3497;4045;4095
4;3218;3498;4045;4095
4;3217;3502;4031;4095
4;3218;3495;4036;4095
4;3229;3507;4039;4095
4;3229;3504;4044;4095
4;3227;3504;4036;4095
4;3231;3505;4038;4095
4;3223;3498;4038;4095
4;3226;3509;4045;4095
4;3220;3499;4036;4095
4;3231;3504;4033;4095
4;3287;3554;4044;4095
4;3258;3521;4032;4095
4;3247;3518;4038;4095
4;3241;3507;4033;4095
4;3233;3504;4035;4095
4;3225;3504;4030;4095
4;3222;3504;4033;4095
4;3222;3504;4026;4095
4;3216;3503;4042;4095
4;3215;3498;4043;4095
4;3211;3495;4046;4095
4;3217;3502;4037;4095
4;3216;3500;4045;4095
4;3215;3504;4037;4095
4;3216;3499;4031;4095
4;3216;3494;4034;4095
4;3218;3497;4043;4095
4;3205;3502;4039;4095
4;3210;3500;4047;4095
4;3215;3499;4051;4095
4;3212;3498;4048;4095
4;3223;3507;4048;4093
4;3227;3504;4039;4095
4;3226;3509;4052;4095
4;3229;3515;4054;4095
4;3235;3513;4041;4095
4;3249;3517;4031;4095
4;3237;3510;4036;4095
4;3246;3513;4045;4095
4;3245;3519;4053;4095
4;3242;3514;4048;4095
4;3240;3510;4048;4095
4;3237;3513;4053;4095
4;3237;3507;4046;4095
4;3230;3503;4045;4095
4;3225;3504;4045;4095
4;3225;3506;4046;4095
4;3217;3501;4034;4095
4;3222;3504;4039;4095
4;3220;3496;4047;4095
4;3222;3501;4053;4095
4;3216;3499;4046;4095
4;3216;3501;4043;4095
4;3216;3498;4039;4095
4;3211;3503;4036;4095
4;3211;3499;4048;4095
4;3220;3501;4049;4095
4;3224;3504;4037;4095
4;3215;3499;4045;4095
4;3211;3499;4049;4095
4;3209;3495;4045;4095
4;3207;3501;4045;4095
4;3213;3493;4047;4095
4;3216;3491;4048;4095
4;3216;3494;4047;4095
4;3211;3488;4040;4095
4;3216;3498;4042;4095
4;3222;3510;4039;4095
4;3226;3502;4039;4095
4;3218;3503;4045;4095
4;3229;3505;4047;4095
4;3221;3504;4042;4095
4;3229;3504;4043;4095
4;3228;3513;4041;4095
4;3231;3504;4043;4095
4;3227;3513;4046;4095
4;3226;3504;4051;4095
4;3231;3503;4037;4095
4;3226;3507;4039;4095
4;3227;3504;4030;4095
4;3223;3505;4044;4095
4;3227;3505;4043;4095
4;3223;3504;4045;4095
4;3230;3511;4040;4095
4;3225;3519;4037;4095
4;3229;3505;4043;4095
4;3227;3504;4039;4095
4;3227;3504;4042;4095
4;3224;3509;4038;4095
4;3226;3505;4045;4095
4;3224;3504;4046;4095
4;3232;3507;4041;4095
4;3231;3504;4048;4095
4;3220;3507;4046;4095
4;3227;3504;4037;4095
4;3226;3506;4034;4095
4;3228;3507;4049;4095
4;3230;3504;4047;4095
4;3231;3506;4037;4095
4;3230;3504;4040;4095
4;3230;3511;4050;4095
4;3226;3504;4032;4095
4;3227;3505;4045;4095
4;3228;3509;4045;4095
4;3231;3507;4041;4095
4;3232;3513;4042;4095
4;3229;3506;4033;4095
4;3232;3509;4047;4095
4;3237;3508;4048;4095
4;3228;3505;4031;4095
4;3229;3507;4049;4095
4;3231;3505;4039;4095
4;3230;3504;4048;4095
4;3229;3507;4054;4095
5;3231;3505;4048;4095
5;3227;3504;4048;4095
5;3227;3504;4048;4095
5;3226;3506;4031;4095
5;3230;3506;4048;4095
5;3225;3504;4047;4095
5;3227;3505;4048;4095
5;3232;3504;4044;4095
5;3227;3516;4048;4095
5;3227;3504;4036;4095
5;3230;3507;4046;4095
5;3228;3505;4040;4095
5;3227;3507;4046;4095
5;3226;3504;4045;4095
5;3231;3506;4045;4095
5;3221;3503;4046;4095
5;3221;3504;4045;4095
5;3230;3509;4032;4095
5;3230;3505;4042;4095
5;3226;3504;4037;4095
5;3217;3503;4039;4095
5;3219;3509;4042;4095
5;3222;3517;4048;4095
5;3221;3506;4046;4095
5;3228;3501;4047;4095
5;3225;3499;4047;4095
5;3229;3510;4042;4095
5;3231;3514;4037;4095
5;3225;3511;4057;4095
5;3231;3510;4040;4095
5;3231;3511;4046;4095
5;3229;3501;4048;4095
5;3227;3506;4049;4095
5;3229;3516;4034;4095
5;3235;3514;4038;4095
5;3235;3508;4048;4095
5;3232;3509;4042;4095
5;3239;3510;4048;4095
5;3234;3511;4042;4095
5;3233;3515;4034;4095
5;3231;3508;4045;4095
5;3234;3510;4048;4095
5;3232;3506;4044;4095
5;3233;3511;4046;4095
5;3234;3514;4048;4095
5;3232;3515;4036;4095
5;3237;3511;4047;4095
5;3235;3507;4038;4095
5;3236;3511;4045;4095
5;3237;3511;4048;4095
5;3237;3509;4048;4095
5;3238;3514;4043;4095
5;3237;3509;4037;4095
5;3236;3514;4048;4095
5;3234;3507;4052;4095
5;3233;3509;4046;4095
5;3237;3516;4031;4095
5;3232;3516;4032;4095
5;3231;3510;4049;4095
5;3237;3510;4048;4095
5;3237;3510;4048;4095
5;3231;3516;4043;4095
5;3234;3513;4037;4095
5;3238;3513;4046;4095
5;3234;3513;4050;4095
5;3239;3507;4042;4095
5;3232;3510;4038;4095
5;3232;3519;4049;4095
5;3233;3520;4046;4095
5;3235;3514;4043;4095
5;3232;3511;4042;4095
5;3238;3507;4043;4095
5;3242;3519;4045;4095
5;3237;3511;4032;4095
5;3234;3515;4047;4095
5;3238;3511;4051;4095
5;3237;3516;4048;4095
5;3238;3511;4058;4095
5;3235;3515;4051;4095
5;3238;3511;4042;4095
5;3234;3509;4048;4095
5;3239;3514;4050;4095
5;3239;3510;4039;4095
5;3232;3509;4050;4095
5;3235;3511;4045;4095
5;3243;3510;4045;4095
5;3244;3514;4043;4095
5;3238;3510;4045;4095
5;3237;3517;4043;4095
5;3239;3513;4050;4095
5;3242;3518;4046;4095
5;3235;3509;4031;4095
5;3236;3517;4039;4095
5;3235;3509;4041;4095
5;3234;3516;4048;4095
5;3232;3506;4048;4095
5;3240;3511;4047;4095
5;3238;3508;4040;4095
5;3233;3514;4048;4095
5;3235;3511;4035;4095
5;3241;3518;4039;4095
5;3239;3510;4043;4095
5;3234;3519;4043;4095
5;3229;3515;4046;4095
5;3233;3508;4047;4095
5;3235;3507;4039;4095
5;3234;3509;4039;4095
5;3242;3514;4048;4095
5;3239;3507;4039;4095
5;3233;3511;4041;4095
5;3236;3514;4046;4095
5;3232;3511;4045;4095
5;3234;3510;4047;4095
5;3232;3510;4046;4095
5;3232;3506;4044;4095
5;3234;3510;4057;4095
5;3229;3515;4042;4095
5;3237;3517;4049;4095
5;3233;3511;4048;4095
5;3233;3506;4041;4095
5;3232;3513;4048;4095
5;3229;3520;4035;4095
5;3241;3508;4038;4095
5;3234;3508;4043;4095
5;3235;3508;4045;4095
5;3233;3515;4048;4095
5;3236;3514;4045;4095
5;3229;3510;4030;4095
5;3233;3506;4054;4095
5;3235;3507;4039;4095
5;3229;3506;4047;4095
5;3232;3509;4049;4095
5;3235;3509;4046;4095
5;3231;3510;4041;4095
5;3235;3504;4031;4095
5;3233;3510;4046;4095
5;3238;3508;4034;4095
5;3237;3511;4042;4095
5;3232;3517;4038;4095
5;3235;3507;4040;4095
5;3227;3507;4045;4095
5;3232;3513;4043;4095
5;3235;3516;4049;4095
5;3234;3508;4047;4095
5;3229;3506;4044;4095
5;3228;3510;4043;4095
5;3233;3507;4047;4095
5;3239;3508;4034;4095
5;3232;3502;4043;4095
5;3241;3515;4037;4095
5;3243;3514;4042;4095
5;3239;3510;4038;4095
5;3237;3504;4035;4095
5;3233;3504;4048;4095
5;3238;3505;4044;4095
5;3239;3507;4035;4095
5;3233;3514;4045;4095
5;3233;3511;4039;4095
5;3235;3507;4035;4095
5;3233;3506;4045;4095
5;3226;3510;4037;4095
5;3231;3