1;3063;3374;3983;4095
1;3064;3376;4001;4095
1;3059;3369;3988;4095
1;3063;3376;3998;4095
1;3063;3375;4001;4095
1;3083;3379;3999;4095
1;3097;3394;4000;4095
1;3097;3393;4000;4095
1;3093;3393;3999;4095
1;3085;3383;4006;4095
1;3071;3385;3987;4095
1;3069;3376;3997;4095
1;3065;3378;3992;4095
1;3066;3375;3989;4095
1;3063;3376;3997;4095
1;3061;3375;4001;4095
1;3058;3371;4002;4095
1;3059;3367;4000;4095
1;3057;3371;4010;4095
1;3056;3374;3998;4095
1;3059;3373;4000;4095
1;3050;3369;3985;4095
1;3088;3387;4000;4095
1;3098;3395;4007;4095
1;3089;3389;4003;4095
1;3083;3380;4000;4095
1;3093;3393;3990;4095
1;3081;3382;4003;4095
1;3093;3390;3998;4095
1;3095;3390;3999;4095
1;3090;3387;3999;4095
1;3090;3393;4000;4095
1;3089;3393;4002;4095
1;3094;3391;4001;4095
1;3091;3388;3999;4095
1;3091;3392;4003;4095
1;3094;3392;4000;4095
1;3097;3390;4010;4095
1;3089;3395;4003;4095
1;3088;3389;4004;4095
1;3090;3391;3998;4095
1;3089;3390;4004;4095
1;3089;3391;4010;4095
1;3088;3389;4001;4095
1;3179;3455;4010;4095
1;3166;3443;4017;4095
1;3184;3456;4014;4095
1;3165;3451;4012;4095
1;3169;3447;4016;4095
1;3169;3447;4019;4095
1;3168;3447;4016;4095
1;3165;3449;4005;4095
1;3161;3442;4000;4095
1;3167;3446;4016;4095
1;3167;3455;4019;4095
1;3170;3449;4016;4095
1;3171;3447;4007;4095
1;3171;3447;4011;4095
1;3168;3453;4019;4095
1;3167;3450;4012;4095
1;3166;3446;4016;4095
1;3165;3447;4006;4095
1;3165;3453;4011;4095
1;3157;3441;4013;4095
1;3139;3425;4006;4095
1;3151;3438;4007;4095
1;3149;3437;4008;4095
1;3146;3437;4007;4095
1;3146;3429;4007;4095
1;3129;3414;4003;4095
1;3115;3405;3995;4095
1;3111;3405;4004;4095
1;3120;3408;4000;4095
1;3120;3422;4005;4095
1;3088;3386;4017;4095
1;3086;3381;4019;4095
1;3117;3407;4005;4095
1;3088;3389;4011;4095
1;3098;3394;3999;4095
1;3086;3388;4002;4095
1;3087;3387;4006;4095
1;3106;3403;4005;4095
1;3095;3394;3993;4095
1;3099;3397;4003;4095
1;3101;3392;4000;4095
1;3103;3392;4002;4095
1;3098;3398;4002;4095
1;3102;3404;4007;4095
1;3104;3406;4002;4095
1;3116;3408;4000;4095
1;3117;3405;4009;4095
1;3111;3402;4010;4095
1;3110;3403;4004;4095
1;3113;3406;3995;4095
1;3110;3404;4006;4095
1;3114;3408;4013;4095
1;3111;3406;4009;4095
1;3111;3406;4001;4095
1;3109;3407;4010;4095
1;3113;3408;4009;4095
1;3115;3403;3999;4095
1;3117;3408;4006;4095
1;3113;3403;4004;4095
1;3117;3411;4001;4095
1;3115;3408;4007;4095
1;3110;3411;4005;4095
1;3109;3408;4006;4095
1;3117;3408;3999;4095
1;3115;3409;4011;4095
1;3110;3406;4005;4095
1;3112;3408;4006;4095
1;3109;3408;4004;4095
1;3111;3408;4003;4095
1;3108;3403;4007;4095
1;3114;3408;4007;4095
1;3108;3406;4011;4095
1;3111;3406;4016;4095
1;3114;3408;4011;4095
1;3111;3408;4017;4095
1;3115;3407;4004;4095
1;3117;3396;4002;4095
1;3110;3405;4013;4095
1;3116;3406;4006;4095
1;3119;3407;4010;4095
1;3111;3411;4000;4095
1;3115;3413;4007;4095
1;3117;3408;4013;4095
1;3118;3408;4005;4095
1;3110;3406;4005;4095
1;3116;3405;4011;4095
1;3117;3408;4002;4095
1;3119;3407;4007;4095
1;3117;3410;4011;4095
1;3109;3408;4013;4095
1;3114;3409;4014;4095
1;3115;3409;4006;4095
1;3114;3407;4016;4095
1;3117;3404;4006;4095
1;3113;3411;3995;4095
1;3113;3406;4006;4095
1;3113;3404;4001;4095
1;3117;3408;4007;4095
1;3117;3408;4003;4095
1;3114;3413;4003;4095
1;3111;3408;3997;4095
1;3111;3408;3996;4095
1;3111;3408;4012;4095
1;3111;3405;4006;4095
1;3116;3413;4010;4095
1;3110;3408;4011;4095
1;3109;3406;4016;4095
1;3107;3405;4015;4095
1;3114;3408;4007;4095
1;3117;3408;4007;4095
1;3115;3411;3993;4095
1;3118;3403;4000;4095
1;3115;3409;4007;4095
1;3114;3410;3999;4095
1;3111;3409;4006;4095
1;3111;3407;4016;4095
1;3117;3408;4006;4095
1;3115;3408;4011;4095
1;3111;3406;4006;4095
1;3111;3408;4002;4095
1;3115;3408;4007;4095
1;3109;3408;4003;4095
1;3117;3409;4009;4095
1;3111;3408;4001;4095
1;3117;3408;4002;4095
1;3116;3406;4014;4095
1;3115;3407;4003;4095
1;3114;3408;4002;4095
1;3113;3409;4003;4095
1;3111;3408;4016;4095
1;3118;3407;4005;4095
1;3111;3407;4013;4095
1;3111;3398;3996;4095
1;3109;3408;4013;4095
1;3109;3407;4005;4095
1;3107;3410;4011;4095
1;3107;3398;3995;4095
1;3105;3402;4015;4095
1;3107;3407;4011;4095
1;3105;3407;4014;4095
1;3109;3406;3991;4095
1;3104;3408;4011;4095
1;3110;3406;3997;4095
1;3113;3408;3997;4095
1;3105;3406;4006;4095
1;3110;3406;4003;4095
1;3110;3411;4007;4095
1;3115;3406;4003;4095
1;3114;3409;4016;4095
1;3111;3406;4013;4095
1;3110;3399;4003;4095
1;3115;3408;4007;4095
1;3117;3411;4011;4095
1;3120;3409;4007;4095
1;3116;3408;4006;4095
1;3111;3409;4010;4095
1;3106;3403;4005;4095
1;3105;3402;4005;4095
1;3107;3399;4006;4095
1;3099;3402;4005;4095
1;3095;3401;4016;4095
1;3103;3408;4018;4095
1;3097;3393;3998;4095
1;3094;3392;3998;4095
1;3094;3398;3993;4095
1;3101;3403;4011;4095
1;3098;3398;4007;4095
1;3095;3397;4011;4095
1;3102;3402;4006;4095
1;3109;3405;4009;4095
1;3107;3408;4007;4095
1;3109;3402;4021;4095
1;3111;3408;3999;4095
1;3104;3405;4006;4095
1;3110;3401;4003;4095
1;3109;3408;4009;4095
1;3109;3399;4011;4095
1;3107;3402;4000;4095
1;3109;3399;4005;4095
1;3107;3402;4015;4095
1;3111;3408;4003;4095
1;3111;3408;4015;4095
1;3111;3408;4011;4095
1;3115;3408;4007;4095
1;3116;3408;4009;4095
1;3108;3408;4009;4095
1;3113;3402;4005;4095
1;3120;3408;4011;4095
1;3109;3410;4001;4095
1;3109;3406;4010;4095
1;3114;3406;4009;4095
1;3099;3409;4010;4095
1;3104;3405;4010;4095
1;3107;3408;4005;4095
1;3103;3401;4015;4095
1;3101;3403;4015;4095
1;3096;3398;4003;4095
1;3101;3394;4006;4095
1;3090;3397;4002;4095
1;3095;3393;4014;4095
1;3102;3403;4005;4095
1;3094;3392;4009;4095
1;3097;3395;3994;4095
1;3098;3395;3999;4095
1;3098;3392;3998;4095
1;3104;3403;4007;4095
1;3107;3395;4005;4095
1;3115;3411;4005;4095
1;3120;3419;4006;4095
1;3117;3408;4011;4095
1;3112;3409;4013;4095
1;3105;3402;4001;4095
1;3104;3404;4009;4095
1;3104;3399;4001;4095
1;3106;3405;4004;4095
1;3099;3403;4007;4095
1;3108;3401;4018;4095
1;3113;3399;4001;4095
1;3099;3406;4007;4095
1;3108;3408;4003;4095
1;3102;3397;4007;4095
1;3105;3403;4004;4095
1;3099;3399;4011;4095
1;3102;3395;3997;4095
1;3102;3397;4010;4095
1;3099;3401;3998;4095
1;3105;3398;4016;4095
1;3103;3398;4006;4095
1;3107;3398;4011;4095
1;3101;3399;4003;4095
1;3103;3404;4005;4095
1;3102;3402;4004;4095
1;3118;3410;4007;4095
1;3113;3405;3997;4095
1;3103;3395;4011;4095
1;3102;3400;4005;4095
1;3105;3398;4003;4095
1;3111;3408;4011;4095
1;3126;3411;4003;4095
1;3138;3424;4001;4095
1;3141;3423;4001;4095
1;3147;3428;4001;4095
1;3121;3411;4009;4095
1;3109;3407;4000;4095
1;3093;3397;4011;4095
1;3094;3398;3999;4095
1;3089;3392;4003;4095
1;3089;3395;3994;4095
1;3088;3391;4000;4095
1;3088;3389;4004;4095
1;3098;3391;4002;4095
1;3095;3403;4002;4095
1;3097;3393;4004;4095
1;3088;3392;4003;4095
1;3093;3391;4001;4095
1;3099;3394;4008;4095
1;3099;3393;4004;4095
1;3099;3397;4000;4095
1;3097;3390;3992;4095
1;3103;3399;3998;4095
1;3097;3394;4001;4095
1;3106;3395;4013;4095
1;3101;3399;4004;4095
1;3090;3387;4007;4095
1;3086;3391;4001;4095
1;3092;3391;3998;4095
1;3102;3399;3994;4095
1;3102;3392;3995;4095
1;3104;3399;4009;4095
1;3104;3401;4005;4095
1;3097;3395;3991;4095
1;3098;3402;4003;4095
1;3102;3395;4000;4095
1;3104;3398;4006;4095
1;3102;3403;4007;4095
1;3098;3394;4002;4095
2;3088;3393;4000;4095
2;3088;3393;3997;4095
2;3091;3387;4003;4095
2;3089;3386;4005;4095
2;3097;3404;3998;4095
2;3089;3399;4002;4095
2;3091;3393;4001;4095
2;3097;3391;4003;4095
2;3093;3395;4006;4095
2;3097;3391;4004;4095
2;3096;3392;3996;4095
2;3098;3393;3999;4095
2;3103;3406;4005;4095
2;3090;3399;3997;4095
2;3089;3395;4015;4095
2;3096;3394;4004;4095
2;3097;3394;4004;4095
2;3104;3401;4005;4095
2;3102;3402;3991;4095
2;3105;3395;4012;4095
2;3104;3402;4006;4095
2;3101;3399;4009;4095
2;3101;3396;4002;4095
2;3103;3399;4001;4095
2;3095;3397;4003;4095
2;3098;3394;3987;4095
2;3101;3392;3995;4095
2;3097;3391;4006;4095
2;3097;3395;4009;4095
2;3101;3392;4002;4095
2;3091;3396;4003;4095
2;3093;3397;4006;4095
2;3101;3398;4003;4095
2;3094;3397;4007;4095
2;3101;3392;4001;4095
2;3091;3395;3997;4095
2;3089;3393;4004;4095
2;3094;3390;3997;4095
2;3091;3392;4000;4095
2;3093;3392;3998;4095
2;3091;3389;4000;4095
2;3088;3391;3996;4095
2;3088;3383;3997;4095
2;3090;3391;3987;4095
2;3089;3391;4001;4095
2;3090;3389;4010;4095
2;3091;3390;4001;4095
2;3092;3391;4005;4095
2;3092;3389;3997;4095
2;3091;3387;3992;4095
2;3092;3386;3989;4095
2;3095;3397;3995;4095
2;3093;3391;4002;4095
2;3094;3391;3994;4095
2;3091;3397;3986;4095
2;3095;3399;3995;4095
2;3101;3393;3999;4095
2;3097;3397;4001;4095
2;3103;3394;3999;4095
2;3093;3397;3999;4095
2;3100;3395;4007;4095
2;3099;3391;4002;4095
2;3093;3397;3995;4095
2;3094;3395;4001;4095
2;3094;3392;4000;4095
2;3102;3395;3999;4095
2;3101;3398;3996;4095
2;3098;3396;4011;4095
2;3097;3391;3999;4095
2;3091;3390;4009;4095
2;3093;3392;3998;4095
2;3094;3396;4002;4095
2;3101;3397;3997;4095
2;3102;3399;4013;4095
2;3103;3395;4002;4095
2;3097;3395;4006;4095
2;3102;3403;4007;4095
2;3098;3392;4007;4095
2;3097;3394;4007;4095
2;3103;3407;3998;4095
2;3117;3408;4004;4095
2;3109;3405;3998;4095
2;3106;3405;4003;4095
2;3109;3403;4007;4095
2;3113;3399;4003;4095
2;3105;3403;4001;4095
2;3102;3398;3995;4095
2;3106;3404;4001;4095
2;3106;3403;4005;4095
2;3103;3395;4003;4095
2;3115;3405;4005;4095
2;3105;3404;4011;4095
2;3113;3400;4003;4095
2;3108;3401;4000;4095
2;3102;3394;4014;4095
2;3102;3397;4010;4095
2;3103;3408;4002;4095
2;3099;3397;4006;4095
2;3105;3398;4007;4095
2;3105;3402;4002;4095
2;3113;3402;3993;4095
2;3112;3397;3999;4095
2;3106;3402;4007;4095
2;3114;3407;4000;4095
2;3115;3408;4011;4095
2;3115;3409;4001;4095
2;3110;3403;4003;4095
2;3109;3401;4005;4095
2;3106;3405;4005;4095
2;3113;3408;4007;4095
2;3113;3407;4005;4095
2;3109;3407;4006;4095
2;3114;3397;4001;4095
2;3114;3408;4009;4095
2;3114;3403;3999;4095
2;3376;3634;4095;4095
2;3280;3547;4080;4095
2;3300;3570;4091;4095
2;3310;3568;4095;4095
2;3328;3597;4095;4095
2;3265;3542;4074;4095
2;3305;3579;4088;4095
2;3287;3557;4080;4095
2;3280;3552;4071;4095
2;3174;3463;4027;4095
2;3159;3452;4029;4095
2;3155;3445;4030;4095
2;3136;3430;4003;4095
2;3132;3424;4007;4095
2;3119;3418;4006;4095
2;3113;3409;4006;4095
2;3104;3395;4001;4095
2;3101;3402;4003;4095
2;3100;3399;4007;4095
2;3103;3396;4014;4095
2;3103;3396;4005;4095
2;3099;3397;4010;4095
2;3114;3410;4022;4095
2;3095;3395;4005;4095
2;3099;3404;4003;4095
2;3096;3394;4000;4095
2;3098;3398;3995;4095
2;3101;3400;4007;4095
2;3102;3397;3999;4095
2;3104;3397;4011;4095
2;3101;3395;4013;4095
2;3098;3399;4011;4095
2;3097;3397;4005;4095
2;3101;3394;4003;4095
2;3095;3390;4010;4095
2;3098;3402;4000;4095
2;3101;3398;3994;4095
2;3098;3399;4011;4095
2;3101;3398;4008;4095
2;3099;3401;4003;4095
2;3103;3398;3993;4095
2;3149;3445;4016;4095
2;3152;3440;4029;4095
2;3139;3440;4011;4095
2;3137;3439;4026;4095
2;3145;3439;4031;4095
2;3143;3440;4027;4095
2;3141;3440;4018;4095
2;3145;3437;4030;4095
2;3140;3433;4020;4095
2;3142;3433;4033;4095
2;3137;3438;4031;4095
2;3138;3437;4026;4095
2;3131;3435;4015;4095
2;3130;3432;4020;4095
2;3133;3430;4023;4095
2;3131;3426;4026;4095
2;3136;3426;4017;4095
2;3137;3431;4031;4095
2;3139;3429;4018;4095
2;3132;3426;4020;4095
2;3135;3429;4035;4095
2;3136;3427;4029;4095
2;3135;3426;4029;4095
2;3133;3430;4016;4095
2;3137;3431;4027;4095
2;3136;3425;4030;4095
2;3136;3430;4014;4095
2;3135;3425;4026;4095
2;3132;3431;4015;4095
2;3135;3429;4027;4095
2;3149;3441;4027;4095
2;3120;3419;4011;4095
2;3094;3397;3993;4095
2;3100;3394;4015;4095
2;3093;3395;4012;4095
2;3090;3392;4006;4095
2;3093;3401;4009;4095
2;3090;3391;4006;4095
2;3093;3393;4007;4095
2;3090;3392;4007;4095
2;3093;3396;4010;4095
2;3090;3393;4006;4095
2;3095;3395;4013;4095
2;3090;3398;4016;4095
2;3089;3398;4007;4095
2;3093;3397;4011;4095
2;3091;3390;4007;4095
2;3088;3392;4007;4095
2;3088;3393;4005;4095
2;3094;3393;4009;4095
2;3093;3392;4003;4095
2;3095;3398;4002;4095
2;3090;3393;4001;4095
2;3093;3390;4015;4095
2;3091;3393;4003;4095
2;3099;3405;3999;4095
2;3103;3397;4015;4095
2;3100;3405;4016;4095
2;3099;3402;3998;4095
2;3103;3407;4010;4095
2;3098;3398;4013;4095
2;3104;3398;4009;4095
2;3102;3405;4014;4095
2;3104;3395;4011;4095
2;3093;3394;4016;4095
2;3095;3394;4015;4095
2;3101;3395;4005;4095
2;3095;3393;4016;4095
2;3095;3396;4006;4095
2;3091;3393;4002;4095
2;3088;3392;4000;4095
2;3088;3393;4010;4095
2;3088;3393;4006;4095
2;3085;3389;4012;4095
2;3087;3386;4016;4095
2;3088;3392;4001;4095
3;3101;3403;4013;4095
3;3096;3393;4001;4095
3;3093;3397;4002;4095
3;3095;3406;4019;4095
3;3094;3397;4005;4095
3;3089;3390;3999;4095
3;3087;3379;3999;4095
3;3097;3394;4003;4095
3;3089;3394;4011;4095
3;3095;3394;4016;4095
3;3099;3393;4005;4095
3;3098;3394;4003;4095
3;3102;3406;4013;4095
3;3092;3392;3997;4095
3;3099;3397;4007;4095
3;3094;3398;4000;4095
3;3122;3418;4027;4095
3;3106;3402;4009;4095
3;3101;3406;3999;4095
3;3117;3408;4006;4095
3;3109;3407;4014;4095
3;3118;3409;4010;4095
3;3117;3409;4014;4095
3;3112;3411;4003;4095
3;3131;3421;4017;4095
3;3121;3415;4006;4095
3;3115;3410;4016;4095
3;3323;3600;4095;4095
3;3184;3472;4048;4095
3;3183;3471;4051;4095
3;3139;3423;4019;4095
3;3136;3428;4014;4095
3;3136;3427;4016;4095
3;3121;3420;4011;4095
3;3105;3405;4005;4095
3;3107;3398;3997;4095
3;3105;3408;3998;4095
3;3094;3392;4015;4095
3;3084;3392;4011;4095
3;3088;3385;4011;4095
3;3096;3397;4015;4095
3;3155;3446;4016;4095
3;3232;3503;4063;4095
3;3136;3419;4014;4095
3;3103;3404;4009;4095
3;3150;3436;4020;4095
3;3097;3396;4011;4095
3;3097;3393;3987;4095
3;3101;3394;4000;4095
3;3100;3395;4005;4095
3;3105;3399;4002;4095
3;3103;3401;4001;4095
3;3101;3394;3999;4095
3;3103;3396;4002;4095
3;3093;3394;3998;4095
3;3099;3392;4003;4095
3;3099;3399;3990;4095
3;3106;3405;4002;4095
3;3091;3390;4002;4095
3;3100;3395;4004;4095
3;3093;3397;4005;4095
3;3223;3504;4065;4095
3;3181;3472;4045;4095
3;3152;3442;4027;4095
3;3118;3418;4016;4095
3;3101;3401;4016;4095
3;3094;3397;4003;4095
3;3099;3392;4006;4095
3;3097;3397;4009;4095
3;3095;3393;4013;4095
3;3098;3395;4000;4095
3;3093;3389;4006;4095
3;3099;3395;4003;4095
3;3101;3395;4011;4095
3;3098;3397;4007;4095
3;3103;3402;4000;4095
3;3105;3401;4004;4095
3;3109;3403;3999;4095
3;3102;3406;4019;4095
3;3107;3403;4014;4095
3;3110;3400;4005;4095
3;3106;3405;4003;4095
3;3109;3407;4009;4095
3;3110;3403;4004;4095
3;3105;3409;4005;4095
3;3114;3405;4016;4095
3;3106;3408;4005;4095
3;3105;3403;4011;4095
3;3108;3408;4010;4095
3;3107;3406;4006;4095
3;3104;3408;4011;4095
3;3107;3408;4007;4095
3;3098;3399;4007;4095
3;3115;3401;4011;4095
3;3117;3410;4001;4095
3;3113;3411;4015;4095
3;3113;3402;4012;4095
3;3116;3401;4006;4095
3;3106;3408;4012;4095
3;3111;3408;4011;4095
3;3103;3405;4010;4095
3;3113;3405;4006;4095
3;3107;3408;4005;4095
3;3114;3408;4006;4095
3;3102;3400;4016;4095
3;3103;3397;4010;4095
3;3107;3405;3998;4095
3;3106;3398;4007;4095
3;3106;3406;4011;4095
3;3104;3404;4017;4095
3;3102;3402;4016;4095
3;3107;3404;4013;4095
3;3103;3406;4010;4095
3;3103;3398;4009;4095
3;3098;3405;4003;4095
3;3103;3399;4007;4095
3;3103;3396;3994;4095
3;3103;3405;3999;4095
3;3106;3399;4007;4095
3;3102;3397;4000;4095
3;3101;3402;4012;4095
3;3107;3397;4010;4095
3;3102;3406;4004;4095
3;3105;3402;4004;4095
3;3106;3398;4029;4095
3;3104;3400;4003;4095
3;3107;3405;4015;4095
3;3106;3398;4009;4095
3;3106;3399;4011;4095
3;3104;3401;4011;4095
3;3105;3406;3998;4095
3;3105;3399;4010;4095
3;3106;3399;4011;4095
3;3107;3403;4010;4095
3;3104;3398;4003;4095
3;3113;3402;4010;4095
3;3115;3407;3999;4095
3;3109;3405;4002;4095
3;3110;3408;4013;4095
3;3111;3408;4013;4095
3;3107;3407;4001;4095
3;3108;3407;4014;4095
3;3115;3402;4011;4095
3;3114;3408;3989;4095
3;3129;3415;4017;4095
3;3126;3419;4024;4095
3;3116;3415;4014;4095
3;3124;3413;4011;4095
3;3120;3408;4016;4095
3;3115;3408;4003;4095
3;3123;3414;4013;4095
3;3121;3410;4016;4095
3;3117;3410;4006;4095
3;3119;3408;4016;4095
3;3120;3410;4007;4095
3;3114;3411;4007;4095
3;3118;3413;4011;4095
3;3119;3410;4007;4095
3;3117;3415;4014;4095
3;3119;3414;4011;4095
3;3119;3408;4012;4095
3;3119;3411;4015;4095
3;3120;3425;4015;4095
3;3118;3418;4012;4095
3;3125;3410;4010;4095
3;3122;3413;4010;4095
3;3121;3410;4010;4095
3;3120;3415;4022;4095
3;3120;3418;4014;4095
3;3120;3411;4011;4095
3;3121;3413;4007;4095
3;3122;3412;4003;4095
3;3120;3414;4011;4095
3;3122;3408;4003;4095
3;3122;3413;4015;4095
3;3120;3408;4001;4095
3;3120;3418;4016;4095
3;3120;3415;4011;4095
3;3118;3415;4015;4095
3;3120;3405;4015;4095
3;3121;3417;4010;4095
3;3120;3410;3998;4095
3;3124;3421;4006;4095
3;3120;3410;4011;4095
3;3120;3411;4011;4095
3;3125;3411;4016;4095
3;3120;3418;4011;4095
3;3115;3411;4005;4095
3;3145;3439;4031;4095
3;3116;3413;4005;4095
3;3120;3414;4013;4095
3;3124;3419;4018;4095
3;3117;3418;4016;4095
3;3120;3413;4023;4095
3;3117;3408;4016;4095
3;3120;3415;4010;4095
3;3119;3408;4006;4095
3;3120;3408;4016;4095
3;3115;3414;4006;4095
3;3114;3408;4010;4095
3;3120;3408;4010;4095
3;3119;3409;4017;4095
3;3115;3410;4016;4095
3;3120;3413;4011;4095
3;3115;3408;4013;4095
3;3118;3409;4017;4095
3;3120;3413;4009;4095
3;3117;3413;4011;4095
3;3120;3411;4012;4095
3;3119;3408;4003;4095
3;3120;3410;4013;4095
3;3117;3415;3997;4095
3;3120;3411;4020;4095
3;3120;3410;4016;4095
3;3115;3411;4014;4095
3;3120;3408;4014;4095
3;3120;3408;4014;4095
3;3127;3421;4013;4095
3;3120;3408;4000;4095
3;3133;3418;4016;4095
3;3121;3412;4004;4095
3;3120;3410;3998;4095
3;3120;3420;4016;4095
3;3120;3409;4015;4095
3;3124;3415;4016;4095
3;3125;3415;4001;4095
3;3231;3504;4058;4095
3;3114;3409;4012;4095
3;3113;3408;4005;4095
3;3117;3408;4011;4095
3;3117;3409;4004;4095
3;3115;3408;4013;4095
3;3110;3408;4013;4095
3;3115;3409;4016;4095
3;3111;3408;4014;4095
3;3111;3405;4009;4095
3;3110;3406;4010;4095
3;3109;3408;4006;4095
3;3101;3406;4013;4095
3;3106;3399;4028;4095
4;3100;3403;4018;4095
4;3099;3398;3991;4095
4;3102;3403;3995;4095
4;3104;3405;4009;4095
4;3102;3404;4010;4095
4;3117;3408;4006;4095
4;3118;3408;4013;4095
4;3113;3408;4013;4095
4;3111;3408;4016;4095
4;3116;3408;4013;4095
4;3116;3408;3999;4095
4;3110;3403;4014;4095
4;3109;3404;4005;4095
4;3091;3397;4012;4095
4;3097;3395;3999;4095
4;3098;3397;4006;4095
4;3101;3397;4003;4095
4;3095;3399;4013;4095
4;3094;3393;4006;4095
4;3093;3395;4001;4095
4;3088;3386;4006;4095
4;3103;3399;4011;4095
4;3111;3397;4011;4095
4;3106;3401;4007;4095
4;3111;3413;4001;4095
4;3120;3410;4011;4095
4;3111;3406;4006;4095
4;3106;3402;4013;4095
4;3109;3408;4013;4095
4;3115;3406;4005;4095
4;3113;3412;4014;4095
4;3111;3403;4005;4095
4;3107;3408;4004;4095
4;3114;3409;4017;4095
4;3111;3408;4007;4095
4;3109;3408;4013;4095
4;3110;3408;4012;4095
4;3114;3411;4007;4095
4;3111;3408;4014;4095
4;3111;3408;4010;4095
4;3113;3406;4016;4095
4;3111;3408;4005;4095
4;3110;3404;4005;4095
4;3105;3407;4009;4095
4;3118;3407;4001;4095
4;3120;3410;4015;4095
4;3123;3422;4003;4095
4;3134;3422;4006;4095
4;3138;3424;4010;4095
4;3141;3428;4016;4095
4;3139;3423;4001;4095
4;3126;3411;4015;4095
4;3119;3410;4003;4095
4;3117;3408;4005;4095
4;3118;3403;4017;4095
4;3114;3405;4010;4095
4;3109;3405;4016;4095
4;3114;3410;4016;4095
4;3104;3408;4015;4095
4;3104;3399;4016;4095
4;3129;3418;4007;4095
4;3127;3414;4003;4095
4;3129;3421;4012;4095
4;3132;3419;4016;4095
4;3127;3422;4014;4095
4;3132;3419;4013;4095
4;3131;3420;4006;4095
4;3129;3419;4014;4095
4;3127;3419;4011;4095
4;3129;3425;4006;4095
4;3126;3419;4007;4095
4;3126;3424;4016;4095
4;3129;3419;4016;4095
4;3123;3415;4011;4095
4;3127;3421;4015;4095
4;3121;3426;4011;4095
4;3127;3424;4007;4095
4;3124;3419;4013;4095
4;3127;3421;4009;4095
4;3126;3415;4016;4095
4;3131;3413;4017;4095
4;3127;3418;4010;4095
4;3126;3418;4013;4095
4;3130;3420;4010;4095
4;3125;3423;4007;4095
4;3129;3422;4011;4095
4;3131;3417;4012;4095
4;3131;3413;4010;4095
4;3129;3419;4010;4095
4;3131;3415;4018;4095
4;3125;3415;4005;4095
4;3126;3424;4003;4095
4;3127;3415;3999;4095
4;3126;3414;4015;4095
4;3124;3418;4014;4095
4;3125;3418;4013;4095
4;3126;3414;4016;4095
4;3122;3413;4007;4095
4;3126;3424;4010;4095
4;3126;3418;4018;4095
4;3123;3419;4015;4095
4;3124;3419;4005;4095
4;3124;3414;4004;4095
4;3122;3415;4007;4095
4;3122;3412;4011;4095
4;3127;3419;4016;4095
4;3127;3413;4010;4095
4;3122;3418;4005;4095
4;3120;3419;4016;4095
4;3125;3418;4006;4095
4;3121;3402;4016;4095
4;3120;3421;4009;4095
4;3124;3419;4015;4095
4;3127;3414;4009;4095
4;3127;3408;4005;4095
4;3125;3415;4015;4095
4;3122;3418;4017;4095
4;3120;3414;4013;4095
4;3123;3414;4015;4095
4;3118;3409;4013;4095
4;3109;3407;4004;4095
4;3105;3408;4013;4095
4;3101;3398;4007;4095
4;3102;3405;4002;4095
4;3113;3407;4004;4095
4;3115;3408;4002;4095
4;3115;3406;4002;4095
4;3115;3411;4016;4095
4;3119;3414;4011;4095
4;3120;3414;4003;4095
4;3120;3419;4017;4095
4;3122;3415;4007;4095
4;3120;3417;4005;4095
4;3124;3420;4009;4095
4;3121;3409;4006;4095
4;3114;3402;4007;4095
4;3111;3402;4013;4095
4;3103;3406;4016;4095
4;3107;3405;4007;4095
4;3102;3402;4016;4095
4;3095;3402;4008;4095
4;3089;3398;4005;4095
4;3089;3393;4014;4095
4;3095;3393;4009;4095
4;3095;3392;4001;4095
4;3098;3396;4016;4095
4;3095;3395;4015;4095
4;3091;3398;4009;4095
4;3095;3398;4006;4095
4;3099;3405;4009;4095
4;3097;3397;4007;4095
4;3094;3393;4004;4095
4;3093;3395;3999;4095
4;3094;3397;4011;4095
4;3090;3394;4006;4095
4;3090;3397;4016;4095
4;3095;3395;4010;4095
4;3092;3396;3999;4095
4;3089;3394;4012;4095
4;3091;3401;4011;4095
4;3092;3397;4015;4095
4;3090;3395;4013;4095
4;3091;3395;4010;4095
4;3091;3396;4010;4095
4;3088;3399;4005;4095
4;3091;3399;4010;4095
4;3089;3392;4016;4095
4;3093;3397;3999;4095
4;3097;3395;4013;4095
4;3094;3394;4016;4095
4;3091;3394;4016;4095
4;3089;3397;4007;4095
4;3086;3388;3998;4095
4;3089;3391;4007;4095
4;3093;3395;4003;4095
4;3088;3393;4003;4095
4;3093;3391;4016;4095
4;3088;3398;4016;4095
4;3088;3390;4013;4095
4;3088;3391;4007;4095
4;3087;3390;4007;4095
4;3088;3391;4011;4095
4;3087;3390;4013;4095
4;3088;3393;4013;4095
4;3088;3392;4005;4095
4;3081;3392;4011;4095
4;3087;3390;4013;4095
4;3085;3387;4025;4095
4;3084;3382;4001;4095
4;3088;3392;4000;4095
4;3085;3391;4016;4095
4;3087;3388;4008;4095
4;3084;3392;4011;4095
4;3088;3387;4010;4095
4;3081;3389;4012;4095
4;3071;3388;4009;4095
4;3085;3388;4016;4095
4;3083;3383;4006;4095
4;3087;3389;4007;4095
4;3079;3389;4007;4095
4;3088;3385;4011;4095
4;3085;3386;4010;4095
4;3085;3389;4010;4095
4;3084;3389;4007;4095
4;3083;3387;4013;4095
4;3087;3386;4015;4095
4;3086;3386;3998;4095
4;3085;3387;4010;4095
4;3083;3385;4015;4095
4;3087;3389;4010;4095
4;3086;3391;4016;4095
4;3084;3390;4014;4095
4;3084;3390;4001;4095
4;3084;3391;4001;4095
4;3086;3385;4000;4095
4;3088;3389;4007;4095
4;3086;3391;4019;4095
4;3083;3392;4010;4095
4;3071;3387;4005;4095
4;3083;3386;4014;4095
4;3085;3383;4015;4095
4;3069;3391;4016;4095
4;3079;3389;4009;4095
4;3083;3390;4003;4095
4;3085;3386;4002;4095
4;3081;3390;4012;4095
4;3081;3387;4009;4095
4;3078;3386;4010;4095
4;3136;3421;4014;4095
4;3139;3430;4016;4095
4;3149;3428;4014;4095
4;3149;3438;4017;4095
4;3147;3433;4015;4095
4;3147;3432;4011;4095
4;3151;3437;4001;4095
4;3151;3431;4010;4095
4;3150;3434;4017;4095
4;3147;3440;4001;4095
4;3147;3435;4013;4095
4;3150;3443;4010;4095
4;3151;3435;4005;4095
4;3150;3440;4015;4095
4;3150;3440;4011;4095
4;3152;3430;4013;4095
4;3150;3437;3999;4095
4;3150;3441;4015;4095
4;3152;3435;4006;4095
4;3152;3434;4012;4095
4;3150;3440;4005;4095
4;3141;3438;4016;4095
4;3154;3436;4004;4095
4;3149;3437;4013;4095
4;3151;3430;4008;4095
4;3151;3433;4016;4095
4;3150;3433;4011;4095
4;3149;3438;4018;4095
4;3149;3437;4016;4095
4;3149;3440;4016;4095
4;3153;3435;4006;4095
4;3152;3438;4016;4095
4;3152;3436;4013;4095
4;3152;3437;4006;4095
4;3151;3438;4002;4095
4;3152;3434;4014;4095
4;3152;3434;4006;4095
4;3152;3437;4016;4095
4;3154;3440;4011;4095
4;3152;3437;4016;4095
4;3150;3434;4003;4095
4;3143;3433;4016;4095
4;3143;3431;4009;4095
4;3138;3427;4015;4095
4;3136;3424;4015;4095
4;3121;3419;4013;4095
4;3115;3412;4009;4095
4;3118;3408;4006;4095
4;3122;3418;4002;4095
4;3123;3414;4006;4095
4;3118;3408;4010;4095
4;3120;3406;4005;4095
4;3113;3408;4002;4095
4;3120;3410;4007;4095
4;3120;3414;4010;4095
4;3120;3416;4016;4095
5;3119;3411;4012;4095
5;3120;3414;4006;4095
5;3120;3414;4007;4095
5;3122;3415;4007;4095
5;3120;3415;4010;4095
5;3120;3412;4017;4095
5;3120;3410;4016;4095
5;3122;3410;4009;4095
5;3120;3411;4014;4095
5;3119;3413;4004;4095
5;3122;3413;4003;4095
5;3120;3410;4006;4095
5;3117;3410;3997;4095
5;3120;3409;3999;4095
5;3118;3412;4007;4095
5;3121;3411;4009;4095
5;3111;3408;4009;4095
5;3120;3419;4006;4095
5;3119;3410;4009;4095
5;3120;3411;3996;4095
5;3122;3408;4009;4095
5;3120;3410;4006;4095
5;3120;3411;4002;4095
5;3121;3412;4001;4095
5;3119;3411;4003;4095
5;3119;3411;4010;4095
5;3121;3408;4006;4095
5;3119;3408;4014;4095
5;3120;3408;4011;4095
5;3117;3410;4013;4095
5;3120;3408;4003;4095
5;3118;3411;4010;4095
5;3120;3409;4001;4095
5;3115;3412;4013;4095
5;3120;3412;4016;4095
5;3120;3408;4000;4095
5;3117;3407;4007;4095
5;3106;3408;4007;4095
5;3106;3408;4016;4095
5;3114;3409;4002;4095
5;3110;3405;4005;4095
5;3111;3407;4002;4095
5;3114;3406;4009;4095
5;3107;3407;4005;4095
5;3102;3398;4013;4095
5;3109;3408;4009;4095
5;3113;3408;4016;4095
5;3116;3408;4008;4095
5;3115;3412;4014;4095
5;3103;3408;4011;4095
5;3113;3404;4007;4095
5;3111;3411;4004;4095
5;3108;3406;4013;4095
5;3119;3411;4013;4095
5;3119;3406;4001;4095
5;3120;3409;4005;4095
5;3120;3408;4018;4095
5;3125;3408;3999;4095
5;3120;3419;4013;4095
5;3120;3412;4007;4095
5;3118;3412;3999;4095
5;3117;3411;4005;4095
5;3120;3415;4012;4095
5;3120;3412;4011;4095
5;3119;3411;4010;4095
5;3123;3423;4013;4095
5;3126;3410;4015;4095
5;3122;3418;4005;4095
5;3120;3415;4008;4095
5;3121;3413;4016;4095
5;3121;3418;4007;4095
5;3125;3413;4007;4095
5;3120;3413;4007;4095
5;3124;3413;4016;4095
5;3126;3414;4010;4095
5;3129;3417;4002;4095
5;3125;3414;4013;4095
5;3126;3418;4011;4095
5;3124;3414;4016;4095
5;3125;3414;4005;4095
5;3120;3417;4001;4095
5;3122;3419;4007;4095
5;3127;3418;4013;4095
5;3129;3419;4005;4095
5;3129;3423;4018;4095
5;3121;3426;4002;4095
5;3129;3420;4009;4095
5;3127;3414;4012;4095
5;3122;3417;4011;4095
5;3120;3417;4010;4095
5;3126;3418;4016;4095
5;3126;3420;4018;4095
5;3123;3417;4016;4095
5;3131;3422;4016;4095
5;3122;3419;4011;4095
5;3130;3421;4015;4095
5;3127;3423;4012;4095
5;3136;3419;4013;4095
5;3136;3419;3999;4095
5;3130;3415;4007;4095
5;3135;3417;4009;4095
5;3132;3419;4009;4095
5;3135;3421;4013;4095
5;3133;3422;4016;4095
5;3136;3422;4016;4095
5;3123;3414;4013;4095
5;3136;3417;4012;4095
5;3133;3420;4007;4095
5;3136;3427;4011;4095
5;3130;3424;4013;4095
5;3129;3423;4002;4095
5;3133;3422;4014;4095
5;3131;3427;4011;4095
5;3131;3424;4007;4095
5;3134;3424;4011;4095
5;3121;3421;4011;4095
5;3129;3423;4005;4095
5;3131;3423;4013;4095
5;3130;3424;4016;4095
5;3129;3417;4015;4095
5;3133;3418;4010;4095
5;3127;3421;4007;4095
5;3131;3423;4011;4095
5;3130;3425;4009;4095
5;3135;3420;4012;4095
5;3129;3425;3998;4095
5;3127;3418;4005;4095
5;3130;3423;4011;4095
5;3126;3419;4010;4095
5;3131;3417;4014;4095
5;3133;3417;4006;4095
5;3127;3420;4016;4095
5;3134;3418;4003;4095
5;3131;3420;4015;4095
5;3131;3418;4003;4095
5;3130;3423;4018;4095
5;3132;3422;4007;4095
5;3134;3411;4005;4095
5;3127;3429;4014;4095
5;3129;3421;4016;4095
5;3131;3419;4010;4095
5;3129;3418;4009;4095
5;3127;3425;4016;4095
5;3127;3422;4016;4095
5;3126;3419;4016;4095
5;3123;3423;4006;4095
5;3133;3421;4015;4095
5;3130;3419;4011;4095
5;3127;3423;4021;4095
5;3124;3418;4011;4095
5;3134;3421;4011;4095
5;3133;3418;4011;4095
5;3127;3420;4019;4095
5;3127;3411;4004;4095
5;3131;3417;4015;4095
5;3131;3418;3998;4095
5;3133;3424;4007;4095
5;3129;3421;4014;4095
5;3126;3422;3997;4095
5;3125;3413;4011;4095
5;3126;3418;4012;4095
5;3122;3