5;3553;3731;3858;3885
5;3499;3662;3786;3815
5;3490;3648;3762;3801
5;3418;3574;3698;3730
5;3460;3617;3728;3759
5;3479;3634;3755;3777
5;3474;3641;3743;3776
5;3472;3634;3747;3781
5;3483;3638;3757;3789
5;3477;3646;3759;3789
5;3478;3643;3755;3791
5;3481;3646;3765;3799
5;3489;3662;3763;3799
5;3490;3659;3776;3795
5;3504;3664;3787;3814
5;3504;3665;3787;3819
5;3504;3673;3780;3821
5;3513;3682;3797;3826
5;3519;3690;3792;3827
5;3519;3696;3803;3835
5;3526;3700;3809;3843
5;3522;3698;3820;3855
5;3533;3706;3826;3854
5;3527;3706;3831;3858
5;3539;3710;3845;3869
5;3541;3728;3849;3871
5;3555;3730;3854;3886
5;3568;3743;3863;3894
5;3583;3757;3889;3911
5;3597;3769;3891;3926
5;3605;3782;3904;3939
5;3614;3794;3920;3952
5;3614;3810;3931;3969
