5;3472;3632;3760;3773
5;3463;3637;3747;3782
5;3478;3646;3760;3788
5;3472;3652;3765;3792
5;3494;3650;3768;3798
5;3503;3658;3767;3797
5;3500;3661;3778;3804
5;3495;3664;3777;3803
5;3504;3666;3773;3814
5;3507;3671;3777;3807
5;3517;3682;3783;3813
5;3521;3695;3790;3809
5;3520;3683;3779;3814
5;3521;3681;3789;3802
5;3521;3687;3790;3817
5;3511;3681;3788;3810
5;3507;3678;3778;3802
5;3477;3641;3745;3773
5;3438;3601;3711;3737
5;3434;3598;3704;3737
5;3451;3603;3723;3747
5;3449;3606;3711;3741
5;3460;3613;3722;3748
5;3451;3612;3715;3746
5;3440;3601;3712;3739
5;3442;3599;3713;3741
5;3447;3601;3712;3737
5;3437;3603;3712;3741
5;3431;3591;3699;3728
5;3433;3597;3705;3733
5;3443;3599;3703;3739
5;3429;3593;3697;3728
5;3431;3591;3696;3733
