1;3546;3888;4081;4095
1;3549;3888;4082;4095
1;3551;3895;4091;4095
1;3563;3914;4095;4095
1;3543;3909;4091;4095
1;3563;3904;4090;4095
1;3556;3904;4082;4095
1;3557;3903;4067;4095
1;3545;3897;4071;4095
1;3562;3900;4081;4095
1;3561;3909;4071;4095
1;3556;3903;4064;4095
1;3551;3899;4068;4095
1;3556;3915;4067;4095
1;3561;3905;4073;4095
1;3555;3902;4062;4095
1;3557;3908;4085;4095
1;3554;3903;4080;4095
1;3554;3901;4072;4095
1;3544;3902;4068;4095
1;3563;3902;4071;4095
1;3559;3917;4077;4095
1;3562;3903;3901;4095
1;3559;3906;3817;4095
1;3551;3908;3791;4095
1;3558;3907;3900;4095
1;3553;3899;3903;4095
1;3551;3899;3933;4095
1;3562;3891;3911;4095
1;3555;3900;3897;4095
1;3562;3901;3881;4095
1;3561;3920;3760;4095
1;3564;3917;3797;4095
1;3569;3936;3925;4095
1;3570;3934;3106;4095
1;3555;3918;4095;4095
1;3551;3901;4063;4095
1;3553;3907;3905;4095
1;3548;3899;4095;4095
1;3553;3902;4095;4095
1;3548;3893;4095;4095
1;3549;3891;4095;4095
1;3551;3889;4095;4095
1;3552;3897;4095;4095
1;3539;3893;4095;4095
1;3552;3890;4095;4095
1;3540;3897;4095;4095
1;3546;3897;4095;4095
1;3546;3888;4095;4095
1;3549;3893;4095;4095
1;3542;3891;4095;4095
1;3547;3888;4095;4095
1;3551;3891;4095;4095
1;3578;3938;4095;4095
1;3567;3929;4095;4095
1;3563;3913;4095;4095
1;3552;3906;4095;4095
1;3555;3901;4095;4095
1;3555;3902;4095;4095
1;3556;3899;4095;4095
1;3559;3901;3568;4095
1;3558;3906;4095;4095
1;3551;3901;4095;4095
1;3543;3895;4095;4095
1;3545;3894;4095;4095
1;3546;3890;4095;4095
1;3547;3888;4095;4095
1;3551;3890;4095;4095
1;3559;3893;4095;4095
1;3567;3919;4095;4095
1;3563;3919;4095;4095
1;3559;3919;4095;4095
1;3568;3919;4095;4095
1;3558;3920;4095;4095
1;3559;3915;4095;4095
1;3551;3902;4095;4095
1;3551;3898;4095;4095
1;3551;3902;4095;4095
1;3547;3901;4095;4095
1;3543;3895;4095;4095
1;3549;3898;4095;4095
1;3552;3893;4095;4095
1;3541;3895;4095;4095
1;3539;3895;4095;4095
1;3555;3901;4095;4095
1;3553;3900;4095;4095
1;3550;3898;4095;4095
1;3552;3895;4095;4095
1;3553;3895;4095;4095
1;3555;3900;4095;4095
1;3551;3899;4095;4095
1;3545;3895;4095;4095
1;3547;3897;4059;4095
1;3548;3893;4095;4095
1;3553;3891;3911;4095
1;3549;3894;3674;4095
1;3548;3894;3419;4095
1;3558;3891;3954;4095
1;3537;3890;3930;4095
1;3551;3890;4067;4095
1;3550;3888;4095;4095
1;3566;3923;4095;4095
1;3568;3919;4095;4095
1;3555;3904;4095;4095
1;3558;3900;4095;4095
1;3565;3917;4095;4095
1;3562;3920;4095;4095
1;3558;3904;4095;4095
1;3543;3885;4095;4095
1;3548;3888;4095;4095
1;3536;3888;3856;4095
1;3549;3889;4093;4095
1;3555;3888;4082;4095
1;3551;3894;4095;4095
1;3549;3898;4095;4095
1;3551;3894;3354;4095
1;3538;3888;4047;4095
1;3546;3890;4031;4095
1;3550;3893;4095;4095
1;3547;3890;4031;4095
1;3554;3894;4083;4095
1;3547;3887;4095;4095
1;3549;3891;4080;4095
1;3550;3885;4080;4095
1;3546;3875;4095;4095
1;3547;3872;4095;4095
1;3543;3888;4095;4095
1;3538;3904;4095;4095
1;3555;3911;4095;4095
1;3562;3925;4091;4095
1;3557;3958;4095;4095
1;3566;3979;3712;4095
1;3568;3974;4018;4095
1;3567;3966;4095;4095
1;3573;3969;4095;4095
1;3551;3938;4095;4095
1;3551;3939;4095;4095
1;3551;3949;4095;4095
1;3550;3956;4095;4095
1;3572;3963;4095;4095
1;3569;3967;3230;4095
1;3572;3971;4095;4095
1;3579;3975;4095;4095
1;3565;3969;4095;4095
1;3583;3984;4095;4095
1;3607;4003;4095;4095
1;3596;3990;4095;4095
1;3569;3984;4095;4095
1;3553;3954;4095;4095
1;3555;3954;4095;4095
1;3569;3977;4095;4095
1;3568;3955;4095;4095
1;3572;3950;4095;4095
1;3604;3994;4095;4095
1;3648;4018;4095;4095
1;3650;3995;4095;4095
1;3653;3990;4095;4095
1;3662;4012;4095;4095
1;3666;3995;4095;4095
1;3661;3988;4095;4095
1;3648;3983;4095;4095
1;3594;3931;4095;4095
1;3590;3926;4095;4095
1;3600;3930;4095;4095
1;3581;3927;4095;4095
1;3589;3925;4095;4095
1;3600;3935;4095;4095
1;3603;3943;4095;4095
1;3600;3935;4095;4095
1;3593;3937;4095;4095
1;3604;3940;4095;4095
1;3603;3931;4095;4095
1;3575;3920;4095;4095
1;3593;3929;4095;4095
1;3595;3922;4095;4095
1;3575;3920;4095;4095
1;3580;3923;3002;4095
1;3459;3725;3883;4095
1;3447;3704;3952;4095
1;3453;3729;3984;4095
1;3456;3731;3983;4095
1;3451;3730;4002;4095
1;3421;3723;3999;4095
1;3425;3728;3986;4095
1;3434;3727;3982;4095
1;3423;3716;3982;4095
1;3411;3719;3984;4095
1;3413;3724;4007;4095
1;3423;3722;3987;4095
1;3423;3728;3984;4095
1;3409;3718;3985;4095
1;3419;3722;3986;4095
1;3422;3728;3997;4095
1;3408;3719;3991;4095
1;3414;3713;3998;4095
1;3420;3720;4005;4095
1;3411;3727;4012;4095
1;3417;3725;4010;4095
1;3430;3731;4015;4095
1;3427;3729;4023;4095
1;3442;3734;4027;4095
1;3441;3742;4016;4095
1;3440;3731;4023;4095
1;3467;3766;4021;4095
1;3469;3761;4035;4095
1;3463;3761;4034;4095
1;3456;3758;4019;4095
1;3447;3756;4023;4095
1;3458;3755;4018;4095
1;3453;3751;4017;4095
1;3451;3754;4048;4095
1;3463;3762;4095;4095
1;3467;3767;4095;4095
1;3462;3770;4095;4095
1;3468;3773;4095;4095
1;3470;3773;4095;4095
1;3469;3777;4095;4095
1;3472;3776;4095;4095
1;3466;3770;4095;4095
1;3467;3781;4095;4095
1;3470;3778;4095;4095
1;3466;3773;4095;4095
1;3471;3775;4095;4095
1;3467;3783;4095;4095
1;3470;3779;4095;4095
1;3470;3780;4095;4095
1;3469;3778;4095;4095
1;3465;3777;4095;4095
1;3472;3781;4095;4095
1;3471;3778;4095;4095
1;3460;3782;4095;4095
1;3465;3773;4095;4095
1;3472;3782;4095;4095
1;3474;3799;4095;4095
1;3478;3792;4095;4095
1;3475;3791;4095;4095
1;3479;3794;4095;4095
1;3483;3792;4095;4095
1;3482;3794;4095;4095
1;3483;3797;4095;4095
1;3486;3796;4095;4095
1;3487;3802;4095;4095
1;3487;3797;4095;4095
1;3482;3806;4095;4095
1;3482;3796;4095;4095
1;3481;3796;4095;4095
1;3485;3801;4095;4095
1;3482;3802;4095;4095
1;3479;3801;4095;4095
1;3479;3798;4095;4095
1;3486;3803;4095;4095
1;3485;3794;4095;4095
1;3483;3799;4095;4095
1;3476;3795;4095;4095
1;3474;3793;4095;4095
1;3487;3806;4095;4095
1;3511;3835;4095;4095
1;3520;3843;4095;4095
1;3519;3841;4095;4095
1;3518;3846;4095;4095
1;3530;3847;4095;4095
1;3531;3847;4095;4095
1;3519;3839;4095;4095
1;3519;3827;4095;4095
1;3509;3829;4095;4095
1;3519;3833;4095;4095
1;3521;3837;4095;4095
1;3531;3849;4095;4095
1;3534;3845;4095;4095
1;3534;3843;4095;4095
1;3465;3774;4095;4095
1;3472;3726;4095;4095
1;3487;3734;4095;4095
1;3472;3741;4095;4095
1;3477;3760;4095;4095
1;3473;3760;4095;4095
1;3476;3766;4095;4095
1;3479;3766;4095;4095
1;3473;3762;4095;4095
1;3482;3763;4095;4095
1;3488;3764;4095;4095
1;3481;3764;4095;4095
1;3490;3772;4095;4095
1;3486;3774;4095;4095
1;3490;3773;4095;4095
1;3486;3775;4095;4095
1;3490;3775;4095;4095
1;3489;3776;4095;4095
1;3490;3776;4095;4095
1;3494;3775;4095;4095
1;3490;3779;4095;4095
1;3488;3775;4095;4095
1;3491;3773;4095;4095
1;3486;3771;4095;4095
1;3495;3776;4095;4095
1;3494;3773;4095;4095
1;3488;3778;4095;4095
1;3489;3775;4095;4095
1;3489;3773;4095;4095
1;3494;3776;4095;4095
1;3502;3781;4095;4095
1;3490;3776;4095;4095
1;3486;3783;4095;4095
1;3495;3781;4095;4095
1;3495;3782;4095;4095
1;3499;3770;4095;4095
1;3498;3783;4095;4095
1;3497;3781;4095;4095
1;3496;3787;4095;4095
1;3501;3786;4095;4095
1;3495;3782;4095;4095
1;3500;3786;4095;4095
1;3493;3788;4095;4095
1;3504;3779;4095;4095
1;3499;3777;4095;4095
1;3500;3786;4095;4095
1;3498;3791;4095;4095
1;3500;3787;4095;4095
1;3501;3785;4095;4095
1;3499;3785;4095;4095
2;3495;3792;4095;4095
2;3500;3780;4095;4095
2;3501;3777;4095;4095
2;3494;3786;4095;4095
2;3504;3782;4095;4095
2;3504;3783;4095;4095
2;3498;3779;4095;4095
2;3503;3786;4095;4095
2;3498;3787;4095;4095
2;3501;3774;4095;4095
2;3502;3779;4095;4095
2;3499;3783;4095;4095
2;3506;3789;4095;4095
2;3504;3792;4095;4095
2;3504;3789;4095;4095
2;3512;3792;4095;4095
2;3514;3799;4095;4095
2;3519;3803;4095;4095
2;3515;3797;4095;4095
2;3519;3797;4095;4095
2;3511;3802;4095;4095
2;3514;3801;4095;4095
2;3520;3798;4095;4095
2;3520;3808;4095;4095
2;3515;3809;4095;4095
2;3519;3797;4095;4095
2;3517;3796;4095;4095
2;3519;3803;4095;4095
2;3516;3796;4095;4095
2;3517;3810;4095;4095
2;3514;3801;4095;4095
2;3515;3797;4095;4095
2;3505;3808;4095;4095
2;3514;3802;4095;4095
2;3513;3799;4095;4095
2;3511;3793;4095;4095
2;3515;3803;4095;4095
2;3515;3798;4095;4095
2;3511;3803;4095;4095
2;3514;3802;4095;4095
2;3503;3802;4095;4095
2;3517;3806;4095;4095
2;3518;3809;4095;4095
2;3520;3802;4095;4095
2;3520;3802;4095;4095
2;3508;3799;4095;4095
2;3521;3807;4095;4095
2;3520;3809;4095;4095
2;3520;3803;4095;4095
2;3517;3813;4095;4095
2;3518;3805;4095;4095
2;3513;3811;4095;4095
2;3517;3809;4095;4095
2;3517;3803;4095;4095
2;3514;3808;4095;4095
2;3514;3810;4095;4095
2;3514;3810;4095;4095
2;3520;3815;4095;4095
2;3532;3824;4095;4095
2;3537;3830;4095;4095
2;3531;3827;4095;4095
2;3531;3823;4095;4095
2;3526;3819;4095;4095
2;3527;3815;4095;4095
2;3526;3821;4095;4095
2;
2;3602;3910;4095;4095
2;3607;3918;4095;4095
2;3617;3921;4095;4095
2;3613;3920;4095;4095
2;3616;3919;4095;4095
2;3618;3926;4095;4095
2;3613;3922;4095;4095
2;3626;3926;4095;4095
2;3616;3920;4095;4095
2;3620;3925;4095;4095
2;3607;3921;4095;4095
2;3615;3929;4095;4095
2;3607;3927;4095;4095
2;3615;3924;4095;4095
2;3612;3937;4095;4095
2;3613;3939;4095;4095
2;3610;3933;4095;4095
2;3613;3933;4095;4095
2;3611;3934;4095;4095
2;3615;3931;4095;4095
2;3600;3939;4095;4095
2;3606;3939;4095;4095
2;3610;3920;4095;4095
2;3613;3929;4095;4095
2;3614;3930;4095;4095
2;3613;3927;4095;4095
2;3611;3926;4095;4095
2;3606;3930;4095;4095
2;3614;3934;4095;4095
2;3612;3934;4095;4095
2;3610;3927;4095;4095
2;3611;3931;4095;4095
2;3609;3933;4095;4095
2;3610;3935;4095;4095
2;3611;3932;4095;4095
2;3611;3933;4095;4095
2;3613;3926;4095;4095
2;3610;3926;4095;4095
2;3611;3921;4095;4095
2;3604;3927;4095;4095
2;3619;3934;4095;4095
2;3606;3931;4095;4095
2;3617;3932;4095;4095
2;3611;3936;4095;4095
2;3616;3933;4095;4095
2;3615;3935;4095;4095
2;3614;3933;4095;4095
2;3611;3929;4095;4095
2;3612;3934;4095;4095
2;3612;3925;4095;4095
2;3606;3941;4095;4095
2;3615;3929;4095;4095
2;3615;3936;4095;4095
2;3613;3936;4095;4095
2;3598;3931;4095;4095
2;3613;3933;4095;4095
2;3609;3933;4095;4095
2;3613;3934;4095;4095
2;3608;3923;4095;4095
2;3607;3938;4095;4095
2;3604;3931;4095;4095
2;3614;3933;4095;4095
2;3616;3935;4095;4095
2;3610;3936;4095;4095
2;3615;3945;4095;4095
2;3613;3935;4095;4095
2;3612;3934;4095;4095
2;3615;3935;4095;4095
2;3613;3938;4095;4095
2;3614;3933;4095;4095
2;3606;3936;4095;4095
2;3610;3930;4095;4095
2;3613;3933;4095;4095
2;3601;3935;4095;4095
2;3607;3942;4095;4095
2;3614;3933;4095;4095
2;3610;3935;4095;4095
2;3600;3933;4095;4095
2;3601;3932;4095;4095
2;3600;3931;4095;4095
2;3610;3927;4095;4095
2;3600;3929;4095;4095
2;3607;3927;4095;4095
2;3600;3934;4095;4095
2;3606;3933;4095;4095
2;3617;3935;4095;4095
2;3602;3938;4095;4095
2;3612;3933;4095;4095
2;3609;3933;4095;4095
2;3606;3937;4095;4095
2;3604;3937;4095;4095
2;3613;3937;4095;4095
2;3613;3930;4095;4095
2;3607;3940;4095;4095
2;3614;3940;4095;4095
2;3607;3937;4095;4095
2;3600;3935;4095;4095
2;3611;3938;4095;4095
2;3610;3937;4095;4095
2;3604;3938;4095;4095
2;3614;3941;4095;4095
2;3602;3936;4095;4095
2;3613;3930;4095;4095
2;3600;3937;4095;4095
2;3611;3936;4095;4095
2;3613;3936;4095;4095
2;3611;3939;4095;4095
2;3610;3935;4095;4095
2;3613;3941;4095;4095
2;3611;3940;4095;4095
2;3613;3941;4095;4095
2;3604;3943;4095;4095
2;3600;3952;4095;4095
2;3609;3943;4095;4095
2;3616;3943;4095;4095
2;3615;3935;4095;4095
2;3611;3942;4095;4095
2;3617;3936;4095;4095
2;3610;3942;4095;4095
2;3614;3945;4095;4095
2;3614;3943;4095;4095
2;3625;3949;4095;4095
2;3605;3938;4095;4095
2;3616;3940;4095;4095
2;3602;3943;4095;4095
2;3612;3932;4095;4095
2;3602;3941;4095;4095
2;3615;3938;4095;4095
2;3615;3952;4095;4095
2;3611;3937;4095;4095
2;3614;3943;4095;4095
2;3609;3941;4095;4095
2;3615;3941;4095;4095
2;3618;3932;4095;4095
2;3609;3945;4095;4095
2;3611;3950;4095;4095
2;3601;3949;4095;4095
2;3615;3943;4095;4095
2;3615;3938;4095;4095
2;3607;3930;4095;4095
2;3615;3937;4095;4095
2;3607;3943;4095;4095
2;3612;3947;4095;4095
2;3616;3950;4095;4095
2;3615;3935;4095;4095
2;3608;3942;4095;4095
2;3615;3941;4095;4095
2;3613;3951;4095;4095
2;3603;3941;4095;4095
2;3618;3947;4095;4095
2;3613;3935;4095;4095
2;3611;3939;4095;4095
2;3614;3936;4095;4095
2;3615;3942;4095;4095
2;3613;3943;4095;4095
2;3610;3942;4095;4095
2;3615;3945;4095;4095
2;3618;3938;4095;4095
2;3609;3939;4095;4095
2;3601;3941;4095;4095
2;3610;3941;4095;4095
2;3615;3943;4095;4095
2;3617;3947;4095;4095
2;3617;3940;4095;4095
2;3615;3939;4095;4095
2;3612;3947;4095;4095
3;3613;3947;4095;4095
3;3616;3946;4095;4095
3;3614;3947;4095;4095
3;3617;3942;4095;4095
3;3614;3945;4095;4095
3;3611;3947;4095;4095
3;3616;3942;4095;4095
3;3612;3948;4095;4095
3;3606;3940;4095;4095
3;3611;3947;4095;4095
3;3600;3942;4095;4095
3;3614;3937;4095;4095
3;3609;3942;4095;4095
3;3614;3938;4095;4095
3;3617;3943;4095;4095
3;3616;3945;4095;4095
3;3618;3941;4095;4095
3;3609;3942;4095;4095
3;3611;3943;4095;4095
3;3614;3939;4095;4095
3;3609;3939;4095;4095
3;3610;3946;4095;4095
3;3615;3940;4095;4095
3;3617;3939;4095;4095
3;3603;3947;4095;4095
3;3610;3945;4095;4095
3;3610;3939;4095;4095
3;3607;3942;4095;4095
3;3607;3942;4095;4095
3;3611;3943;4095;4095
3;3616;3939;4095;4095
3;3615;3947;4095;4095
3;3611;3951;4095;4095
3;3600;3951;4095;4095
3;3613;3942;4095;4095
3;3612;3938;4095;4095
3;3599;3943;4095;4095
3;3610;3941;4095;4095
3;3606;3939;4095;4095
3;3613;3940;4095;4095
3;3614;3937;4095;4095
3;3614;3938;4095;4095
3;3615;3939;4095;4095
3;3610;3938;4095;4095
3;3614;3936;4095;4095
3;3613;3946;4095;4095
3;3615;3949;4095;4095
3;3609;3952;4095;4095
3;3601;3938;4095;4095
3;3616;3942;4095;4095
3;3612;3945;4095;4095
3;3605;3942;4095;4095
3;3612;3941;4095;4095
3;3613;3938;4095;4095
3;3615;3937;4095;4095
3;3605;3940;4095;4095
3;3617;3945;4095;4095
3;3614;3942;4095;4095
3;3616;3939;4095;4095
3;3614;3952;4095;4095
3;3611;3941;4095;4095
3;3611;3949;4095;4095
3;3615;3941;4095;4095
3;3616;3946;4095;4095
3;3609;3943;4095;4095
3;3611;3943;4095;4095
3;3611;3945;4095;4095
3;3614;3952;4095;4095
3;3617;3951;4095;4095
3;3615;3947;4095;4095
3;3615;3950;4095;4095
3;3615;3948;4095;4095
3;3611;3949;4095;4095
3;3616;3946;4095;4095
3;3617;3946;4095;4095
3;3615;3941;4095;4095
3;3614;3939;4095;4095
3;3613;3945;4095;4095
3;3613;3941;4095;4095
3;3615;3945;4095;4095
3;3613;3939;4095;4095
3;3600;3945;4095;4095
3;3616;3951;4095;4095
3;3611;3944;4095;4095
3;3611;3953;4095;4095
3;3609;3933;4095;4095
3;3615;3949;4095;4095
3;3613;3936;4095;4095
3;3617;3947;4095;4095
3;3614;3941;4095;4095
3;3613;3947;4095;4095
3;3613;3946;4095;4095
3;3614;3942;4095;4095
3;3614;3943;4095;4095
3;3613;3949;4095;4095
3;3611;3941;4095;4095
3;3614;3945;4095;4095
3;3600;3948;4095;4095
3;3616;3945;4095;4095
3;3609;3952;4095;4095
3;3614;3954;4095;4095
3;3611;3943;4095;4095
3;3609;3948;4095;4095
3;3613;3949;4095;4095
3;3601;3943;4095;4095
3;3611;3945;4095;4095
3;3615;3951;4095;4095
3;3614;3943;4095;4095
3;3613;3950;4095;4095
3;3615;3943;4095;4095
3;3613;3940;4095;4095
3;3613;3940;4095;4095
3;3613;3947;4095;4095
3;3619;3943;4095;4095
3;3610;3939;4095;4095
3;3611;3950;4095;4095
3;3618;3940;4095;4095
3;3613;3942;4095;4095
3;3617;3947;4095;4095
3;3615;3947;4095;4095
3;3618;3947;4095;4095
3;3607;3942;4095;4095
3;3605;3939;4095;4095
3;3615;3945;4095;4095
3;3613;3944;4095;4095
3;3615;3945;4095;4095
3;3615;3945;4095;4095
3;3616;3943;4095;4095
3;3610;3943;4095;4095
3;3614;3948;4095;4095
3;3617;3948;4095;4095
3;3615;3947;4095;4095
3;3616;3940;4095;4095
3;3615;3940;4095;4095
3;3614;3952;4095;4095
3;3611;3950;4095;4095
3;3609;3947;4095;4095
3;3623;3949;4095;4095
3;3618;3950;4095;4095
3;3615;3947;4095;4095
3;3614;3947;4095;4095
3;3615;3949;4095;4095
3;3613;3945;4095;4095
3;3615;3950;4095;4095
3;3613;3943;4095;4095
3;3605;3947;4095;4095
3;3621;3950;4095;4095
3;3617;3943;4095;4095
3;3614;3941;4095;4095
3;3606;3942;4095;4095
3;3617;3951;4095;4095
3;3602;3950;4095;4095
3;3617;3947;4095;4095
3;3615;3952;4095;4095
3;3615;3948;4095;4095
3;3616;3943;4095;4095
3;3613;3942;4095;4095
3;3600;3952;4095;4095
3;3603;3947;4095;4095
3;3618;3946;4095;4095
3;3615;3946;4095;4095
3;3615;3943;4095;4095
3;3615;3940;4095;4095
3;3618;3945;4095;4095
3;3617;3952;4095;4095
3;3617;3950;4095;4095
3;3600;3944;4095;4095
3;3616;3945;4095;4095
3;3614;3952;4095;4095
3;3616;3946;4095;4095
3;3613;3953;4095;4095
3;3614;3942;4095;4095
3;3614;3948;4095;4095
3;3603;3948;4095;4095
3;3622;3951;4095;4095
3;3613;3949;4095;4095
3;3614;3948;4095;4095
3;3610;3952;4095;4095
3;3615;3952;4095;4095
3;3619;3943;4095;4095
3;3616;3957;4095;4095
3;3611;3948;4095;4095
3;3613;3945;4095;4095
3;3619;3942;4095;4095
3;3618;3952;4095;4095
3;3609;3947;4095;4095
3;3611;3947;4095;4095
3;3615;3947;4095;4095
3;3620;3950;4095;4095
3;3614;3950;4095;4095
3;3619;3951;4095;4095
3;3617;3952;4095;4095
3;3614;3946;4095;4095
3;3611;3951;4095;4095
3;3618;3952;4095;4095
3;3615;3950;4095;4095
3;3600;3946;4095;4095
3;3616;3950;4095;4095
3;3616;3949;4095;4095
3;3613;3949;4095;4095
3;3616;3950;4095;4095
3;3617;3947;4095;4095
3;3618;3951;4095;4095
3;3611;3950;4095;4095
3;3618;3946;4095;4095
3;3601;3947;4095;4095
3;3620;3951;4095;4095
3;3615;3944;4095;4095
3;3617;3955;4095;4095
3;3619;3951;4095;4095
3;3614;3951;4095;4095
3;3617;3952;4095;4095
3;3617;3944;4095;4095
3;3612;3950;4095;4095
3;3615;3947;4095;4095
3;3613;3949;4095;4095
3;3619;3951;4095;4095
3;3616;3959;4095;4095
3;3616;3943;4095;4095
3;3617;3951;4095;4095
3;3617;3950;4095;4095
3;3618;3951;4095;4095
3;3615;3952;4095;4095
3;3613;3952;4095;4095
3;3611;3942;4095;4095
3;3614;3949;4095;4095
3;3615;3950;4095;4095
3;3611;3951;4095;4095
3;3610;3955;4095;4095
3;3620;3952;4095;4095
3;3625;3952;4095;4095
3;3620;3946;4095;4095
3;3617;3950;4095;4095
3;3618;3951;4095;4095
3;3615;3945;4095;4095
3;3619;3953;4095;4095
3;3619;3952;4095;4095
3;3616;3948;4095;4095
3;3612;3952;4095;4095
3;3616;3947;4095;4095
4;3629;3957;4095;4095
4;3614;3949;4095;4095
4;3618;3950;4095;4095
4;3617;3952;4095;4095
4;3618;3948;4095;4095
4;3614;3952;4095;4095
4;3619;3947;4095;4095
4;3620;3959;4095;4095
4;3614;3947;4095;4095
4;3619;3951;4095;4095
4;3612;3952;4095;4095
4;3622;3947;4095;4095
4;3621;3950;4095;4095
4;3614;3949;4095;4095
4;3610;3952;4095;4095
4;3615;3949;4095;4095
4;3625;3943;4095;4095
4;3615;3952;4095;4095
4;3625;3953;4095;4095
4;3617;3953;4095;4095
4;3615;3947;4095;4095
4;3618;3951;4095;4095
4;3607;3953;4095;4095
4;3617;3952;4095;4095
4;3616;3949;4095;4095
4;3618;3951;4095;4095
4;3614;3950;4095;4095
4;3620;3942;4095;4095
4;3618;3952;4095;4095
4;3621;3952;4095;4095
4;3622;3953;4095;4095
4;3618;3952;4095;4095
4;3617;3950;4095;4095
4;3625;3952;4095;4095
4;3619;3950;4095;4095
4;3626;3947;4095;4095
4;3617;3951;4095;4095
4;3619;3952;4095;4095
4;3626;3949;4095;4095
4;3618;3952;4095;4095
4;3618;3947;4095;4095
4;3611;3948;4095;4095
4;3615;3955;4095;4095
4;3602;3941;4095;4095
4;3613;3951;4095;4095
4;3615;3948;4095;4095
4;3613;3952;4095;4095
4;3617;3952;4095;4095
4;3623;3952;4095;4095
4;3611;3943;4095;4095
4;3614;3953;4095;4095
4;3618;3949;4095;4095
4;3619;3953;4095;4095
4;3616;3950;4095;4095
4;3621;3952;4095;4095
4;3619;3953;4095;4095
4;3617;3952;4095;4095
4;3618;3946;4095;4095
4;3617;3945;4095;4095
4;3625;3955;4095;4095
4;3627;3955;4095;4095
4;3617;3952;4095;4095
4;3618;3949;4095;4095
4;3619;3958;4095;4095
4;3619;3952;4095;4095
4;3607;3952;4095;4095
4;3614;3952;4095;4095
4;3622;3953;4095;4095
4;3619;3952;4095;4095
4;3618;3952;4095;4095
4;3616;3952;4095;4095
4;3619;3950;4095;4095
4;3611;3950;4095;4095
4;3621;3952;4095;4095
4;3614;3952;4095;4095
4;3617;3954;4095;4095
4;3613;3954;4095;4095
4;3619;3954;4095;4095
4;3616;3952;4095;4095
4;3619;3958;4095;4095
4;3616;3952;4095;4095
4;3613;3957;4095;4095
4;3618;3955;4095;4095
4;3623;3952;4095;4095
4;3617;3958;4095;4095
4;3609;3955;4095;4095
4;3602;3954;4095;4095
4;3618;3955;4095;4095
4;3615;3949;4095;4095
4;3619;3952;4095;4095
4;3616;3953;4095;4095
4;3615;3952;4095;4095
4;3619;3957;4095;4095
4;3616;3952;4095;4095
4;3617;3953;4095;4095
4;3615;3950;4095;4095
4;3622;3953;4095;4095
4;3614;3953;4095;4095
4;3617;3959;4095;4095
4;3616;3959;4095;4095
4;3618;3958;4095;4095
4;3619;3952;4095;4095
4;3621;3956;4095;4095
4;3602;3955;4095;4095
4;3623;3952;4095;4095
4;3617;3952;4095;4095
4;3615;3957;4095;4095
4;3617;3952;4095;4095
4;3616;3952;4095;4095
4;3610;3955;4095;4095
4;3623;3962;4095;4095
4;3619;3963;4095;4095
4;3617;3952;4095;4095
4;3620;3951;4095;4095
4;3614;3958;4095;4095
4;3617;3956;4095;4095
4;3618;3952;4095;4095
4;3616;3952;4095;4095
4;3616;3957;4095;4095
4;3618;3957;4095;4095
4;3616;3952;4095;4095
4;3618;3951;4095;4095
4;3613;3966;4095;4095
4;3619;3953;4095;4095
4;3612;3952;4095;4095
4;3621;3950;4095;4095
4;3611;3953;4095;4095
4;3614;3952;4095;4095
4;3617;3952;4095;4095
4;3605;3949;4095;4095
4;3611;3955;4095;4095
4;3619;3952;4095;4095
4;3615;3947;4095;4095
4;3617;3952;4095;4095
4;3614;3949;4095;4095
4;3617;3948;4095;4095
4;3610;3951;4095;4095
4;3607;3957;4095;4095
4;3617;3952;4095;4095
4;3615;3952;4095;4095
4;3615;3950;4095;4095
4;3617;3952;4095;4095
4;3612;3952;4095;4095
4;3621;3952;4095;4095
4;3618;3953;4095;4095
4;3615;3951;4095;4095
4;3605;3950;4095;4095
4;3611;3951;4095;4095
4;3618;3951;4095;4095
4;3617;3951;4095;4095
4;3612;3949;4095;4095
4;3616;3959;4095;4095
4;3610;3952;4095;4095
4;3611;3952;4095;4095
4;3605;3952;4095;4095
4;3615;3948;4095;4095
4;3612;3955;4095;4095
4;3613;3952;4095;4095
4;3615;3951;4095;4095
4;3613;3952;4095;4095
4;3618;3953;4095;4095
4;3615;3952;4095;4095
4;3618;3952;4095;4095
4;3616;3957;4095;4095
4;3616;3952;4095;4095
4;3606;3952;4095;4095
4;3610;3952;4095;4095
4;3618;3957;4095;4095
4;3612;3962;4095;4095
4;3612;3950;4095;4095
4;3618;3954;4095;4095
4;3615;3952;4095;4095
4;3614;3943;4095;4095
4;3616;3947;4095;4095
4;3611;3951;4095;4095
4;3616;3954;4095;4095
4;3616;3953;4095;4095
4;3616;3952;4095;4095
4;3614;3952;4095;4095
4;3600;3949;4095;4095
4;3613;3956;4095;4095
4;3614;3955;4095;4095
4;3617;3953;4095;4095
4;3615;3955;4095;4095
4;3619;3952;4095;4095
4;3623;3952;4095;4095
4;3617;3952;4095;4095
4;3614;3952;4095;4095
4;3619;3959;4095;4095
4;3614;3952;4095;4095
4;3613;3955;4095;4095
4;3617;3954;4095;4095
4;3618;3959;4095;4095
4;3614;3952;4095;4095
4;3614;3957;4095;4095
4;3618;3957;4095;4095
4;3616;3952;4095;4095
4;3621;3954;4095;4095
4;3615;3952;4095;4095
4;3617;3954;4095;4095
4;3615;3952;4095;4095
4;3621;3949;4095;4095
4;3609;3959;4095;4095
4;3618;3952;4095;4095
4;3616;3952;4095;4095
4;3622;3962;4095;4095
4;3618;3955;4095;4095
4;3615;3946;4095;4095
4;3615;3951;4095;4095
4;3613;3954;4095;4095
4;3622;3953;4095;4095
4;3621;3953;4095;4095
4;3625;3954;4095;4095
4;3619;3953;4095;4095
4;3617;3955;4095;4095
4;3619;3959;4095;4095
4;3616;3949;4095;4095
4;3617;3952;4095;4095
4;3612;3953;4095;4095
4;3610;3952;4095;4095
4;3614;3956;4095;4095
4;3613;3951;4095;4095
4;3623;3952;4095;4095
4;3618;3952;4095;4095
4;3625;3959;4095;4095
4;3618;3959;4095;4095
4;3611;3952;4095;4095
4;3613;3948;4095;4095
4;3621;3952;4095;4095
4;3617;3948;4095;4095
4;3616;3952;4095;4095
4;3616;3952;4095;4095
4;3611;3950;4095;4095
4;3614;3953;4095;4095
4;3616;3952;4095;4095
4;3616;3952;4095;4095
4;3610;3948;4095;4095
4;3605;3953;4095;4095
4;3614;3949;4095;4095
4;3611;3954;4095;4095
4;3610;3945;4095;4095
4;3615;3957;4095;4095
4;3617;3952;4095;4095
4;3613;3951;4095;4095
4;3620;3953;4095;4095
4;3618;3952;4095;4095
4;3619;3956;4095;4095
4;3605;3951;4095;4095
4;3623;3952;4095;4095
4;3616;3947;4095;4095
4;3606;3952;4095;4095
4;3605;3944;4095;4095
4;3616;3943;4095;4095
4;3615;3952;4095;4095
4;3618;3954;4095;4095
4;3617;3951;4095;4095
4;3606;3952;4095;4095
4;3611;3953;4095;4095
4;3621;3952;4095;4095
4;3612;3953;4095;4095
4;3616;3950;4095;4095
4;3623;3952;4095;4095
4;3618;3955;4095;4095
4;3615;3957;4095;4095
4;3617;3962;4095;4095
4;3616;3952;4095;4095
4;3610;3954;4095;4095
4;3619;3953;4095;4095
4;3615;3959;4095;4095
4;3617;3954;4095;4095
4;3623;3957;4095;4095
4;3616;3962;4095;4095
4;3608;3953;4095;4095
4;3616;3961;4095;4095
4;3618;3954;4095;4095
4;3614;3955;4095;4095
4;3618;3957;4095;4095
4;3620;3952;4095;4095
4;3620;3952;4095;4095
4;3617;3952;4095;4095
4;3617;3955;4095;4095
4;3606;3952;4095;4095
4;3619;3953;4095;4095
4;3619;3963;4095;4095
5;3625;3954;4095;4095
5;3623;3959;4095;4095
5;3616;3954;4095;4095
5;3613;3953;4095;4095
5;3622;3956;4095;4095
5;3621;3952;4095;4095
5;3621;3955;4095;4095
5;3620;3958;4095;4095
5;3617;3957;4095;4095
5;3617;3953;4095;4095
5;3617;3965;4095;4095
5;3625;3956;4095;4095
5;3626;3953;4095;4095
5;3609;3945;4095;4095
5;3623;3951;4095;4095
5;3622;3943;4095;4095
5;3629;3943;4095;4095
5;3626;3945;4095;4095
5;3623;3950;4095;4095
5;3632;3952;4095;4095
5;3621;3953;4095;4095
5;3616;3952;4095;4095
5;3629;3959;4095;4095
5;3627;3951;4095;4095
5;3621;3952;4095;4095
5;3614;3952;4095;4095
5;3621;3957;4095;4095
5;3619;3958;4095;4095
5;3615;3954;4095;4095
5;3621;3952;4095;4095
5;3615;3948;4095;4095
5;3622;3952;4095;4095
5;3617;3958;4095;4095
5;3621;3955;4095;4095
5;3618;3951;4095;4095
5;3616;3957;4095;4095
5;3621;3955;4095;4095
5;3617;3954;4095;4095
5;3620;3956;4095;4095
5;3626;3952;4095;4095
5;3616;3952;4095;4095
5;3615;3954;4095;4095
5;3619;3953;4095;4095
5;3621;3950;4095;4095
5;3626;3952;4095;4095
5;3622;3952;4095;4095
5;3622;3952;4095;4095
5;3625;3957;4095;4095
5;3616;3957;4095;4095
5;3620;3956;4095;4095
5;3621;3955;4095;4095
5;3621;3951;4095;4095
5;3616;3949;4095;4095
5;3618;3954;4095;4095
5;3625;3954;4095;4095
5;3616;3942;4095;4095
5;3615;3955;4095;4095
5;3621;3955;4095;4095
5;3621;3954;4095;4095
5;3621;3952;4095;4095
5;3616;3952;4095;4095
5;3622;3954;4095;4095
5;3620;3955;4095;4095
5;3627;3954;4095;4095
5;3628;3949;4095;4095
5;3617;3965;4095;4095
5;3617;3954;4095;4095
5;3616;3952;4095;4095
5;3621;3955;4095;4095
5;3619;3953;4095;4095
5;3622;3959;4095;4095
5;3618;3959;4095;4095
5;3622;3957;4095;4095
5;3619;3954;4095;4095
5;3626;3954;4095;4095
5;3623;3955;4095;4095
5;3626;3959;4095;4095
5;3627;3957;4095;4095
5;3627;3952;4095;4095
5;3626;3946;4095;4095
5;3622;3968;4095;4095
5;3622;3953;4095;4095
5;3622;3959;4095;4095
5;3627;3953;4095;4095
5;3623;3955;4095;4095
5;3620;3953;4095;4095
5;3618;3957;4095;4095
5;3617;3952;4095;4095
5;3622;3959;4095;4095
5;3609;3955;4095;4095
5;3611;3954;4095;4095
5;3613;3955;4095;4095
5;3615;3954;4095;4095
5;3621;3952;4095;4095
5;3621;3966;4095;4095
5;3622;3958;4095;4095
5;3612;3955;4095;4095
5;3614;3959;4095;4095
5;3621;3955;4095;4095
5;3622;3959;4095;4095
5;3621;3959;4095;4095
5;3619;3961;4095;4095
5;3622;3957;4095;4095
5;3623;3958;4095;4095
5;3618;3952;4095;4095
5;3627;3952;4095;4095
5;3615;3954;4095;4095
5;3628;3958;4095;4095
5;3622;3959;4095;4095
5;3619;3955;4095;4095
5;3615;3957;4095;4095
5;3618;3958;4095;4095
5;3623;3953;4095;4095
5;3618;3959;4095;4095
5;3625;3953;4095;4095
5;3625;3963;4095;4095
5;3618;3952;4095;4095
5;3619;3955;4095;4095
5;3623;3958;4095;4095
5;3615;3961;4095;4095
5;3625;3957;4095;4095
5;3620;3967;4095;4095
5;3622;3954;4095;4095
5;3617;3955;4095;4095
5;3609;3953;4095;4095
5;3623;3955;4095;4095
5;3621;3954;4095;4095
5;3626;3952;4095;4095
5;3621;3958;4095;4095
5;3608;3957;4095;4095
5;3623;3971;4095;4095
5;3631;3957;4095;4095
5;3623;3955;4095;4095
5;3623;3955;4095;4095
5;3607;3957;4095;4095
5;3610;3954;4095;4095
5;3619;3958;4095;4095
5;3619;3956;4095;4095
5;3617;3956;4095;4095
5;3616;3952;4095;4095
5;3619;3952;4095;4095
5;3625;3955;4095;4095
5;3619;3956;4095;4095
5;3621;3952;4095;4095
5;3622;3957;4095;4095
5;3622;3959;4095;4095
5;3620;3957;4095;4095
5;3617;3955;4095;4095
5;3619;3961;4095;4095
5;3622;3965;4095;4095
5;3617;3957;4095;4095
5;3619;3955;4095;4095
5;3612;3954;4095;4095
5;3623;3958;4095;4095
5;3624;3952;4095;4095
5;3619;3965;4095;4095
5;3618;3961;4095;4095
