1;2714;3161;3986;4095
1;2717;3162;3990;4095
1;2718;3158;4003;4095
1;2715;3156;3989;4095
1;2714;3161;3993;4095
1;2711;3162;3990;4095
1;2714;3159;3991;4095
1;2708;3159;3986;4095
1;2707;3156;3984;4095
1;2715;3155;3995;4095
1;2711;3162;3986;4095
1;2711;3161;3993;4095
1;2711;3162;3986;4095
1;2711;3159;3997;4095
1;2711;3157;3995;4095
1;2714;3159;3993;4095
1;2710;3159;3993;4095
1;2713;3159;3987;4095
1;2709;3158;3991;4095
1;2710;3157;3991;4095
1;2707;3158;3999;4095
1;2710;3159;3983;4095
1;2708;3158;3986;4095
1;2711;3157;3991;4095
1;2715;3160;3989;4095
1;2714;3157;3989;4095
1;2711;3157;3991;4095
1;2715;3162;3984;4095
1;2711;3155;3990;4095
1;2714;3153;3989;4095
1;2715;3158;3986;4095
1;2713;3156;3994;4095
1;2714;3158;3984;4095
1;2721;3161;3985;4095
1;2724;3163;3990;4095
1;2725;3166;3989;4095
1;2726;3165;3986;4095
1;2726;3166;3982;4095
1;2730;3166;3993;4095
1;2727;3165;3996;4095
1;2727;3167;3984;4095
1;2726;3163;3985;4095
1;2723;3166;3987;4095
1;2722;3166;3986;4095
1;2721;3167;3983;4095
1;2723;3163;3984;4095
1;2723;3161;3998;4095
1;2718;3161;3993;4095
1;2718;3159;3994;4095
1;2719;3158;3991;4095
1;2719;3159;3984;4095
1;2716;3155;3990;4095
1;2717;3155;3989;4095
1;2717;3152;3992;4095
1;2715;3155;3993;4095
1;2715;3153;3985;4095
1;2716;3156;3991;4095
1;2715;3158;3993;4095
1;2708;3153;3986;4095
1;2711;3157;3995;4095
1;2714;3152;3993;4095
1;2715;3161;3989;4095
1;2718;3154;3986;4095
1;2718;3159;3986;4095
1;2718;3158;3989;4095
1;2720;3163;3994;4095
1;2719;3161;3994;4095
1;2718;3159;3999;4095
1;2719;3158;3990;4095
1;2720;3158;3990;4095
1;2721;3159;3991;4095
1;2717;3157;3991;4095
1;2720;3165;3997;4095
1;2721;3167;3994;4095
1;2720;3162;3994;4095
1;2719;3159;3984;4095
1;2719;3163;3991;4095
1;2716;3161;3989;4095
1;2716;3162;3995;4095
1;2714;3159;3997;4095
1;2722;3162;3997;4095
1;2726;3157;3993;4095
1;2720;3160;3989;4095
1;2719;3162;3993;4095
1;2724;3162;3990;4095
1;2725;3163;3988;4095
1;2721;3161;3995;4095
1;2721;3164;3995;4095
1;2723;3162;3989;4095
1;2719;3159;3987;4095
1;2720;3161;3990;4095
1;2721;3158;3990;4095
1;2720;3157;4000;4095
1;2718;3155;3987;4095
1;2719;3155;3984;4095
1;2719;3157;3988;4095
1;2720;3154;3995;4095
1;2719;3155;3984;4095
1;2718;3153;3987;4095
1;2715;3154;3985;4095
1;2715;3152;3987;4095
1;2710;3152;3985;4095
1;2715;3155;3986;4095
1;2717;3154;3987;4095
1;2720;3158;3982;4095
1;2719;3156;3997;4095
1;2718;3157;3991;4095
1;2721;3153;3995;4095
1;2722;3156;3987;4095
1;2723;3159;3982;4095
1;2723;3159;3994;4095
1;2719;3159;3987;4095
1;2722;3162;3984;4095
1;2720;3158;3993;4095
1;2721;3159;3984;4095
1;2718;3156;3994;4095
1;2717;3157;3993;4095
1;2718;3158;3984;4095
1;2721;3160;3999;4095
1;2721;3161;3998;4095
1;2719;3158;3994;4095
1;2722;3159;3991;4095
1;2723;3155;3990;4095
1;2719;3162;3984;4095
1;2720;3161;3999;4095
1;2720;3156;3990;4095
1;2721;3159;3995;4095
1;2723;3161;3989;4095
1;2727;3164;3997;4095
1;2731;3169;3990;4095
1;2732;3168;3996;4095
1;2732;3171;3990;4095
1;2733;3173;4004;4095
1;2736;3173;3995;4095
1;2737;3171;3991;4095
1;2736;3175;4002;4095
1;2736;3173;3994;4095
1;2739;3175;3999;4095
1;2736;3177;3999;4095
1;2737;3177;4001;4095
1;2736;3180;3997;4095
1;2737;3175;3997;4095
1;2736;3172;3995;4095
1;2737;3175;4004;4095
1;2736;3175;3998;4095
1;2736;3174;3998;4095
1;2736;3174;3995;4095
1;2735;3173;3994;4095
1;2730;3168;3991;4095
1;2730;3172;3999;4095
1;2731;3173;3997;4095
1;2727;3171;4001;4095
1;2730;3173;3997;4095
1;2730;3174;3994;4095
1;2726;3167;3995;4095
1;2729;3171;3989;4095
1;2726;3173;4000;4095
1;2727;3169;3999;4095
1;2730;3170;3996;4095
1;2730;3170;3996;4095
1;2730;3170;4011;4095
1;2735;3171;3995;4095
1;2732;3171;3998;4095
1;2734;3174;3997;4095
1;2733;3175;4001;4095
1;2730;3171;3998;4095
1;2733;3174;3999;4095
1;2735;3175;4001;4095
1;2733;3175;4001;4095
1;2733;3175;4001;4095
1;2727;3176;4003;4095
1;2733;3177;3997;4095
1;2736;3179;4000;4095
1;2733;3175;3999;4095
1;2733;3174;4000;4095
1;2730;3179;4010;4095
1;2735;3177;4001;4095
1;2731;3177;4000;4095
1;2730;3175;4007;4095
1;2734;3174;4006;4095
1;2733;3182;4002;4095
1;2735;3177;3999;4095
1;2736;3179;4001;4095
1;2726;3184;3994;4095
1;2733;3178;4003;4095
1;2734;3173;3999;4095
1;2735;3175;3995;4095
1;2734;3182;4008;4095
1;2729;3175;3994;4095
1;2735;3177;3998;4095
1;2733;3178;4003;4095
1;2734;3178;3995;4095
1;2731;3175;3997;4095
1;2730;3179;3999;4095
1;2730;3176;4004;4095
1;2731;3177;4001;4095
1;2731;3174;4014;4095
1;2732;3173;4000;4095
1;2731;3178;4002;4095
1;2732;3175;4012;4095
1;2733;3179;3999;4095
1;2733;3179;4010;4095
1;2736;3174;4003;4095
1;2736;3179;4000;4095
1;2735;3179;4010;4095
1;2736;3181;4003;4095
1;2736;3181;4000;4095
1;2734;3179;4001;4095
1;2736;3181;3999;4095
1;2736;3179;4011;4095
1;2736;3181;3999;4095
1;2733;3181;4005;4095
1;2736;3179;3993;4095
1;2734;3179;3995;4095
1;2732;3178;3999;4095
1;2734;3177;4001;4095
1;2731;3179;3996;4095
1;2735;3178;4001;4095
1;2731;3175;4013;4095
1;2730;3181;4005;4095
1;2736;3181;4005;4095
1;2733;3181;4002;4095
1;2732;3175;4001;4095
1;2734;3178;4007;4095
1;2735;3180;4004;4095
1;2736;3175;4009;4095
1;2731;3177;4000;4095
1;2735;3179;4001;4095
1;2734;3175;4006;4095
1;2736;3175;3997;4095
1;2731;3173;3999;4095
1;2734;3177;4007;4095
1;2731;3175;4000;4095
1;2736;3178;4000;4095
1;2731;3177;3997;4095
1;2733;3175;4006;4095
1;2731;3173;4001;4095
1;2725;3171;3999;4095
1;2729;3174;3998;4095
1;2733;3174;4002;4095
1;2729;3172;4002;4095
1;2721;3170;3994;4095
1;2726;3171;4001;4095
1;2731;3170;4002;4095
1;2731;3174;3997;4095
1;2730;3173;4002;4095
1;2730;3175;4007;4095
1;2723;3178;4001;4095
1;2732;3174;4000;4095
1;2735;3178;4002;4095
1;2733;3172;4002;4095
1;2731;3175;4005;4095
1;2731;3174;4001;4095
1;2729;3175;4007;4095
1;2733;3172;4003;4095
1;2733;3176;3999;4095
1;2731;3175;4003;4095
1;2726;3173;3998;4095
1;2732;3174;4004;4095
1;2731;3171;4003;4095
1;2730;3175;4000;4095
1;2731;3169;4003;4095
1;2733;3177;4002;4095
1;2727;3171;3996;4095
1;2731;3173;4001;4095
1;2731;3174;4007;4095
1;2727;3178;4005;4095
1;2733;3179;4001;4095
1;2732;3175;4005;4095
1;2727;3183;3999;4095
1;2734;3180;3999;4095
1;2736;3179;3990;4095
1;2736;3179;3994;4095
1;2736;3176;4014;4095
1;2730;3178;4002;4095
1;2736;3181;4013;4095
1;2728;3178;3998;4095
1;2734;3176;4003;4095
1;2733;3176;4011;4095
1;2736;3178;4014;4095
1;2733;3174;3998;4095
1;2735;3177;4015;4095
1;2732;3178;3999;4095
1;2733;3179;4006;4095
1;2734;3178;4001;4095
1;2734;3177;4002;4095
1;2730;3173;3993;4095
1;2731;3177;4002;4095
1;2731;3175;3997;4095
1;2733;3179;4000;4095
1;2730;3175;3999;4095
1;2733;3177;4002;4095
1;2732;3175;4007;4095
1;2734;3171;4005;4095
1;2730;3179;4000;4095
1;2731;3177;4008;4095
1;2730;3171;4012;4095
1;2727;3173;4006;4095
1;2725;3171;4001;4095
1;2730;3172;4000;4095
1;2730;3173;4002;4095
1;2726;3170;4006;4095
1;2726;3171;4003;4095
1;2730;3171;3997;4095
1;2727;3175;4001;4095
1;2731;3178;4001;4095
1;2733;3174;4003;4095
1;2735;3173;4005;4095
1;2732;3171;4007;4095
1;2735;3173;4003;4095
1;2733;3176;3998;4095
1;2733;3172;4005;4095
1;2734;3175;4003;4095
1;2732;3174;4005;4095
1;2731;3179;4001;4095
1;2734;3175;4007;4095
1;2735;3177;3995;4095
1;2734;3173;4006;4095
1;2732;3173;3998;4095
1;2730;3174;4002;4095
2;2733;3174;4010;4095
2;2733;3177;4001;4095
2;2729;3175;4002;4095
2;2731;3177;4005;4095
2;2731;3178;4002;4095
2;2736;3177;4010;4095
2;2736;3181;4007;4095
2;2736;3181;4003;4095
2;2736;3182;4001;4095
2;2733;3179;4005;4095
2;2736;3179;4007;4095
2;2736;3181;4009;4095
2;2733;3179;3998;4095
2;2736;3185;4011;4095
2;2734;3180;4004;4095
2;2737;3184;4012;4095
2;2737;3184;3997;4095
2;2742;3185;4010;4095
2;2738;3184;4001;4095
2;2736;3186;3999;4095
2;2738;3184;4004;4095
2;2742;3186;4007;4095
2;2738;3185;4013;4095
2;2738;3183;4011;4095
2;2737;3184;4003;4095
2;2738;3185;4014;4095
2;2742;3186;3999;4095
2;2735;3184;4007;4095
2;2736;3184;4002;4095
2;2726;3181;4016;4095
2;2733;3180;4003;4095
2;2733;3178;4016;4095
2;2734;3177;3997;4095
2;2733;3173;4006;4095
2;2734;3178;4002;4095
2;2727;3176;4004;4095
2;2724;3169;4005;4095
2;2729;3168;4008;4095
2;2729;3170;4000;4095
2;2727;3174;4010;4095
2;2723;3168;4002;4095
2;2730;3172;4003;4095
2;2726;3173;3999;4095
2;2733;3178;4001;4095
2;2733;3174;4002;4095
2;2734;3178;4005;4095
2;2730;3178;4001;4095
2;2731;3178;4001;4095
2;2727;3173;4002;4095
2;2731;3173;4003;4095
2;2731;3172;3999;4095
2;2733;3173;4003;4095
2;2727;3173;3998;4095
2;2726;3175;4007;4095
2;2725;3174;3999;4095
2;2734;3175;4001;4095
2;2730;3174;4001;4095
2;2736;3179;4011;4095
2;2734;3175;4001;4095
2;2734;3177;4001;4095
2;2732;3179;4003;4095
2;2736;3177;4007;4095
2;2736;3181;4005;4095
2;2736;3178;4005;4095
2;2736;3178;4005;4095
2;2734;3179;4003;4095
2;2727;3175;4000;4095
2;2731;3178;4001;4095
2;2726;3175;4002;4095
2;2726;3175;4009;4095
2;2726;3177;4013;4095
2;2730;3173;4001;4095
2;2731;3173;4002;4095
2;2733;3173;4006;4095
2;2730;3171;4001;4095
2;2726;3175;4005;4095
2;2723;3171;3995;4095
2;2723;3173;4004;4095
2;2722;3171;4005;4095
2;2731;3174;4000;4095
2;2734;3177;4002;4095
2;2735;3174;4009;4095
2;2734;3177;4007;4095
2;2736;3179;4007;4095
2;2735;3182;3998;4095
2;2737;3183;4007;4095
2;2738;3184;3998;4095
2;2741;3183;4000;4095
2;2739;3182;4015;4095
2;2739;3184;4011;4095
2;2736;3184;4008;4095
2;2739;3185;4002;4095
2;2741;3184;4007;4095
2;2741;3184;4009;4095
2;2738;3185;4004;4095
2;2738;3183;4010;4095
2;2741;3185;4013;4095
2;2736;3183;4014;4095
2;2738;3185;4009;4095
2;2737;3184;4010;4095
2;2736;3185;4010;4095
2;2740;3184;4010;4095
2;2739;3184;4011;4095
2;2741;3184;4001;4095
2;2739;3186;4011;4095
2;2736;3184;4002;4095
2;2737;3183;4011;4095
2;2739;3184;4004;4095
2;2741;3183;4009;4095
2;2738;3183;4009;4095
2;2740;3183;4010;4095
2;2740;3181;4010;4095
2;2736;3179;4003;4095
2;2737;3183;4007;4095
2;2735;3177;4006;4095
2;2735;3180;4002;4095
2;2735;3177;4010;4095
2;2736;3173;4003;4095
2;2732;3177;4004;4095
2;2736;3183;4000;4095
2;2734;3177;4002;4095
2;2734;3177;4003;4095
2;2733;3175;4009;4095
2;2733;3177;4000;4095
2;2733;3173;4004;4095
2;2736;3181;4001;4095
2;2730;3181;4005;4095
2;2736;3178;4004;4095
2;2736;3179;4004;4095
2;2736;3181;4016;4095
2;2736;3180;4007;4095
2;2736;3178;4003;4095
2;2733;3181;4007;4095
2;2736;3182;3997;4095
2;2733;3175;4006;4095
2;2736;3175;4004;4095
2;2732;3175;4013;4095
2;2734;3173;4010;4095
2;2730;3172;4005;4095
2;2727;3172;4003;4095
2;2727;3173;4007;4095
2;2734;3173;4005;4095
2;2730;3175;4013;4095
2;2729;3168;4007;4095
2;2733;3171;4002;4095
2;2727;3168;4005;4095
2;2731;3170;4004;4095
2;2729;3171;4006;4095
2;2731;3169;4015;4095
2;2730;3169;4015;4095
2;2729;3169;4004;4095
2;2722;3169;4002;4095
2;2725;3169;4001;4095
2;2724;3165;4007;4095
2;2725;3170;4011;4095
2;2723;3167;4006;4095
2;2725;3168;4010;4095
2;2725;3171;4005;4095
2;2729;3169;4004;4095
2;2725;3166;4002;4095
2;2730;3171;4006;4095
2;2731;3169;4001;4095
2;2725;3170;3991;4095
2;2726;3171;4011;4095
2;2732;3173;4005;4095
2;2733;3175;4013;4095
2;2733;3173;4017;4095
2;2734;3174;4004;4095
2;2735;3175;4007;4095
2;2735;3175;4000;4095
2;2735;3177;4007;4095
2;2736;3177;4015;4095
2;2736;3179;4000;4095
2;2736;3173;4004;4095
2;2736;3179;3999;4095
2;2736;3181;4011;4095
2;2737;3180;4006;4095
2;2736;3182;4011;4095
2;2736;3184;4003;4095
2;2739;3182;4013;4095
2;2741;3180;4016;4095
2;2742;3183;4009;4095
2;2736;3183;4010;4095
2;2741;3185;4003;4095
2;2741;3184;4001;4095
2;2741;3183;4016;4095
2;2739;3179;4010;4095
2;2742;3184;4015;4095
2;2736;3182;4007;4095
2;2739;3183;4007;4095
2;2737;3180;4012;4095
2;2737;3180;3999;4095
2;2738;3184;4012;4095
2;2737;3179;4011;4095
2;2738;3179;4007;4095
2;2740;3183;4011;4095
2;2738;3178;4000;4095
2;2737;3179;4011;4095
2;2739;3177;3995;4095
2;2743;3181;4001;4095
2;2741;3174;3999;4095
2;2736;3178;4001;4095
2;2736;3174;4002;4095
2;2736;3178;4001;4095
2;2737;3175;4016;4095
2;2736;3177;4001;4095
2;2736;3173;4003;4095
2;2733;3173;4005;4095
2;2736;3176;4003;4095
2;2737;3180;4015;4095
2;2735;3178;4008;4095
2;2736;3178;4001;4095
2;2730;3168;4005;4095
2;2735;3170;4002;4095
2;2735;3175;3997;4095
2;2734;3171;4005;4095
2;2729;3171;4006;4095
2;2736;3174;4002;4095
2;2734;3171;4006;4095
2;2735;3174;4002;4095
2;2737;3175;4008;4095
2;2736;3179;4005;4095
2;2735;3178;4006;4095
2;2736;3178;4003;4095
2;2737;3179;4010;4095
2;2739;3177;4007;4095
2;2736;3181;4006;4095
2;2735;3177;4006;4095
2;2734;3171;4009;4095
2;2730;3171;4005;4095
2;2731;3170;4003;4095
2;2727;3170;4006;4095
3;2726;3166;4003;4095
3;2727;3168;4007;4095
3;2724;3170;4015;4095
3;2726;3168;3999;4095
3;2726;3168;4001;4095
3;2729;3168;4006;4095
3;2725;3168;4000;4095
3;2726;3167;4007;4095
3;2724;3165;4007;4095
3;2723;3167;4000;4095
3;2725;3167;4003;4095
3;2726;3168;4011;4095
3;2726;3172;4005;4095
3;2724;3171;4011;4095
3;2730;3173;4010;4095
3;2725;3173;4013;4095
3;2733;3177;4009;4095
3;2726;3171;4005;4095
3;2730;3174;4011;4095
3;2735;3169;4006;4095
3;2727;3170;4005;4095
3;2731;3175;4001;4095
3;2730;3169;4000;4095
3;2724;3167;4002;4095
3;2727;3169;4005;4095
3;2725;3166;3999;4095
3;2719;3165;4006;4095
3;2722;3166;4001;4095
3;2722;3163;4002;4095
3;2721;3163;4003;4095
3;2725;3166;4006;4095
3;2722;3167;3999;4095
3;2723;3166;4015;4095
3;2727;3169;4007;4095
3;2727;3168;4002;4095
3;2726;3165;4002;4095
3;2726;3167;4006;4095
3;2726;3167;4001;4095
3;2724;3168;4011;4095
3;2725;3167;4003;4095
3;2723;3168;4001;4095
3;2725;3165;4007;4095
3;2724;3164;3997;4095
3;2721;3164;4002;4095
3;2718;3162;4013;4095
3;2721;3166;4016;4095
3;2719;3162;4001;4095
3;2723;3163;3995;4095
3;2718;3165;4003;4095
3;2721;3163;4001;4095
3;2721;3163;4005;4095
3;2716;3165;4001;4095
3;2722;3165;4011;4095
3;2720;3167;4006;4095
3;2720;3159;4002;4095
3;2721;3163;3997;4095
3;2721;3162;4002;4095
3;2721;3167;4003;4095
3;2721;3164;4004;4095
3;2723;3167;4007;4095
3;2729;3168;4007;4095
3;2726;3166;4003;4095
3;2723;3163;4002;4095
3;2725;3165;4001;4095
3;2721;3163;4000;4095
3;2723;3164;4001;4095
3;2721;3163;4005;4095
3;2717;3158;4009;4095
3;2718;3161;4007;4095
3;2725;3165;4003;4095
3;2723;3163;4001;4095
3;2723;3165;4002;4095
3;2726;3165;4002;4095
3;2723;3162;4016;4095
3;2722;3159;3997;4095
3;2722;3163;4007;4095
3;2721;3158;3999;4095
3;2718;3157;4011;4095
3;2719;3159;4009;4095
3;2721;3159;3995;4095
3;2717;3158;4001;4095
3;2721;3162;3994;4095
3;2718;3158;4005;4095
3;2717;3163;4003;4095
3;2720;3157;4005;4095
3;2713;3161;4000;4095
3;2715;3163;4000;4095
3;2718;3156;4005;4095
3;2716;3154;4001;4095
3;2719;3154;4001;4095
3;2713;3154;3994;4095
3;2709;3153;4015;4095
3;2711;3152;4006;4095
3;2707;3152;4004;4095
3;2705;3152;4003;4095
3;2709;3154;4004;4095
3;2708;3152;4000;4095
3;2706;3152;4000;4095
3;2711;3152;3994;4095
3;2715;3152;3993;4095
3;2735;3172;4003;4095
3;2719;3162;4003;4095
3;2721;3162;3999;4095
3;2725;3164;4007;4095
3;2751;3186;4015;4095
3;2755;3186;4015;4095
3;2745;3184;3999;4095
3;2735;3175;4007;4095
3;2729;3167;4009;4095
3;2727;3165;4002;4095
3;2732;3166;4007;4095
3;2738;3175;3997;4095
3;2734;3167;4003;4095
3;2736;3170;4005;4095
3;2736;3176;4006;4095
3;2735;3174;4011;4095
3;2737;3172;4010;4095
3;2737;3174;4002;4095
3;2736;3175;4001;4095
3;2741;3180;4001;4095
3;2745;3181;4007;4095
3;2740;3178;3996;4095
3;2743;3177;4010;4095
3;2742;3181;4003;4095
3;2741;3175;4000;4095
3;2741;3176;4015;4095
3;2739;3178;4007;4095
3;2739;3180;4006;4095
3;2745;3175;4004;4095
3;2747;3180;4013;4095
3;2751;3182;3996;4095
3;2753;3184;4010;4095
3;2749;3184;4011;4095
3;2751;3184;4011;4095
3;2755;3185;4013;4095
3;2753;3183;4003;4095
3;2752;3184;4013;4095
3;2749;3184;4008;4095
3;2754;3184;4016;4095
3;2768;3198;4016;4095
3;2752;3184;4016;4095
3;2750;3184;4016;4095
3;2741;3177;4016;4095
3;2740;3177;4009;4095
3;2741;3178;3999;4095
3;2736;3175;3995;4095
3;2736;3171;3997;4095
3;2739;3173;4001;4095
3;2738;3178;4006;4095
3;2735;3174;4007;4095
3;2733;3168;3999;4095
3;2729;3166;4001;4095
3;2730;3169;4003;4095
3;2733;3169;4005;4095
3;2729;3169;4007;4095
3;2736;3170;4005;4095
3;2736;3171;4005;4095
3;2735;3175;4006;4095
3;2739;3177;4003;4095
3;2737;3174;4002;4095
3;2739;3177;4014;4095
3;2738;3183;4012;4095
3;2736;3175;4009;4095
3;2737;3183;4001;4095
3;2736;3178;4005;4095
3;2739;3183;4005;4095
3;2740;3177;4003;4095
3;2742;3178;4007;4095
3;2739;3179;4007;4095
3;2737;3179;4001;4095
3;2739;3175;4006;4095
3;2736;3174;4011;4095
3;2736;3175;4006;4095
3;2731;3172;4002;4095
3;2731;3168;4004;4095
3;2730;3169;4002;4095
3;2733;3171;4009;4095
3;2727;3171;4000;4095
3;2731;3170;4005;4095
3;2725;3166;3990;4095
3;2727;3168;4006;4095
3;2730;3170;4011;4095
3;2725;3170;4003;4095
3;2729;3170;4001;4095
3;2727;3171;4006;4095
3;2731;3170;4005;4095
3;2729;3167;4005;4095
3;2727;3169;4011;4095
3;2729;3164;3998;4095
3;2729;3167;3999;4095
3;2729;3165;4006;4095
3;2731;3171;4009;4095
3;2727;3168;3997;4095
3;2727;3167;4003;4095
3;2727;3165;4005;4095
3;2723;3165;3998;4095
3;2725;3167;3999;4095
3;2717;3164;4007;4095
3;2721;3164;4006;4095
3;2721;3162;4005;4095
3;2720;3163;4007;4095
3;2717;3161;3998;4095
3;2718;3157;3997;4095
3;2715;3157;4001;4095
3;2717;3155;4002;4095
3;2715;3157;3992;4095
3;2715;3158;3995;4095
3;2715;3154;3997;4095
3;2715;3155;3998;4095
3;2715;3155;4000;4095
3;2716;3154;3994;4095
3;2713;3158;3992;4095
3;2715;3158;3997;4095
3;2717;3158;4001;4095
3;2718;3157;4006;4095
3;2720;3162;4002;4095
3;2721;3163;3997;4095
3;2720;3163;3998;4095
3;2723;3165;4001;4095
3;2721;3166;4004;4095
3;2726;3167;4005;4095
3;2726;3166;4001;4095
3;2726;3166;4000;4095
3;2726;3166;4005;4095
3;2730;3169;4007;4095
3;2731;3167;4006;4095
3;2726;3167;3995;4095
3;2730;3167;4003;4095
3;2721;3167;4002;4095
3;2726;3165;4005;4095
3;2718;3167;4005;4095
3;2731;3164;4000;4095
3;2719;3165;4000;4095
3;2718;3157;3999;4095
3;2719;3165;4006;4095
3;2716;3158;3998;4095
3;2718;3163;4002;4095
3;2720;3158;4001;4095
3;2717;3159;3994;4095
3;2718;3160;4002;4095
4;2720;3163;4002;4095
4;2717;3159;4010;4095
4;2715;3158;3999;4095
4;2715;3157;4000;4095
4;2717;3157;4007;4095
4;2714;3153;4001;4095
4;2713;3157;4009;4095
4;2709;3157;3994;4095
4;2714;3161;4002;4095
4;2718;3159;4006;4095
4;2717;3157;3991;4095
4;2715;3159;4005;4095
4;2718;3161;3998;4095
4;2719;3158;4001;4095
4;2719;3161;3997;4095
4;2721;3161;3997;4095
4;2719;3163;3998;4095
4;2717;3163;4010;4095
4;2713;3159;4002;4095
4;2720;3166;4005;4095
4;2721;3166;4002;4095
4;2726;3167;4007;4095
4;2722;3168;4013;4095
4;2729;3171;4016;4095
4;2723;3169;4010;4095
4;2724;3165;4005;4095
4;2726;3165;3997;4095
4;2720;3165;4002;4095
4;2720;3166;4009;4095
4;2716;3163;4005;4095
4;2719;3163;4011;4095
4;2715;3159;4014;4095
4;2716;3164;4007;4095
4;2717;3158;4002;4095
4;2718;3162;4003;4095
4;2710;3157;4004;4095
4;2709;3159;3995;4095
4;2709;3156;4003;4095
4;2710;3153;4002;4095
4;2711;3155;4005;4095
4;2711;3158;4003;4095
4;2713;3158;3998;4095
4;2709;3153;3996;4095
4;2709;3152;4003;4095
4;2713;3153;3995;4095
4;2710;3155;4003;4095
4;2711;3154;3995;4095
4;2711;3157;4002;4095
4;2710;3152;4007;4095
4;2705;3154;4004;4095
4;2711;3153;3999;4095
4;2711;3157;4007;4095
4;2707;3153;3996;4095
4;2708;3152;3998;4095
4;2705;3152;4002;4095
4;2707;3155;3997;4095
4;2706;3152;4000;4095
4;2710;3154;4007;4095
4;2707;3153;4008;4095
4;2705;3157;4001;4095
4;2705;3153;4001;4095
4;2707;3153;3996;4095
4;2706;3153;4000;4095
4;2709;3152;4005;4095
4;2705;3154;3999;4095
4;2710;3152;4001;4095
4;2707;3155;3995;4095
4;2704;3152;4003;4095
4;2707;3152;4007;4095
4;2704;3152;4013;4095
4;2705;3153;4000;4095
4;2706;3153;4001;4095
4;2708;3155;4000;4095
4;2706;3153;3994;4095
4;2709;3155;3991;4095
4;2703;3152;4001;4095
4;2710;3153;4000;4095
4;2707;3155;4001;4095
4;2707;3155;4009;4095
4;2707;3155;4011;4095
4;2709;3155;4004;4095
4;2705;3152;4001;4095
4;2704;3153;4000;4095
4;2708;3154;3995;4095
4;2708;3154;4002;4095
4;2709;3154;4001;4095
4;2704;3152;4002;4095
4;2704;3153;4005;4095
4;2705;3152;3996;4095
4;2704;3152;3994;4095
4;2707;3152;3988;4095
4;2704;3151;3997;4095
4;2704;3152;4001;4095
4;2705;3152;3999;4095
4;2706;3152;3999;4095
4;2704;3152;3997;4095
4;2704;3152;3997;4095
4;2705;3154;4001;4095
4;2703;3153;4000;4095
4;2704;3152;4000;4095
4;2702;3151;3997;4095
4;2704;3152;3999;4095
4;2704;3152;3998;4095
4;2705;3152;3997;4095
4;2705;3152;4000;4095
4;2704;3152;4001;4095
4;2704;3149;3994;4095
4;2704;3152;3997;4095
4;2706;3153;3998;4095
4;2705;3154;4003;4095
4;2706;3152;3992;4095
4;2704;3152;3997;4095
4;2704;3152;4007;4095
4;2711;3153;4007;4095
4;2704;3153;4003;4095
4;2714;3157;4006;4095
4;2710;3156;4005;4095
4;2715;3156;3997;4095
4;2714;3156;3990;4095
4;2716;3159;3999;4095
4;2713;3158;4005;4095
4;2717;3161;4011;4095
4;2716;3163;4003;4095
4;2718;3162;4000;4095
4;2718;3166;3998;4095
4;2718;3161;4000;4095
4;2717;3165;4004;4095
4;2719;3159;4007;4095
4;2714;3162;4003;4095
4;2720;3161;4011;4095
4;2718;3162;4000;4095
4;2716;3162;4001;4095
4;2717;3161;4005;4095
4;2718;3158;4005;4095
4;2717;3159;4006;4095
4;2717;3159;3999;4095
4;2714;3162;4010;4095
4;2719;3162;4010;4095
4;2718;3162;4007;4095
4;2719;3159;3995;4095
4;2716;3161;4002;4095
4;2717;3162;4001;4095
4;2715;3155;3993;4095
4;2713;3158;4006;4095
4;2715;3159;4004;4095
4;2709;3157;4003;4095
4;2707;3152;3999;4095
4;2706;3152;4004;4095
4;2706;3157;3997;4095
4;2707;3152;3999;4095
4;2706;3152;4000;4095
4;2706;3152;4001;4095
4;2707;3152;4003;4095
4;2709;3153;4001;4095
4;2704;3153;4001;4095
4;2713;3155;3998;4095
4;2709;3152;3995;4095
4;2710;3152;4003;4095
4;2718;3155;3998;4095
4;2719;3152;4000;4095
4;2724;3155;4007;4095
4;2724;3157;3994;4095
4;2718;3156;4003;4095
4;2718;3155;3994;4095
4;2714;3153;3997;4095
4;2714;3153;3995;4095
4;2715;3155;3997;4095
4;2717;3156;3996;4095
4;2706;3155;3999;4095
4;2711;3152;3994;4095
4;2714;3153;3989;4095
4;2717;3155;3995;4095
4;2717;3154;3994;4095
4;2714;3154;3999;4095
4;2714;3153;3989;4095
4;2725;3158;3994;4095
4;2722;3157;3985;4095
4;2722;3158;4003;4095
4;2717;3152;4002;4095
4;2714;3152;3996;4095
4;2714;3154;3998;4095
4;2711;3155;4000;4095
4;2718;3153;3994;4095
4;2716;3156;4007;4095
4;2718;3160;3993;4095
4;2714;3155;3995;4095
4;2719;3157;3998;4095
4;2713;3158;3997;4095
4;2711;3152;4002;4095
4;2733;3168;4009;4095
4;2729;3171;3995;4095
4;2736;3173;4009;4095
4;2733;3173;4006;4095
4;2730;3168;4007;4095
4;2726;3167;4008;4095
4;2727;3165;4007;4095
4;2730;3166;4013;4095
4;2726;3166;4003;4095
4;2721;3167;4011;4095
4;2721;3165;4004;4095
4;2726;3165;4017;4095
4;2721;3165;4007;4095
4;2722;3163;4000;4095
4;2724;3163;4005;4095
4;2721;3159;3994;4095
4;2726;3169;4004;4095
4;2723;3165;4007;4095
4;2731;3168;4006;4095
4;2735;3168;4007;4095
4;2730;3168;3995;4095
4;2731;3167;4013;4095
4;2733;3173;4002;4095
4;2731;3167;4009;4095
4;2729;3169;4007;4095
4;2729;3166;4009;4095
4;2725;3169;4003;4095
4;2729;3169;4003;4095
4;2732;3170;4011;4095
4;2723;3165;4010;4095
4;2726;3168;4005;4095
4;2721;3168;4005;4095
4;2721;3162;4005;4095
4;2722;3165;3994;4095
4;2725;3166;4003;4095
4;2722;3167;3990;4095
4;2724;3163;4011;4095
4;2722;3161;4003;4095
4;2720;3159;4009;4095
4;2721;3162;4002;4095
4;2720;3157;4005;4095
4;2721;3162;3998;4095
4;2722;3163;4003;4095
4;2736;3166;4005;4095
4;2738;3167;3998;4095
4;2749;3171;3997;4095
4;2762;3182;3997;4095
4;2765;3181;3994;4095
4;2774;3184;3984;4095
4;2780;3185;4006;4095
4;2775;3187;4000;4095
4;2769;3186;3998;4095
4;2771;3185;3990;4095
4;2772;3185;4001;4095
4;2779;3193;4000;4095
4;2785;3195;3996;4095
4;2790;3198;3991;4095
4;2798;3201;3994;4095
4;2802;3206;4003;4095
4;2813;3216;4001;4095
4;2826;3227;4005;4095
4;2827;3229;4010;4095
4;2831;3229;4012;4095
4;2831;3231;4013;4095
4;2827;3229;4007;4095
4;2815;3218;4005;4095
4;2798;3209;4015;4095
4;2791;3205;4006;4095
4;2784;3205;4005;4095
4;2786;3201;4015;4095
4;2779;3202;4001;4095
4;2781;3204;4010;4095
4;2779;3202;4009;4095
4;2778;3199;4015;4095
4;2778;3200;4011;4095
4;2784;3206;4016;4095
4;2800;3216;4001;4095
4;2808;3216;4009;4095
4;2815;3221;4002;4095
4;2821;3223;4018;4095
4;2825;3225;4007;4095
4;2818;3220;4013;4095
4;2821;3226;4007;4095
4;2815;3219;4002;4095
4;2819;3218;4005;4095
4;2819;3216;4009;4095
4;2811;3216;4002;4095
4;2803;3207;3999;4095
4;2796;3205;4006;4095
4;2800;3201;4000;4095
4;2800;3209;3998;4095
4;2800;3205;4005;4095
4;2800;3207;4001;4095
4;2803;3206;3994;4095
4;2809;3213;4005;4095
5;2806;3211;4004;4095
5;2803;3215;4002;4095
5;2800;3210;4013;4095
5;2800;3216;4001;4095
5;2798;3211;4001;4095
5;2796;3207;4008;4095
5;2796;3209;4011;4095
5;2795;3210;4005;4095
5;2779;3204;4014;4095
5;2781;3201;4000;4095
5;2778;3201;4011;4095
5;2775;3200;4002;4095
5;2768;3197;4003;4095
5;2768;3197;3999;4095
5;2763;3189;4009;4095
5;2764;3189;4005;4095
5;2756;3185;4010;4095
5;2761;3191;4016;4095
5;2759;3195;4016;4095
5;2768;3194;4011;4095
5;2770;3195;4001;4095
5;2764;3187;4003;4095
5;2762;3188;4004;4095
5;2762;3186;4000;4095
5;2759;3184;4005;4095
5;2757;3180;4012;4095
5;2754;3184;4000;4095
5;2755;3184;4016;4095
5;2755;3183;4005;4095
5;2753;3183;3997;4095
5;2755;3184;4011;4095
5;2752;3184;4006;4095
5;2752;3183;4008;4095
5;2753;3183;4013;4095
5;2752;3184;4014;4095
5;2751;3183;4013;4095
5;2751;3182;4004;4095
5;2749;3179;4005;4095
5;2749;3179;4007;4095
5;2747;3179;4007;4095
5;2746;3179;4006;4095
5;2746;3177;4005;4095
5;2747;3177;3998;4095
5;2749;3177;4015;4095
5;2745;3179;4007;4095
5;2745;3179;4002;4095
5;2743;3173;4006;4095
5;2747;3182;4005;4095
5;2752;3180;4009;4095
5;2753;3179;4003;4095
5;2763;3182;4000;4095
5;2758;3182;4005;4095
5;2763;3184;3994;4095
5;2761;3185;4002;4095
5;2766;3184;4002;4095
5;2763;3184;4001;4095
5;2763;3187;3997;4095
5;2763;3185;3998;4095
5;2763;3184;3998;4095
5;2758;3184;4007;4095
5;2759;3184;3997;4095
5;2753;3185;4014;4095
5;2756;3182;4005;4095
5;2756;3182;4002;4095
5;2751;3184;4006;4095
5;2752;3184;4004;4095
5;2749;3179;4004;4095
5;2746;3174;4002;4095
5;2746;3177;4014;4095
5;2744;3175;4010;4095
5;2743;3177;4000;4095
5;2743;3174;4007;4095
5;2743;3175;4000;4095
5;2741;3173;3993;4095
5;2736;3169;3999;4095
5;2740;3169;4002;4095
5;2739;3167;4006;4095
5;2736;3172;3999;4095
5;2738;3171;3998;4095
5;2737;3170;3999;4095
5;2737;3170;3994;4095
5;2736;3167;4010;4095
5;2736;3172;3995;4095
5;2738;3168;3999;4095
5;2737;3169;4004;4095
5;2736;3170;3999;4095
5;2736;3168;3998;4095
5;2742;3169;4001;4095
5;2742;3171;4002;4095
5;2741;3170;4001;4095
5;2736;3170;4009;4095
5;2734;3166;4001;4095
5;2736;3168;3997;4095
5;2736;3165;4007;4095
5;2736;3169;3995;4095
5;2735;3166;4003;4095
5;2726;3163;4001;4095
5;2734;3165;4001;4095
5;2736;3173;3997;4095
5;2739;3171;3996;4095
5;2745;3172;4000;4095
5;2738;3174;4004;4095
5;2739;3172;4001;4095
5;2733;3171;3999;4095
5;2731;3159;4010;4095
5;2721;3154;4002;4095
5;2719;3165;4001;4095
5;2731;3167;4002;4095
5;2736;3164;3998;4095
5;2734;3164;3991;4095
5;2736;3164;4003;4095
5;2734;3163;3997;4095
5;2734;3162;4009;4095
5;2736;3162;3994;4095
5;2742;3166;4002;4095
5;2737;3164;3997;4095
5;2736;3165;3999;4095
5;2736;3166;3995;4095
5;2737;3167;4002;4095
5;2737;3167;4006;4095
5;2737;3163;3999;4095
5;2736;3166;3996;4095
5;2735;3165;3999;4095
5;2735;3167;4001;4095
5;2736;3164;3991;4095
5;2735;3158;4001;4095
5;2736;3162;3996;4095
5;2736;3163;4001;4095
5;2733;3159;4003;4095
5;2735;3159;3991;4095
5;2734;3162;3998;4095
5;2733;3157;3999;4095
5;2733;3159;3990;4095
5;2729;3155;3993;4095
5;2727;3155;3998;4095
5;2727;3157;4000;4095
5;2729;3156;3994;4095
5;2727;3157;3998;4095
5;2726;3154;3997;4095
5;2725;3157;3999;4095
5;2727;3159;3996;4095
5;2727;3155;4005;4095
5;2727;3159;3996;4095
5;2722;3155;3998;4095
5;2722;3154;3994;4095
5;2723;3153;3998;4095
5;2723;3154;3994;4095
5;2722;3157;3998;4095
5;2723;3155;3998;4095
5;2724;3158;4001;4095
5;2727;3155;3997;4095
5;2726;3156;4001;4095
5;2722;3158;4008;4095
5;2729;3157;3995;4095
5;2729;3162;4005;4095
5;2723;3157;4012;4095
5;2730;3163;3999;4095
