5;3651;3809;3933;3953
5;3641;3809;3911;3945
5;3630;3799;3911;3937
5;3636;3802;3906;3931
5;3630;3792;3907;3920
5;3613;3778;3902;3905
5;3613;3774;3888;3903
5;3601;3766;3879;3888
5;3594;3752;3865;3881
5;3583;3745;3856;3871
5;3569;3732;3843;3858
5;3569;3728;3838;3856
5;3551;3712;3832;3844
5;3539;3703;3813;3837
5;3536;3700;3810;3823
5;3531;3689;3795;3816
5;3519;3676;3789;3803
5;3507;3671;3778;3805
5;3501;3664;3777;3782
5;3493;3658;3770;3778
5;3497;3652;3748;3766
5;3488;3642;3751;3771
5;3473;3638;3747;3762
5;3472;3643;3742;3765
5;3472;3629;3731;3753
5;3473;3632;3725;3757
5;3470;3631;3741;3760
5;3472;3631;3746;3759
5;3470;3630;3750;3762
5;3474;3632;3738;3770
5;3475;3630;3744;3780
5;3482;3646;3760;3786
5;3495;3653;3765;3792
