1;3543;3779;4095;4095
1;3557;3783;4095;4095
1;3554;3778;4094;4095
1;3557;3780;4095;4095
1;3552;3783;4095;4095
1;3563;3781;4095;4095
1;3554;3785;4095;4095
1;3555;3788;4095;4095
1;3546;3782;4095;4095
1;3562;3787;4095;4095
1;3559;3792;4095;4095
1;3558;3785;4095;4095
1;3556;3778;4095;4095
1;3555;3785;4095;4095
1;3558;3789;4095;4095
1;3553;3789;4095;4095
1;3563;3783;4095;4095
1;3562;3786;4095;4095
1;3562;3790;4095;4095
1;3562;3781;4095;4095
1;3566;3791;4095;4095
1;3563;3781;4095;4095
1;3563;3792;4095;4095
1;3563;3788;4095;4095
1;3565;3788;4095;4095
1;3559;3783;4095;4095
1;3554;3791;4095;4095
1;3560;3792;4095;4095
1;3561;3792;4095;4095
1;3561;3792;4095;4095
1;3558;3787;4095;4095
1;3563;3789;4095;4095
1;3562;3788;4095;4095
1;3563;3791;4095;4095
1;3559;3789;4095;4095
1;3562;3790;4095;4095
1;3563;3786;4095;4095
1;3557;3787;4095;4095
1;3560;3791;4095;4095
1;3561;3792;4095;4095
1;3564;3792;4095;4095
1;3561;3783;4095;4095
1;3565;3792;4095;4095
1;3559;3788;4095;4095
1;3561;3787;4095;4095
1;3559;3787;4095;4095
1;3555;3790;4095;4095
1;3561;3783;4095;4095
1;3559;3785;4095;4095
1;3562;3786;4095;4095
1;3564;3789;4095;4095
1;3562;3790;4095;4095
1;3559;3790;4095;4095
1;3566;3791;4095;4095
1;3559;3787;4095;4095
1;3562;3789;4095;4095
1;3562;3789;4095;4095
1;3566;3792;4095;4095
1;3565;3787;4095;4095
1;3558;3793;4095;4095
1;3553;3792;4095;4095
1;3562;3783;4095;4095
1;3559;3792;4095;4095
1;3564;3787;4095;4095
1;3562;3788;4095;4095
1;3559;3793;4095;4095
1;3561;3789;4095;4095
1;3563;3795;4095;4095
1;3559;3786;4095;4095
1;3568;3797;4095;4095
1;3572;3802;4095;4095
1;3571;3801;4095;4095
1;3568;3793;4095;4095
1;3578;3797;4095;4095
1;3567;3792;4095;4095
1;3568;3795;4095;4095
1;3566;3798;4095;4095
1;3571;3794;4095;4095
1;3568;3798;4095;4095
1;3573;3792;4095;4095
1;3567;3795;4095;4095
1;3570;3801;4095;4095
1;3579;3799;4095;4095
1;3570;3798;4095;4095
1;3568;3799;4095;4095
1;3573;3797;4095;4095
1;3575;3796;4095;4095
1;3571;3798;4095;4095
1;3577;3797;4095;4095
1;3582;3803;4095;4095
1;3568;3795;4095;4095
1;3567;3792;4095;4095
1;3567;3798;4095;4095
1;3578;3793;4095;4095
1;3570;3799;4095;4095
1;3571;3792;4095;4095
1;3569;3797;4095;4095
1;3571;3794;4095;4095
1;3574;3797;4095;4095
1;3573;3801;4095;4095
1;3571;3794;4095;4095
1;3571;3801;4095;4095
1;3572;3797;4095;4095
1;3571;3795;4095;4095
1;3575;3797;4095;4095
1;3573;3801;4095;4095
1;3571;3805;4095;4095
1;3581;3793;4095;4095
1;3574;3793;4095;4095
1;3572;3796;4095;4095
1;3575;3799;4095;4095
1;3575;3798;4095;4095
1;3574;3803;4095;4095
1;3575;3808;4095;4095
1;3577;3808;4095;4095
1;3577;3807;4095;4095
1;3568;3799;4095;4095
1;3575;3803;4095;4095
1;3575;3805;4095;4095
1;3568;3803;4095;4095
1;3573;3799;4095;4095
1;3564;3792;4095;4095
1;3563;3783;4095;4095
1;3563;3792;4095;4095
1;3569;3791;4095;4095
1;3563;3791;4095;4095
1;3567;3789;4095;4095
1;3561;3787;4095;4095
1;3566;3786;4095;4095
1;3563;3792;4095;4095
1;3567;3789;4095;4095
1;3553;3790;4095;4095
1;3562;3787;4095;4095
1;3551;3785;4095;4095
1;3562;3791;4095;4095
1;3562;3792;4095;4095
1;3562;3787;4095;4095
1;3558;3786;4095;4095
1;3561;3787;4095;4095
1;3557;3789;4095;4095
1;3565;3790;4095;4095
1;3555;3786;4095;4095
1;3563;3790;4095;4095
1;3565;3785;4095;4095
1;3562;3788;4095;4095
1;3555;3785;4095;4095
1;3554;3786;4095;4095
1;3563;3781;4095;4095
1;3549;3792;4095;4095
1;3552;3789;4095;4095
1;3559;3785;4095;4095
1;3554;3787;4095;4095
1;3555;3787;4095;4095
1;3562;3795;4095;4095
1;3563;3787;4095;4095
1;3557;3779;4095;4095
1;3562;3786;4095;4095
1;3561;3782;4095;4095
1;3565;3791;4095;4095
1;3561;3783;4095;4095
1;3561;3790;4095;4095
1;3562;3791;4095;4095
1;3557;3786;4095;4095
1;3561;3793;4095;4095
1;3562;3783;4095;4095
1;3551;3792;4095;4095
1;3566;3785;4095;4095
1;3564;3786;4095;4095
1;3566;3788;4095;4095
1;3563;3786;4095;4095
1;3561;3781;4095;4095
1;3563;3790;4095;4095
1;3568;3786;4095;4095
1;3568;3787;4095;4095
1;3568;3788;4095;4095
1;3565;3791;4095;4095
1;3562;3784;4095;4095
1;3566;3792;4095;4095
1;3568;3792;4095;4095
1;3561;3787;4095;4095
1;3563;3788;4095;4095
1;3565;3791;4095;4095
1;3570;3792;4095;4095
1;3567;3793;4095;4095
1;3568;3792;4095;4095
1;3563;3792;4095;4095
1;3562;3792;4095;4095
1;3566;3792;4095;4095
1;3566;3789;4095;4095
1;3562;3791;4095;4095
1;3557;3789;4095;4095
1;3568;3792;4095;4095
1;3566;3792;4095;4095
1;3561;3787;4095;4095
1;3568;3794;4095;4095
1;3565;3792;4095;4095
1;3562;3791;4095;4095
1;3565;3792;4095;4095
1;3568;3789;4095;4095
1;3568;3794;4095;4095
1;3567;3792;4095;4095
1;3565;3790;4095;4095
1;3562;3787;4095;4095
1;3568;3791;4095;4095
1;3568;3790;4095;4095
1;3568;3791;4095;4095
1;3565;3789;4095;4095
1;3567;3793;4095;4095
1;3567;3792;4095;4095
1;3565;3792;4095;4095
1;3565;3790;4095;4095
1;3566;3792;4095;4095
1;3567;3792;4095;4095
1;3565;3794;4095;4095
1;3568;3792;4095;4095
1;3566;3791;4095;4095
1;3567;3790;4095;4095
1;3568;3792;4095;4095
1;3566;3793;4095;4095
1;3566;3797;4095;4095
1;3558;3792;4095;4095
1;3568;3788;4095;4095
1;3567;3792;4095;4095
1;3570;3786;4095;4095
1;3566;3790;4095;4095
1;3568;3791;4095;4095
1;3566;3791;4095;4095
1;3565;3792;4095;4095
1;3568;3790;4095;4095
1;3571;3791;4095;4095
1;3568;3794;4095;4095
1;3559;3793;4095;4095
1;3563;3786;4095;4095
1;3567;3795;4095;4095
1;3568;3790;4095;4095
1;3565;3789;4095;4095
1;3564;3787;4095;4095
1;3568;3792;4095;4095
1;3568;3792;4095;4095
1;3562;3789;4095;4095
1;3558;3792;4095;4095
1;3562;3790;4095;4095
1;3568;3794;4095;4095
1;3568;3789;4095;4095
1;3566;3791;4095;4095
1;3565;3792;4095;4095
1;3567;3795;4095;4095
1;3567;3787;4095;4095
1;3566;3791;4095;4095
1;3566;3790;4095;4095
1;3566;3793;4095;4095
1;3568;3792;4095;4095
1;3563;3796;4095;4095
1;3567;3787;4095;4095
1;3568;3791;4095;4095
1;3566;3793;4095;4095
1;3568;3792;4095;4095
1;3567;3792;4095;4095
1;3568;3790;4095;4095
1;3565;3790;4095;4095
1;3567;3792;4095;4095
1;3568;3790;4095;4095
1;3566;3787;4095;4095
1;3562;3792;4095;4095
1;3565;3792;4095;4095
1;3571;3793;4095;4095
1;3568;3793;4095;4095
1;3566;3792;4095;4095
1;3563;3793;4095;4095
1;3568;3792;4095;4095
1;3569;3792;4095;4095
1;3568;3792;4095;4095
1;3566;3797;4095;4095
1;3561;3788;4095;4095
1;3568;3791;4095;4095
1;3568;3792;4095;4095
1;3565;3795;4095;4095
1;3568;3792;4095;4095
1;3563;3795;4095;4095
1;3567;3792;4095;4095
1;3568;3799;4095;4095
1;3568;3792;4095;4095
1;3567;3791;4095;4095
1;3567;3798;4095;4095
1;3568;3799;4095;4095
1;3568;3794;4095;4095
1;3568;3795;4095;4095
1;3569;3792;4095;4095
1;3568;3797;4095;4095
1;3570;3801;4095;4095
1;3568;3793;4095;4095
1;3568;3792;4095;4095
1;3568;3797;4095;4095
1;3568;3792;4095;4095
1;3565;3793;4095;4095
1;3568;3791;4095;4095
1;3567;3793;4095;4095
1;3568;3792;4095;4095
1;3568;3792;4095;4095
1;3567;3799;4095;4095
1;3563;3792;4095;4095
1;3568;3797;4095;4095
1;3568;3793;4095;4095
1;3567;3801;4095;4095
1;3565;3801;4095;4095
1;3568;3798;4095;4095
1;3573;3799;4095;4095
1;3568;3797;4095;4095
1;3569;3796;4095;4095
1;3575;3792;4095;4095
1;3570;3796;4095;4095
1;3564;3794;4095;4095
1;3571;3798;4095;4095
1;3568;3799;4095;4095
1;3569;3795;4095;4095
1;3568;3794;4095;4095
1;3563;3793;4095;4095
1;3568;3797;4095;4095
1;3568;3793;4095;4095
1;3571;3802;4095;4095
2;3570;3795;4095;4095
2;3568;3792;4095;4095
2;3569;3793;4095;4095
2;3569;3794;4095;4095
2;3568;3792;4095;4095
2;3568;3791;4095;4095
2;3566;3792;4095;4095
2;3567;3805;4095;4095
2;3568;3796;4095;4095
2;3568;3795;4095;4095
2;3569;3797;4095;4095
2;3568;3793;4095;4095
2;3568;3798;4095;4095
2;3568;3792;4095;4095
2;3573;3804;4095;4095
2;3591;3807;4095;4095
2;3579;3803;4095;4095
2;3574;3807;4095;4095
2;3573;3807;4095;4095
2;3570;3801;4095;4095
2;3579;3803;4095;4095
2;3579;3802;4095;4095
2;3575;3803;4095;4095
2;3575;3805;4095;4095
2;3573;3810;4095;4095
2;3579;3802;4095;4095
2;3580;3807;4095;4095
2;3579;3803;4095;4095
2;3583;3803;4095;4095
2;3583;3808;4095;4095
2;3573;3807;4095;4095
2;3582;3805;4095;4095
2;3579;3807;4095;4095
2;3568;3802;4095;4095
2;3575;3801;4095;4095
2;3582;3805;4095;4095
2;3575;3805;4095;4095
2;3591;3806;4095;4095
2;3578;3806;4095;4095
2;3579;3807;4095;4095
2;3579;3804;4095;4095
2;3579;3810;4095;4095
2;3579;3807;4095;4095
2;3583;3808;4095;4095
2;3583;3809;4095;4095
2;3579;3807;4095;4095
2;3579;3806;4095;4095
2;3591;3803;4095;4095
2;3583;3805;4095;4095
2;3577;3807;4095;4095
2;3582;3806;4095;4095
2;3581;3805;4095;4095
2;3581;3806;4095;4095
2;3581;3810;4095;4095
2;3583;3817;4095;4095
2;3595;3814;4095;4095
2;3583;3814;4095;4095
2;3579;3808;4095;4095
2;3595;3807;4095;4095
2;3583;3818;4095;4095
2;3581;3809;4095;4095
2;3581;3811;4095;4095
2;3583;3815;4095;4095
2;3593;3814;4095;4095
2;3590;3809;4095;4095
2;3578;3815;4095;4095
2;3582;3810;4095;4095
2;3581;3812;4095;4095
2;3582;3809;4095;4095
2;3579;3805;4095;4095
2;3582;3806;4095;4095
2;3573;3810;4095;4095
2;3570;3805;4095;4095
2;3573;3808;4095;4095
2;3571;3806;4095;4095
2;3591;3807;4095;4095
2;3579;3808;4095;4095
2;3583;3813;4095;4095
2;3579;3808;4095;4095
2;3571;3818;4095;4095
2;3577;3822;4095;4095
2;3583;3810;4095;4095
2;3579;3811;4095;4095
2;3579;3821;4095;4095
2;3582;3813;4095;4095
2;3583;3821;4095;4095
2;3590;3817;4095;4095
2;3583;3810;4095;4095
2;3592;3821;4095;4095
2;3579;3809;4095;4095
2;3583;3807;4095;4095
2;3597;3810;4095;4095
2;3580;3803;4095;4095
2;3582;3814;4095;4095
2;3590;3811;4095;4095
2;3582;3807;4095;4095
2;3578;3811;4095;4095
2;3582;3808;4095;4095
2;3594;3811;4095;4095
2;3591;3815;4095;4095
2;3582;3808;4095;4095
2;3581;3809;4095;4095
2;3591;3814;4095;4095
2;3595;3815;4093;4095
2;3579;3807;4095;4095
2;3595;3811;4095;4095
2;3583;3817;4095;4095
2;3581;3812;4095;4095
2;3581;3807;4095;4095
2;3582;3811;4095;4095
2;3571;3810;4095;4095
2;3599;3809;4095;4095
2;3570;3809;4095;4095
2;3583;3809;4095;4095
2;3578;3810;4095;4095
2;3581;3810;4095;4095
2;3573;3809;4095;4095
2;3581;3807;4095;4095
2;3578;3804;4095;4095
2;3595;3811;4095;4095
2;3582;3803;4095;4095
2;3583;3807;4095;4095
2;3593;3817;4095;4095
2;3583;3819;4095;4095
2;3590;3814;4095;4095
2;3597;3811;4095;4095
2;3591;3815;4095;4095
2;3593;3819;4095;4095
2;3581;3811;4095;4095
2;3591;3811;4095;4095
2;3590;3818;4095;4095
2;3593;3817;4095;4095
2;3582;3822;4095;4095
2;3597;3819;4095;4095
2;3594;3810;4095;4095
2;3599;3814;4095;4095
2;3591;3813;4095;4095
2;3599;3815;4095;4095
2;3597;3818;4095;4095
2;3582;3809;4095;4095
2;3595;3813;4095;4095
2;3597;3815;4095;4095
2;3599;3818;4095;4095
2;3593;3813;4095;4095
2;3597;3813;4095;4095
2;3596;3815;4095;4095
2;3598;3815;4095;4095
2;3600;3810;4095;4095
2;3591;3817;4095;4095
2;3597;3815;4095;4095
2;3595;3819;4095;4095
2;3582;3813;4095;4095
2;3597;3813;4095;4095
2;3600;3814;4095;4095
2;3594;3815;4095;4095
2;3593;3818;4095;4095
2;3597;3821;4095;4095
2;3600;3823;4095;4095
2;3590;3815;4095;4095
2;3594;3819;4095;4095
2;3591;3818;4095;4095
2;3602;3809;4095;4095
2;3579;3818;4095;4095
2;3596;3820;4095;4095
2;3595;3815;4095;4095
2;3594;3817;4095;4095
2;3596;3811;4095;4095
2;3583;3811;4095;4095
2;3597;3822;4095;4095
2;3597;3815;4095;4095
2;3594;3814;4095;4095
2;3583;3824;4095;4095
2;3600;3817;4095;4095
2;3595;3814;4095;4095
2;3600;3809;4095;4095
2;3598;3811;4095;4095
2;3591;3818;4095;4095
2;3595;3819;4095;4095
2;3583;3814;4095;4095
2;3598;3815;4095;4095
2;3595;3819;4095;4095
2;3600;3810;4095;4095
2;3582;3813;4095;4095
2;3601;3810;4095;4095
2;3593;3814;4095;4095
2;3589;3818;4095;4095
2;3595;3811;4095;4095
2;3597;3819;4095;4095
2;3591;3817;4095;4095
2;3593;3813;4095;4095
2;3583;3817;4095;4095
2;3583;3821;4095;4095
2;3593;3814;4095;4095
2;3598;3815;4095;4095
2;3583;3811;4095;4095
2;3593;3822;4095;4095
2;3599;3818;4095;4095
2;3600;3826;4095;4095
2;3602;3827;4095;4095
2;3598;3828;4095;4095
2;3602;3824;4095;4095
2;3607;3824;4095;4095
2;3611;3824;4095;4095
2;3600;3824;4095;4095
2;3600;3823;4095;4095
2;3605;3825;4095;4095
2;3601;3825;4095;4095
2;3607;3825;4095;4095
2;3612;3824;4095;4095
2;3603;3830;4095;4095
2;3600;3824;4095;4095
2;3597;3826;4095;4095
2;3601;3829;4095;4095
2;3602;3823;4095;4095
2;3604;3824;4095;4095
2;3603;3824;4095;4095
2;3601;3822;4095;4095
2;3598;3825;4095;4095
2;3606;3821;4095;4095
2;3610;3824;4095;4095
2;3600;3829;4095;4095
2;3605;3833;4095;4095
2;3598;3827;4095;4095
2;3612;3826;4095;4095
2;3601;3829;4095;4095
2;3604;3824;4095;4095
2;3606;3826;4095;4095
2;3602;3824;4095;4095
2;3611;3825;4095;4095
2;3602;3824;4095;4095
2;3602;3824;4095;4095
2;3601;3823;4095;4095
3;3600;3829;4095;4095
3;3601;3825;4095;4095
3;3601;3822;4095;4095
3;3603;3825;4095;4095
3;3603;3824;4095;4095
3;3607;3824;4095;4095
3;3600;3824;4095;4095
3;3601;3824;4095;4095
3;3600;3824;4095;4095
3;3605;3826;4095;4095
3;3601;3825;4095;4095
3;3598;3826;4095;4095
3;3599;3824;4095;4095
3;3604;3824;4095;4095
3;3599;3823;4095;4095
3;3593;3824;4095;4095
3;3605;3823;4095;4095
3;3599;3823;4095;4095
3;3600;3830;4095;4095
3;3603;3823;4095;4095
3;3607;3824;4095;4095
3;3600;3822;4095;4095
3;3600;3824;4095;4095
3;3611;3824;4095;4095
3;3598;3825;4095;4095
3;3602;3829;4095;4095
3;3600;3826;4095;4095
3;3601;3824;4095;4095
3;3600;3824;4095;4095
3;3600;3829;4095;4095
3;3600;3826;4095;4095
3;3602;3824;4095;4095
3;3597;3825;4095;4095
3;3590;3824;4095;4095
3;3602;3826;4095;4095
3;3601;3824;4095;4095
3;3600;3824;4095;4095
3;3597;3824;4095;4095
3;3600;3824;4095;4095
3;3605;3825;4095;4095
3;3601;3829;4095;4095
3;3583;3827;4095;4095
3;3600;3823;4095;4095
3;3603;3824;4095;4095
3;3599;3826;4095;4095
3;3602;3824;4095;4095
3;3600;3824;4095;4095
3;3601;3830;4095;4095
3;3600;3825;4095;4095
3;3601;3824;4095;4095
3;3599;3824;4095;4095
3;3602;3824;4095;4095
3;3600;3821;4095;4095
3;3602;3821;4095;4095
3;3601;3828;4095;4095
3;3603;3827;4095;4095
3;3606;3824;4095;4095
3;3602;3824;4095;4095
3;3607;3822;4095;4095
3;3598;3825;4095;4095
3;3606;3830;4095;4095
3;3605;3825;4095;4095
3;3600;3825;4095;4095
3;3610;3823;4095;4095
3;3611;3826;4095;4095
3;3605;3824;4095;4095
3;3602;3824;4095;4095
3;3600;3828;4095;4095
3;3600;3826;4095;4095
3;3600;3824;4095;4095
3;3607;3825;4095;4095
3;3603;3824;4095;4095
3;3601;3827;4095;4095
3;3601;3821;4095;4095
3;3600;3822;4095;4095
3;3600;3825;4095;4095
3;3603;3822;4095;4095
3;3602;3826;4095;4095
3;3602;3826;4095;4095
3;3605;3824;4095;4095
3;3600;3823;4095;4095
3;3600;3824;4095;4095
3;3610;3827;4095;4095
3;3602;3825;4095;4095
3;3603;3831;4095;4095
3;3600;3830;4095;4095
3;3600;3830;4095;4095
3;3603;3825;4095;4095
3;3597;3824;4095;4095
3;3603;3824;4095;4095
3;3602;3826;4095;4095
3;3599;3824;4095;4095
3;3604;3823;4095;4095
3;3602;3825;4095;4095
3;3602;3825;4095;4095
3;3606;3830;4095;4095
3;3603;3824;4095;4095
3;3610;3824;4095;4095
3;3598;3824;4095;4095
3;3600;3827;4095;4095
3;3595;3825;4095;4095
3;3601;3823;4095;4095
3;3601;3827;4095;4095
3;3606;3827;4095;4095
3;3600;3827;4095;4095
3;3604;3827;4095;4095
3;3600;3826;4095;4095
3;3604;3824;4095;4095
3;3606;3829;4095;4095
3;3609;3829;4095;4095
3;3603;3824;4095;4095
3;3598;3827;4095;4095
3;3601;3825;4095;4095
3;3600;3826;4095;4095
3;3606;3826;4095;4095
3;3603;3831;4095;4095
3;3604;3827;4095;4095
3;3612;3830;4095;4095
3;3601;3826;4095;4095
3;3609;3829;4095;4095
3;3603;3834;4095;4095
3;3605;3830;4095;4095
3;3607;3824;4095;4095
3;3605;3825;4095;4095
3;3604;3826;4095;4095
3;3607;3838;4095;4095
3;3601;3825;4095;4095
3;3614;3825;4095;4095
3;3609;3826;4095;4095
3;3594;3826;4095;4095
3;3606;3826;4095;4095
3;3603;3824;4095;4095
3;3605;3828;4095;4095
3;3600;3832;4095;4095
3;3602;3830;4095;4095
3;3603;3825;4095;4095
3;3610;3839;4095;4095
3;3607;3827;4095;4095
3;3597;3829;4095;4095
3;3611;3824;4095;4095
3;3602;3824;4095;4095
3;3603;3824;4095;4095
3;3602;3824;4095;4095
3;3600;3826;4095;4095
3;3597;3830;4095;4095
3;3597;3825;4095;4095
3;3605;3825;4095;4095
3;3616;3824;4095;4095
3;3600;3825;4095;4095
3;3603;3833;4095;4095
3;3609;3825;4095;4095
3;3597;3826;4095;4095
3;3600;3824;4095;4095
3;3604;3826;4095;4095
3;3610;3826;4095;4095
3;3605;3826;4095;4095
3;3615;3825;4095;4095
3;3606;3823;4095;4095
3;3604;3827;4095;4095
3;3605;3824;4095;4095
3;3601;3823;4095;4095
3;3613;3824;4095;4095
3;3605;3833;4095;4095
3;3610;3826;4095;4095
3;3602;3828;4095;4095
3;3603;3827;4095;4095
3;3601;3825;4095;4095
3;3615;3826;4095;4095
3;3598;3825;4095;4095
3;3602;3825;4095;4095
3;3600;3827;4095;4095
3;3603;3830;4095;4095
3;3606;3826;4095;4095
3;3604;3830;4095;4095
3;3605;3824;4095;4095
3;3604;3835;4095;4095
3;3607;3827;4095;4095
3;3606;3831;4095;4095
3;3601;3824;4095;4095
3;3613;3824;4095;4095
3;3602;3824;4095;4095
3;3600;3824;4095;4095
3;3601;3826;4095;4095
3;3605;3825;4095;4095
3;3597;3824;4095;4095
3;3605;3825;4095;4095
3;3605;3830;4095;4095
3;3604;3824;4095;4095
3;3607;3825;4095;4095
3;3603;3824;4095;4095
3;3600;3831;4095;4095
3;3608;3826;4095;4095
3;3603;3829;4095;4095
3;3600;3826;4095;4095
3;3600;3829;4095;4095
3;3601;3826;4095;4095
3;3607;3828;4095;4095
3;3616;3825;4095;4095
3;3605;3829;4095;4095
3;3610;3835;4095;4095
3;3613;3830;4095;4095
3;3606;3825;4095;4095
3;3596;3826;4095;4095
3;3609;3830;4095;4095
3;3606;3830;4095;4095
3;3612;3824;4095;4095
3;3600;3827;4095;4095
3;3609;3828;4095;4095
3;3602;3824;4095;4095
3;3600;3826;4095;4095
3;3606;3829;4095;4095
3;3604;3825;4095;4095
3;3609;3831;4095;4095
3;3604;3827;4095;4095
3;3609;3824;4095;4095
3;3606;3827;4095;4095
3;3605;3826;4095;4095
3;3612;3830;4095;4095
3;3605;3830;4095;4095
3;3617;3830;4095;4095
3;3610;3831;4095;4095
3;3611;3829;4095;4095
3;3602;3828;4095;4095
3;3600;3829;4095;4095
3;3605;3830;4095;4095
3;3605;3827;4095;4095
3;3605;3830;4095;4095
3;3606;3829;4095;4095
3;3609;3834;4095;4095
3;3607;3835;4095;4095
3;3611;3827;4095;4095
3;3607;3830;4095;4095
3;3606;3829;4095;4095
3;3615;3826;4095;4095
3;3600;3829;4095;4095
3;3603;3833;4095;4095
3;3606;3826;4095;4095
3;3607;3831;4095;4095
3;3607;3826;4095;4095
3;3614;3835;4095;4095
4;3601;3826;4095;4095
4;3600;3826;4095;4095
4;3610;3824;4095;4095
4;3606;3830;4095;4095
4;3603;3824;4095;4095
4;3600;3828;4095;4095
4;3605;3824;4095;4095
4;3602;3829;4095;4095
4;3601;3825;4095;4095
4;3599;3825;4095;4095
4;3605;3830;4095;4095
4;3599;3830;4095;4095
4;3611;3824;4095;4095
4;3603;3830;4095;4095
4;3602;3830;4095;4095
4;3601;3824;4095;4095
4;3605;3822;4095;4095
4;3599;3825;4095;4095
4;3600;3824;4095;4095
4;3600;3824;4095;4095
4;3605;3824;4095;4095
4;3607;3828;4095;4095
4;3603;3824;4095;4095
4;3598;3824;4095;4095
4;3611;3825;4095;4095
4;3603;3824;4095;4095
4;3609;3824;4095;4095
4;3602;3827;4095;4095
4;3610;3826;4095;4095
4;3601;3823;4095;4095
4;3607;3824;4095;4095
4;3609;3833;4095;4095
4;3605;3826;4095;4095
4;3607;3826;4095;4095
4;3603;3826;4095;4095
4;3601;3829;4095;4095
4;3607;3829;4095;4095
4;3600;3825;4095;4095
4;3607;3827;4095;4095
4;3607;3827;4095;4095
4;3601;3824;4095;4095
4;3603;3826;4095;4095
4;3602;3824;4095;4095
4;3601;3824;4095;4095
4;3603;3827;4095;4095
4;3605;3826;4095;4095
4;3602;3829;4095;4095
4;3605;3826;4095;4095
4;3600;3826;4095;4095
4;3600;3831;4095;4095
4;3601;3824;4095;4095
4;3600;3824;4095;4095
4;3599;3835;4095;4095
4;3603;3824;4095;4095
4;3600;3824;4095;4095
4;3601;3823;4095;4095
4;3600;3820;4095;4095
4;3600;3818;4095;4095
4;3599;3823;4095;4095
4;3591;3824;4095;4095
4;3600;3827;4095;4095
4;3598;3823;4095;4095
4;3597;3820;4095;4095
4;3600;3815;4095;4095
4;3600;3822;4095;4095
4;3598;3819;4095;4095
4;3596;3826;4095;4095
4;3600;3824;4095;4095
4;3600;3821;4095;4095
4;3603;3821;4095;4095
4;3602;3823;4095;4095
4;3605;3819;4095;4095
4;3600;3820;4095;4095
4;3597;3822;4095;4095
4;3599;3821;4095;4095
4;3600;3817;4095;4095
4;3593;3823;4095;4095
4;3601;3819;4095;4095
4;3599;3823;4095;4095
4;3600;3824;4095;4095
4;3583;3819;4095;4095
4;3598;3827;4095;4095
4;3601;3824;4095;4095
4;3593;3819;4095;4095
4;3600;3828;4095;4095
4;3601;3825;4095;4095
4;3599;3821;4095;4095
4;3596;3830;4095;4095
4;3583;3821;4095;4095
4;3600;3824;4095;4095
4;3600;3818;4095;4095
4;3598;3824;4095;4095
4;3600;3822;4095;4095
4;3600;3818;4095;4095
4;3591;3821;4095;4095
4;3600;3823;4095;4095
4;3592;3825;4095;4095
4;3601;3815;4095;4095
4;3591;3817;4095;4095
4;3598;3819;4095;4095
4;3599;3824;4095;4095
4;3600;3824;4095;4095
4;3595;3823;4095;4095
4;3603;3818;4095;4095
4;3601;3824;4095;4095
4;3600;3824;4095;4095
4;3599;3821;4095;4095
4;3599;3823;4095;4095
4;3600;3824;4095;4095
4;3598;3826;4095;4095
4;3600;3824;4095;4095
4;3601;3823;4095;4095
4;3603;3825;4095;4095
4;3599;3822;4095;4095
4;3593;3823;4095;4095
4;3596;3818;4095;4095
4;3600;3823;4095;4095
4;3604;3829;4095;4095
4;3601;3819;4095;4095
4;3600;3825;4095;4095
4;3600;3828;4095;4095
4;3591;3825;4095;4095
4;3603;3822;4095;4095
4;3598;3822;4095;4095
4;3600;3824;4095;4095
4;3600;3819;4095;4095
4;3600;3825;4095;4095
4;3600;3822;4095;4095
4;3600;3823;4095;4095
4;3599;3829;4095;4095
4;3600;3822;4095;4095
4;3595;3822;4095;4095
4;3600;3824;4095;4095
4;3600;3823;4095;4095
4;3607;3820;4095;4095
4;3602;3825;4095;4095
4;3597;3824;4095;4095
4;3600;3825;4095;4095
4;3601;3819;4095;4095
4;3600;3823;4095;4095
4;3600;3818;4095;4095
4;3603;3815;4095;4095
4;3600;3823;4095;4095
4;3598;3823;4095;4095
4;3606;3822;4095;4095
4;3603;3821;4095;4095
4;3594;3824;4095;4095
4;3600;3822;4095;4095
4;3601;3818;4095;4095
4;3600;3823;4095;4095
4;3600;3824;4095;4095
4;3597;3823;4095;4095
4;3600;3824;4095;4095
4;3595;3819;4095;4095
4;3591;3818;4095;4095
4;3594;3819;4095;4095
4;3601;3815;4095;4095
4;3600;3817;4095;4095
4;3601;3824;4095;4095
4;3598;3824;4095;4095
4;3600;3829;4095;4095
4;3613;3829;4095;4095
4;3606;3830;4095;4095
4;3598;3825;4095;4095
4;3601;3824;4095;4095
4;3600;3824;4095;4095
4;3600;3824;4095;4095
4;3601;3824;4095;4095
4;3601;3826;4095;4095
4;3626;3854;4095;4095
4;3633;3852;4095;4095
4;3628;3856;4095;4095
4;3633;3847;4095;4095
4;3628;3854;4095;4095
4;3627;3851;4095;4095
4;3626;3852;4095;4095
4;3623;3853;4095;4095
4;3627;3840;4095;4095
4;3623;3843;4095;4095
4;3627;3846;4095;4095
4;3629;3846;4095;4095
4;3623;3841;4095;4095
4;3622;3846;4095;4095
4;3616;3849;4095;4095
4;3623;3842;4095;4095
4;3617;3842;4095;4095
4;3617;3846;4095;4095
4;3623;3841;4095;4095
4;3623;3847;4095;4095
4;3614;3842;4095;4095
4;3620;3843;4095;4095
4;3621;3839;4095;4095
4;3621;3843;4095;4095
4;3618;3846;4095;4095
4;3623;3837;4095;4095
4;3621;3843;4095;4095
4;3620;3841;4095;4095
4;3610;3836;4095;4095
4;3622;3835;4095;4095
4;3618;3838;4095;4095
4;3606;3839;4095;4095
4;3617;3833;4095;4095
4;3616;3839;4095;4095
4;3616;3839;4095;4095
4;3611;3847;4095;4095
4;3615;3840;4095;4095
4;3604;3831;4095;4095
4;3617;3842;4095;4095
4;3613;3834;4095;4095
4;3617;3838;4095;4095
4;3617;3840;4095;4095
4;3619;3835;4095;4095
4;3613;3831;4095;4095
4;3617;3834;4095;4095
4;3615;3843;4095;4095
4;3614;3837;4095;4095
4;3606;3839;4095;4095
4;3614;3836;4095;4095
4;3613;3837;4095;4095
4;3616;3838;4095;4095
4;3621;3838;4095;4095
4;3616;3834;4095;4095
4;3612;3831;4095;4095
4;3610;3835;4095;4095
4;3611;3842;4095;4095
4;3617;3836;4095;4095
4;3614;3833;4095;4095
4;3613;3835;4095;4095
4;3611;3830;4095;4095
4;3611;3829;4095;4095
4;3611;3831;4095;4095
4;3607;3834;4095;4095
4;3617;3841;4095;4095
4;3606;3830;4095;4095
4;3613;3830;4095;4095
4;3611;3831;4095;4095
4;3609;3836;4095;4095
4;3606;3840;4095;4095
4;3611;3831;4095;4095
4;3611;3831;4095;4095
4;3601;3831;4095;4095
4;3611;3830;4095;4095
4;3605;3831;4095;4095
4;3612;3829;4095;4095
4;3607;3833;4095;4095
4;3613;3830;4095;4095
4;3607;3828;4095;4095
4;3610;3833;4095;4095
4;3609;3834;4095;4095
4;3609;3827;4095;4095
4;3610;3835;4095;4095
4;3615;3831;4095;4095
4;3611;3826;4095;4095
4;3613;3831;4095;4095
4;3616;3826;4095;4095
4;3607;3837;4095;4095
4;3609;3827;4095;4095
4;3609;3834;4095;4095
4;3614;3826;4095;4095
4;3606;3827;4095;4095
4;3610;3829;4095;4095
4;3605;3831;4095;4095
4;3610;3831;4095;4095
4;3607;3827;4095;4095
4;3606;3833;4095;4095
4;3600;3831;4095;4095
4;3614;3834;4095;4095
4;3609;3830;4095;4095
4;3600;3829;4095;4095
4;3612;3825;4095;4095
4;3608;3834;4095;4095
4;3610;3831;4095;4095
4;3610;3833;4095;4095
4;3612;3833;4095;4095
4;3609;3840;4095;4095
4;3600;3828;4095;4095
4;3613;3835;4095;4095
4;3610;3835;4095;4095
4;3605;3833;4095;4095
4;3615;3831;4095;4095
4;3611;3834;4095;4095
4;3612;3834;4095;4095
4;3611;3830;4095;4095
4;3601;3829;4095;4095
5;3610;3829;4095;4095
5;3600;3836;4095;4095
5;3603;3830;4095;4095
5;3613;3830;4095;4095
5;3610;3831;4095;4095
5;3609;3833;4095;4095
5;3615;3831;4095;4095
5;3615;3841;4095;4095
5;3614;3831;4095;4095
5;3600;3828;4095;4095
5;3607;3834;4095;4095
5;3609;3829;4095;4095
5;3611;3827;4095;4095
5;3607;3829;4095;4095
5;3607;3831;4095;4095
5;3604;3829;4095;4095
5;3611;3827;4095;4095
5;3606;3827;4095;4095
5;3605;3830;4095;4095
5;3602;3833;4095;4095
5;3600;3829;4095;4095
5;3619;3834;4095;4095
5;3606;3827;4095;4095
5;3609;3831;4095;4095
5;3610;3833;4095;4095
5;3609;3829;4095;4095
5;3612;3830;4095;4095
5;3600;3831;4095;4095
5;3613;3838;4095;4095
5;3610;3829;4095;4095
5;3611;3831;4095;4095
5;3615;3839;4095;4095
5;3614;3830;4095;4095
5;3611;3839;4095;4095
5;3616;3829;4095;4095
5;3611;3840;4095;4095
5;3600;3829;4095;4095
5;3616;3837;4095;4095
5;3600;3839;4095;4095
5;3611;3830;4095;4095
5;3615;3830;4095;4095
5;3615;3826;4095;4095
5;3603;3830;4095;4095
5;3611;3825;4095;4095
5;3617;3829;4095;4095
5;3606;3825;4095;4095
5;3603;3831;4095;4095
5;3601;3836;4095;4095
5;3609;3830;4095;4095
5;3619;3831;4095;4095
5;3606;3831;4095;4095
5;3610;3831;4095;4095
5;3600;3829;4095;4095
5;3614;3825;4095;4095
5;3607;3828;4095;4095
5;3600;3823;4095;4095
5;3610;3827;4095;4095
5;3602;3824;4095;4095
5;3607;3837;4095;4095
5;3615;3826;4095;4095
5;3600;3834;4095;4095
5;3606;3829;4095;4095
5;3608;3825;4095;4095
5;3613;3827;4095;4095
5;3609;3826;4095;4095
5;3610;3830;4095;4095
5;3606;3829;4095;4095
5;3609;3829;4095;4095
5;3598;3831;4095;4095
5;3611;3824;4095;4095
5;3606;3829;4095;4095
5;3609;3827;4095;4095
5;3603;3824;4095;4095
5;3607;3835;4095;4095
5;3603;3829;4095;4095
5;3605;3830;4095;4095
5;3600;3827;4095;4095
5;3605;3832;4095;4095
5;3603;3829;4095;4095
5;3611;3825;4095;4095
5;3606;3834;4095;4095
5;3600;3827;4095;4095
5;3606;3824;4095;4095
5;3607;3826;4095;4095
5;3602;3825;4095;4095
5;3603;3830;4095;4095
5;3600;3835;4095;4095
5;3607;3830;4095;4095
5;3609;3825;4095;4095
5;3603;3832;4095;4095
5;3602;3829;4095;4095
5;3607;3825;4095;4095
5;3605;3826;4095;4095
5;3605;3828;4095;4095
5;3607;3825;4095;4095
5;3601;3827;4095;4095
5;3611;3835;4095;4095
5;3612;3825;4095;4095
5;3610;3829;4095;4095
5;3600;3827;4095;4095
5;3600;3824;4095;4095
5;3606;3830;4095;4095
5;3607;3826;4095;4095
5;3601;3831;4095;4095
5;3600;3831;4095;4095
5;3605;3827;4095;4095
5;3600;3826;4095;4095
5;3610;3837;4095;4095
5;3610;3824;4095;4095
5;3607;3829;4095;4095
5;3610;3827;4095;4095
5;3612;3837;4095;4095
5;3611;3829;4095;4095
5;3606;3825;4095;4095
5;3614;3829;4095;4095
5;3605;3830;4095;4095
5;3599;3827;4095;4095
5;3607;3829;4095;4095
5;3607;3838;4095;4095
5;3606;3832;4095;4095
5;3602;3834;4095;4095
5;3602;3829;4095;4095
5;3607;3829;4095;4095
5;3607;3831;4095;4095
5;3613;3825;4095;4095
5;3609;3838;4095;4095
5;3605;3826;4095;4095
5;3611;3831;4095;4095
5;3603;3833;4095;4095
5;3609;3830;4095;4095
5;3603;3834;4095;4095
5;3614;3834;4095;4095
5;3617;3825;4095;4095
5;3607;3831;4095;4095
5;3613;3832;4095;4095
5;3610;3830;4095;4095
5;3603;3834;4095;4095
5;3609;3827;4095;4095
5;3611;3829;4095;4095
5;3612;3827;4095;4095
5;3607;3830;4095;4095
5;3610;3828;4095;4095
5;3605;3830;4095;4095
5;3616;3831;4095;4095
5;3601;3830;4095;4095
5;3600;3830;4095;4095
5;3600;3829;4095;4095
5;3607;3829;4095;4095
5;3603;3842;4095;4095
5;3611;3834;4095;4095
5;3609;3840;4095;4095
5;3607;3835;4095;4095
5;3606;3840;4095;4095
5;3613;3840;4095;4095
5;3608;3825;4095;4095
5;3609;3831;4095;4095
5;3608;3831;4095;4095
