1;2957;3259;3934;4082
1;2960;3258;3932;4095
1;2957;3258;3931;4082
1;2957;3261;3937;4087
1;2957;3261;3927;4081
1;2951;3258;3941;4076
1;2953;3257;3929;4085
1;2955;3260;3934;4083
1;2946;3259;3935;4084
1;2951;3261;3936;4087
1;2955;3262;3941;4086
1;2954;3262;3936;4081
1;2951;3259;3939;4090
1;2951;3255;3929;4089
1;2950;3254;3934;4087
1;2953;3262;3935;4087
1;2947;3254;3938;4085
1;2949;3252;3935;4083
1;2948;3253;3937;4091
1;2951;3258;3935;4085
1;2950;3254;3938;4082
1;2951;3254;3935;4093
1;2953;3255;3937;4095
1;2954;3262;3923;4081
1;2951;3257;3935;4081
1;2951;3257;3938;4080
1;2950;3254;3938;4082
1;2951;3253;3937;4092
1;2974;3270;3935;4085
1;2983;3280;3952;4086
1;2983;3286;3957;4090
1;2926;3258;3957;4095
1;3030;3317;3943;4086
1;2971;3275;3937;4081
1;2971;3276;3936;4084
1;3013;3309;3947;4089
1;3061;3346;3969;4095
1;3005;3311;3981;4095
1;2944;3261;3952;4095
1;2945;3264;3948;4095
1;2938;3261;3951;4095
1;2939;3260;3952;4095
1;2940;3255;3954;4093
1;2938;3254;3947;4095
1;2937;3255;3959;4095
1;2935;3254;3946;4095
1;2939;3254;3949;4095
1;2935;3254;3952;4094
1;2941;3254;3947;4095
1;2938;3253;3948;4095
1;2934;3254;3952;4095
1;2932;3250;3948;4095
1;2930;3255;3953;4095
1;2928;3251;3948;4093
1;2936;3254;3962;4095
1;2934;3254;3953;4089
1;2934;3257;3945;4091
1;2934;3258;3942;4095
1;2933;3249;3955;4095
1;2935;3249;3952;4091
1;2929;3255;3952;4093
1;2929;3253;3947;4094
1;2928;3248;3952;4095
1;2930;3249;3948;4094
1;2928;3248;3950;4095
1;2928;3243;3937;4094
1;2928;3247;3952;4093
1;2927;3246;3946;4095
1;2928;3246;3954;4095
1;2928;3247;3950;4095
1;2928;3243;3951;4090
1;2925;3243;3951;4089
1;2928;3247;3950;4093
1;2919;3245;3945;4090
1;2927;3247;3942;4095
1;2927;3248;3951;4095
1;2927;3248;3952;4090
1;2926;3246;3949;4095
1;2928;3245;3948;4095
1;2926;3242;3950;4095
1;2926;3246;3952;4095
1;2926;3246;3950;4095
1;2929;3248;3936;4091
1;2928;3247;3939;4095
1;2928;3248;3938;4093
1;2927;3247;3947;4094
1;2928;3249;3947;4095
1;2927;3246;3952;4095
1;2928;3247;3949;4095
1;2928;3245;3949;4095
1;2925;3246;3954;4093
1;2923;3242;3950;4095
1;2928;3246;3958;4095
1;2925;3242;3941;4095
1;2919;3245;3951;4085
1;2926;3243;3951;4095
1;2926;3246;3943;4091
1;2922;3245;3947;4094
1;2923;3243;3946;4095
1;2927;3247;3947;4095
1;2928;3246;3950;4095
1;2928;3248;3943;4095
1;2928;3247;3948;4095
1;2928;3248;3949;4095
1;2929;3248;3952;4094
1;2926;3249;3949;4093
1;2928;3248;3946;4095
1;2928;3248;3943;4095
1;2928;3247;3950;4095
1;2926;3246;3951;4091
1;2927;3248;3947;4095
1;2926;3248;3947;4095
1;2927;3246;3945;4095
1;2926;3246;3941;4095
1;2923;3248;3942;4095
1;2926;3248;3947;4095
1;2925;3243;3945;4095
1;2925;3243;3949;4091
1;2925;3245;3951;4095
1;2926;3246;3949;4095
1;2925;3246;3952;4095
1;2923;3247;3946;4095
1;2921;3246;3952;4095
1;2922;3247;3949;4095
1;2921;3244;3950;4093
1;2923;3248;3951;4095
1;2926;3248;3947;4091
1;2923;3248;3946;4094
1;2919;3248;3946;4095
1;2925;3246;3941;4095
1;2919;3246;3952;4094
1;2923;3247;3948;4090
1;2925;3247;3943;4095
1;2923;3247;3950;4095
1;2925;3248;3945;4095
1;2926;3246;3947;4095
1;2922;3246;3951;4095
1;2922;3246;3948;4095
1;2924;3248;3947;4094
1;2923;3241;3952;4095
1;2926;3244;3950;4095
1;2919;3247;3943;4095
1;2925;3248;3950;4095
1;2923;3245;3951;4095
1;2921;3248;3952;4095
1;2927;3248;3951;4095
1;2924;3247;3948;4095
1;2928;3248;3945;4095
1;2927;3249;3945;4095
1;2925;3248;3945;4095
1;2924;3249;3934;4095
1;2921;3247;3943;4095
1;2925;3248;3952;4095
1;2924;3245;3948;4095
1;2923;3248;3952;4095
1;2924;3246;3951;4095
1;2922;3248;3945;4095
1;2919;3248;3952;4095
1;2922;3248;3953;4095
1;2922;3248;3949;4095
1;2922;3245;3950;4095
1;2922;3247;3951;4095
1;2917;3241;3952;4094
1;2917;3245;3946;4095
1;2916;3243;3949;4095
1;2914;3244;3948;4095
1;2919;3247;3950;4095
1;2924;3247;3947;4095
1;2919;3247;3949;4095
1;2924;3248;3942;4095
1;2928;3251;3945;4095
1;2926;3250;3943;4095
1;2925;3247;3952;4095
1;2925;3248;3947;4095
1;2919;3247;3952;4095
1;2925;3248;3951;4095
1;2921;3248;3953;4095
1;2917;3245;3951;4095
1;2919;3247;3951;4095
1;2923;3246;3952;4095
1;2917;3243;3950;4095
1;2918;3243;3945;4095
1;2922;3244;3949;4095
1;2923;3245;3943;4095
1;2923;3245;3952;4095
1;2922;3245;3947;4095
1;2919;3245;3951;4095
1;2921;3248;3952;4095
1;2923;3248;3971;4095
1;2919;3245;3945;4095
1;2922;3246;3950;4095
1;2919;3243;3942;4095
1;2921;3246;3950;4095
1;2915;3247;3945;4090
1;2923;3243;3949;4095
1;2921;3245;3947;4095
1;2923;3246;3945;4095
1;2919;3244;3958;4095
1;2918;3243;3947;4095
1;2913;3245;3950;4095
1;2918;3242;3938;4095
1;2917;3246;3949;4093
1;2919;3242;3946;4095
1;2919;3245;3947;4095
1;2917;3245;3947;4095
1;2918;3246;3946;4095
1;2926;3246;3948;4095
1;2919;3245;3953;4095
1;2914;3246;3945;4095
1;2917;3247;3951;4095
1;2921;3243;3949;4095
1;2919;3246;3945;4095
1;2914;3245;3945;4095
1;2914;3242;3950;4095
1;2913;3244;3943;4095
1;2912;3244;3949;4095
1;2915;3245;3941;4095
1;2914;3242;3948;4095
1;2913;3244;3943;4095
1;2913;3237;3950;4094
1;2913;3243;3948;4092
1;2917;3247;3953;4095
1;2922;3246;3946;4095
1;2922;3247;3948;4095
1;2912;3241;3953;4095
1;2919;3245;3957;4095
1;2918;3246;3952;4095
1;2922;3247;3952;4095
1;2921;3244;3955;4095
1;2918;3241;3943;4095
1;2919;3239;3948;4095
1;2919;3243;3943;4095
1;2919;3243;3964;4095
1;2915;3242;3952;4095
1;2916;3245;3953;4095
1;2915;3247;3952;4094
1;2917;3243;3950;4095
1;2919;3243;3949;4095
1;2918;3242;3950;4095
1;2918;3244;3952;4095
1;2917;3242;3952;4095
1;2917;3245;3959;4092
1;2918;3244;3948;4095
1;2922;3245;3944;4095
1;2922;3247;3952;4095
1;2914;3244;3943;4095
1;2915;3243;3952;4095
1;2919;3245;3943;4095
1;2917;3246;3951;4094
1;2917;3247;3952;4095
1;2917;3246;3952;4095
1;2915;3241;3943;4095
1;2913;3246;3947;4094
1;2918;3248;3952;4095
1;2914;3242;3943;4091
1;2918;3243;3943;4095
1;2921;3247;3952;4095
1;2923;3248;3951;4095
1;2922;3248;3955;4094
1;2920;3246;3952;4093
1;2922;3247;3943;4095
1;2923;3248;3952;4095
1;2912;3244;3951;4095
1;2898;3231;3957;4095
1;2915;3246;3951;4095
1;2913;3243;3954;4095
1;2915;3246;3952;4095
1;2923;3247;3949;4095
1;2925;3248;3952;4095
1;2921;3247;3952;4095
1;2918;3248;3952;4095
1;2912;3242;3952;4095
1;2914;3245;3945;4095
1;2917;3243;3949;4095
1;2914;3245;3950;4095
1;2915;3242;3950;4095
1;2913;3246;3953;4095
1;2911;3242;3949;4095
1;2923;3247;3950;4095
1;2922;3248;3949;4095
1;2921;3250;3951;4095
1;2928;3249;3948;4095
1;2926;3249;3952;4095
1;2926;3250;3953;4095
1;2928;3248;3952;4095
1;2923;3249;3961;4095
1;2923;3249;3952;4095
1;2920;3248;3947;4095
1;2923;3248;3955;4095
1;2917;3248;3948;4095
1;2921;3247;3947;4094
1;2917;3247;3951;4095
1;2923;3246;3952;4095
1;2913;3247;3954;4095
1;2926;3248;3951;4095
1;2923;3248;3952;4095
1;2923;3250;3949;4095
1;2927;3252;3954;4095
1;2927;3250;3952;4095
1;2927;3252;3952;4095
1;2921;3250;3953;4095
1;2919;3250;3953;4095
1;2925;3249;3952;4095
1;2922;3248;3950;4095
1;2921;3248;3951;4094
1;2919;3247;3952;4095
1;2922;3246;3954;4095
1;2921;3249;3948;4095
1;2919;3248;3952;4095
1;2922;3247;3950;4095
1;2928;3250;3951;4095
1;2923;3249;3949;4095
1;2923;3248;3950;4095
1;2923;3249;3949;4095
1;2922;3248;3954;4095
1;2923;3248;3951;4095
1;2919;3247;3952;4095
1;2923;3247;3949;4095
1;2921;3247;3945;4095
1;2919;3243;3951;4095
2;2919;3244;3950;4095
2;2921;3247;3952;4095
2;2919;3248;3951;4095
2;2922;3246;3949;4095
2;2922;3248;3946;4095
2;2922;3245;3952;4095
2;2919;3245;3951;4090
2;2918;3247;3951;4092
2;2912;3243;3962;4095
2;2914;3243;3955;4095
2;2907;3242;3952;4095
2;2915;3244;3951;4095
2;2922;3244;3946;4095
2;2920;3248;3948;4095
2;2928;3250;3958;4095
2;2925;3248;3949;4095
2;2918;3246;3948;4095
2;2918;3244;3945;4095
2;2919;3246;3952;4095
2;2918;3246;3949;4095
2;2913;3245;3949;4095
2;2919;3244;3949;4095
2;2919;3246;3948;4095
2;2922;3245;3952;4095
2;2922;3247;3947;4095
2;2917;3248;3955;4095
2;2913;3247;3937;4095
2;2918;3248;3955;4090
2;2918;3245;3951;4091
2;2917;3246;3951;4095
2;2922;3245;3947;4087
2;2916;3248;3952;4095
2;2925;3249;3953;4095
2;2925;3250;3952;4095
2;2925;3251;3952;4095
2;2924;3250;3947;4095
2;2925;3248;3952;4095
2;2919;3253;3952;4095
2;2919;3252;3947;4095
2;2924;3248;3952;4095
2;2925;3248;3952;4095
2;2924;3248;3951;4095
2;2919;3248;3952;4095
2;2922;3248;3952;4095
2;2921;3249;3952;4095
2;2928;3248;3952;4095
2;2923;3248;3959;4095
2;2917;3248;3957;4095
2;2922;3248;3955;4095
2;2913;3248;3959;4095
2;2914;3248;3961;4095
2;2913;3248;3965;4095
2;2913;3248;3957;4095
2;2919;3251;3962;4095
2;2919;3252;3965;4095
2;2917;3248;3966;4095
2;2915;3248;3957;4095
2;2913;3248;3952;4095
2;2917;3249;3959;4095
2;2910;3248;3965;4095
2;2915;3249;3965;4095
2;2915;3248;3957;4095
2;2921;3248;3957;4095
2;2916;3248;3953;4095
2;2914;3248;3959;4095
2;2914;3250;3964;4095
2;2919;3249;3968;4095
2;2923;3253;3959;4095
2;2918;3250;3964;4095
2;2919;3249;3958;4095
2;2919;3248;3954;4095
2;2919;3249;3966;4095
2;2919;3250;3961;4095
2;2925;3255;3962;4095
2;2926;3255;3961;4095
2;2928;3263;3965;4095
2;2928;3260;3975;4095
2;2929;3265;3965;4095
2;2931;3261;3968;4095
2;2928;3264;3964;4095
2;2933;3265;3967;4095
2;2930;3259;3966;4095
2;2927;3263;3959;4095
2;2928;3262;3966;4095
2;2927;3262;3959;4095
2;2927;3258;3966;4095
2;2928;3259;3962;4095
2;2928;3259;3969;4095
2;2923;3261;3966;4095
2;2922;3258;3963;4095
2;2917;3253;3971;4095
2;2916;3258;3961;4095
2;2913;3252;3968;4095
2;2915;3254;3964;4095
2;2917;3254;3965;4095
2;2914;3252;3962;4095
2;2914;3251;3961;4095
2;2917;3248;3957;4095
2;2914;3247;3963;4095
2;2922;3251;3963;4095
2;2925;3258;3961;4095
2;2923;3259;3961;4095
2;2925;3253;3963;4095
2;2915;3249;3962;4095
2;2913;3249;3966;4095
2;2916;3249;3963;4095
2;2917;3253;3954;4095
2;2915;3249;3953;4095
2;2915;3248;3952;4095
2;2913;3249;3958;4095
2;2913;3245;3958;4095
2;2914;3245;3953;4095
2;2915;3248;3955;4095
2;2910;3247;3963;4095
2;2913;3246;3958;4095
2;2918;3251;3952;4095
2;2918;3251;3954;4095
2;2918;3251;3961;4095
2;2922;3254;3955;4095
2;2924;3248;3955;4095
2;2916;3250;3953;4095
2;2919;3251;3956;4095
2;2926;3251;3952;4095
2;2923;3251;3954;4095
2;2923;3255;3952;4095
2;2922;3252;3954;4095
2;2922;3253;3961;4095
2;2924;3255;3954;4095
2;2924;3253;3955;4095
2;2922;3253;3957;4095
2;2927;3253;3952;4095
2;2923;3253;3952;4095
2;2922;3253;3952;4095
2;2927;3255;3957;4095
2;2925;3254;3958;4095
2;2925;3255;3959;4095
2;2925;3254;3957;4095
2;2922;3255;3952;4095
2;2921;3249;3953;4095
2;2917;3248;3955;4095
2;2918;3248;3953;4095
2;2917;3251;3954;4095
2;2919;3251;3958;4095
2;2914;3250;3956;4095
2;2918;3248;3958;4095
2;2915;3251;3957;4095
2;2918;3249;3955;4095
2;2918;3251;3953;4095
2;2919;3254;3954;4095
2;2922;3253;3954;4095
2;2922;3251;3954;4095
2;2925;3257;3956;4095
2;2917;3249;3957;4095
2;2914;3248;3956;4095
2;2913;3248;3957;4095
2;2911;3247;3953;4095
2;2914;3248;3961;4095
2;2911;3248;3952;4095
2;2914;3251;3957;4095
2;2912;3248;3957;4095
2;2912;3247;3955;4095
2;2918;3251;3953;4095
2;2919;3249;3967;4095
2;2916;3249;3952;4095
2;2921;3254;3961;4095
2;2921;3253;3955;4095
2;2922;3251;3965;4095
2;2917;3250;3957;4095
2;2918;3251;3958;4095
2;2919;3254;3955;4095
2;2918;3253;3957;4095
2;2921;3252;3962;4095
2;2919;3255;3961;4095
2;2917;3255;3957;4095
2;2923;3253;3952;4095
2;2923;3254;3964;4095
2;2918;3255;3955;4095
2;2922;3254;3952;4095
2;2919;3256;3950;4095
2;2919;3251;3959;4095
2;2925;3255;3959;4095
2;2926;3259;3955;4095
2;2926;3261;3957;4095
2;2928;3261;3961;4095
2;2928;3260;3950;4095
2;2925;3263;3954;4095
2;2925;3259;3959;4095
2;2928;3255;3958;4095
2;2927;3258;3962;4095
2;2928;3262;3959;4095
2;2924;3261;3958;4095
2;2930;3264;3952;4095
2;2928;3264;3954;4095
2;2929;3259;3955;4095
2;2928;3260;3952;4095
2;2929;3262;3952;4095
2;2928;3259;3965;4095
2;2927;3259;3955;4095
2;2928;3260;3958;4095
2;2927;3258;3953;4095
2;2928;3260;3956;4095
2;2925;3258;3952;4095
2;2926;3258;3959;4095
2;2927;3255;3954;4095
2;2926;3263;3954;4095
2;2926;3257;3954;4095
2;2923;3257;3961;4095
2;2924;3261;3954;4095
2;2924;3258;3954;4095
2;2927;3260;3955;4095
2;2928;3261;3954;4095
2;2927;3259;3955;4095
2;2928;3257;3952;4095
2;2927;3260;3951;4095
2;2916;3254;3959;4095
2;2917;3255;3952;4095
2;2914;3249;3956;4095
2;2928;3253;3952;4095
2;2927;3250;3952;4095
2;2917;3249;3947;4095
2;2915;3250;3947;4095
2;2922;3251;3953;4095
2;2923;3248;3951;4095
2;2917;3248;3952;4095
2;2921;3250;3955;4095
2;2918;3248;3952;4095
2;2915;3247;3953;4095
2;2918;3247;3957;4095
2;2915;3244;3952;4095
2;2913;3248;3952;4095
2;2913;3248;3949;4095
2;2913;3248;3955;4095
3;2914;3248;3960;4095
3;2914;3248;3952;4095
3;2912;3246;3946;4095
3;2915;3247;3951;4095
3;2911;3245;3954;4095
3;2915;3247;3953;4095
3;2912;3248;3950;4095
3;2912;3247;3952;4095
3;2911;3247;3952;4095
3;2914;3248;3952;4095
3;2915;3245;3960;4095
3;2912;3250;3968;4095
3;2913;3248;3963;4095
3;2917;3249;3957;4095
3;2918;3248;3962;4095
3;2913;3248;3958;4095
3;2914;3246;3955;4095
3;2912;3248;3952;4095
3;2902;3242;3957;4095
3;2909;3248;3952;4095
3;2911;3248;3952;4095
3;2913;3247;3955;4095
3;2910;3249;3957;4095
3;2926;3253;3958;4095
3;2938;3264;3954;4095
3;2944;3271;3967;4095
3;2955;3280;3966;4095
3;2976;3303;3970;4095
3;2948;3275;3958;4095
3;2980;3299;3973;4095
3;3001;3321;3983;4095
3;2990;3310;3981;4095
3;2977;3301;3975;4095
3;2967;3296;3974;4095
3;2961;3292;3971;4095
3;2982;3310;3984;4095
3;2957;3283;3969;4095
3;2981;3308;3993;4095
3;2985;3312;3983;4095
3;2967;3301;3984;4095
3;2978;3312;3984;4095
3;2967;3298;3980;4095
3;2960;3290;3975;4095
3;2995;3344;3991;4095
3;2987;3312;3984;4095
3;2971;3297;3978;4095
3;2967;3298;3983;4095
3;2992;3318;3991;4095
3;2942;3278;3958;4095
3;2954;3280;3974;4095
3;2984;3302;3984;4095
3;2995;3316;3984;4095
3;3045;3370;4005;4095
3;2944;3280;3972;4095
3;2948;3280;3968;4095
3;2947;3280;3959;4095
3;2940;3271;3965;4095
3;2941;3271;3965;4095
3;2939;3271;3965;4095
3;2938;3271;3966;4095
3;2939;3271;3975;4095
3;2937;3269;3959;4095
3;2938;3274;3965;4095
3;2944;3276;3970;4095
3;3011;3331;4000;4095
3;2962;3298;3983;4095
3;2967;3293;3979;4095
3;2996;3318;3978;4095
3;3008;3327;3989;4095
3;2974;3302;3974;4095
3;3024;3345;4000;4095
3;3011;3331;3986;4095
3;3000;3322;3987;4095
3;2995;3326;3986;4095
3;2998;3321;3983;4095
3;2949;3284;3973;4095
3;2951;3280;3970;4095
3;2948;3279;3969;4095
3;2961;3289;3975;4095
3;2944;3277;3962;4095
3;2944;3275;3966;4095
3;2944;3274;3970;4095
3;2942;3274;3967;4095
3;2949;3278;3967;4095
3;2944;3273;3959;4095
3;2942;3270;3962;4095
3;2943;3274;3960;4095
3;2942;3269;3963;4095
3;2943;3275;3962;4095
3;2944;3277;3959;4095
3;2949;3278;3965;4095
3;2943;3273;3957;4095
3;2941;3277;3975;4095
3;2943;3274;3967;4095
3;2944;3275;3965;4095
3;2944;3271;3967;4095
3;2937;3273;3965;4095
3;2942;3270;3968;4095
3;2937;3270;3963;4095
3;2941;3271;3959;4095
3;2941;3271;3967;4095
3;2928;3265;3956;4095
3;2928;3266;3962;4095
3;2932;3266;3964;4095
3;2933;3269;3963;4095
3;2934;3264;3968;4095
3;2933;3266;3959;4095
3;2931;3263;3959;4095
3;2932;3266;3967;4095
3;2931;3264;3963;4095
3;2930;3262;3963;4095
3;2932;3263;3962;4095
3;2931;3264;3956;4095
3;2929;3263;3959;4095
3;2929;3261;3957;4095
3;2935;3265;3958;4095
3;2935;3264;3959;4095
3;2931;3264;3966;4095
3;2934;3265;3957;4095
3;2928;3265;3962;4095
3;2931;3263;3962;4095
3;2928;3266;3969;4095
3;2928;3264;3956;4095
3;2932;3264;3965;4095
3;2934;3264;3958;4095
3;2930;3264;3957;4095
3;2931;3263;3954;4095
3;2933;3262;3953;4095
3;2933;3264;3959;4095
3;2933;3265;3962;4095
3;2934;3263;3954;4095
3;2928;3262;3962;4095
3;2938;3266;3971;4095
3;2941;3267;3971;4095
3;2937;3267;3962;4095
3;2938;3265;3968;4095
3;2938;3264;3955;4095
3;2934;3267;3957;4095
3;2933;3267;3965;4095
3;2930;3263;3965;4095
3;2928;3263;3958;4095
3;2939;3266;3962;4095
3;2942;3266;3955;4095
3;2940;3267;3957;4095
3;2934;3265;3956;4095
3;2940;3267;3952;4095
3;2937;3268;3957;4095
3;2939;3264;3955;4095
3;2934;3264;3957;4095
3;2933;3264;3958;4095
3;2935;3263;3959;4095
3;2932;3262;3961;4095
3;2930;3264;3956;4095
3;2937;3263;3958;4095
3;2933;3264;3962;4095
3;2931;3262;3962;4095
3;2934;3264;3959;4095
3;2931;3265;3967;4095
3;2932;3263;3964;4095
3;2930;3262;3958;4095
3;2932;3262;3952;4095
3;2928;3263;3952;4095
3;2931;3259;3956;4095
3;2931;3264;3957;4095
3;2930;3265;3952;4095
3;2928;3260;3953;4095
3;2929;3264;3955;4095
3;2930;3260;3962;4095
3;2928;3261;3952;4095
3;2930;3263;3952;4095
3;2933;3258;3957;4095
3;2934;3263;3957;4095
3;2933;3262;3952;4095
3;2933;3261;3968;4095
3;2931;3262;3959;4095
3;2929;3264;3954;4095
3;2930;3260;3968;4095
3;2929;3263;3953;4095
3;2932;3263;3959;4095
3;2932;3263;3963;4095
3;2931;3263;3959;4095
3;2936;3263;3953;4095
3;2938;3263;3963;4095
3;2935;3263;3955;4095
3;2935;3264;3959;4095
3;2933;3262;3953;4095
3;2935;3260;3957;4095
3;2931;3264;3962;4095
3;2933;3263;3952;4095
3;2933;3264;3951;4095
3;2933;3263;3970;4095
3;2931;3262;3953;4095
3;2928;3263;3957;4095
3;2928;3262;3959;4095
3;2931;3262;3954;4095
3;2930;3262;3951;4095
3;2929;3262;3964;4095
3;2930;3261;3957;4095
3;2931;3260;3967;4095
3;2928;3263;3964;4095
3;2930;3263;3955;4095
3;2931;3264;3959;4095
3;2933;3266;3957;4095
3;2929;3262;3957;4095
3;2930;3259;3957;4095
3;2931;3262;3957;4095
3;2930;3263;3959;4095
3;2929;3264;3955;4095
3;2928;3259;3957;4095
3;2930;3264;3967;4095
3;2930;3262;3955;4095
3;2929;3264;3953;4095
3;2927;3260;3960;4095
3;2928;3262;3962;4095
3;2931;3263;3963;4095
3;2932;3264;3960;4095
3;2933;3261;3966;4095
3;2931;3263;3963;4095
3;2928;3264;3957;4095
3;2928;3262;3962;4095
3;2928;3262;3952;4095
3;2931;3264;3954;4095
3;2930;3261;3958;4095
3;2934;3264;3959;4095
3;2931;3266;3953;4095
3;2933;3264;3967;4095
3;2932;3267;3956;4095
3;2932;3267;3955;4095
3;2935;3264;3962;4095
3;2932;3265;3966;4095
3;2935;3263;3967;4095
3;2933;3265;3961;4095
3;2932;3266;3958;4095
3;2934;3266;3959;4095
3;2931;3263;3961;4095
3;2933;3267;3959;4095
3;2934;3263;3964;4095
3;2928;3263;3958;4095
3;2933;3265;3955;4095
3;2928;3264;3972;4095
4;2930;3262;3958;4095
4;2931;3266;3952;4095
4;2931;3262;3963;4095
4;2928;3264;3961;4095
4;2930;3261;3966;4095
4;2930;3259;3958;4095
4;2928;3260;3954;4095
4;2931;3264;3967;4095
4;2928;3259;3955;4095
4;2928;3261;3952;4095
4;2928;3259;3962;4095
4;2928;3255;3958;4095
4;2928;3263;3964;4095
4;2928;3261;3953;4095
4;2927;3255;3964;4095
4;2925;3263;3962;4095
4;2929;3260;3961;4095
4;2929;3264;3952;4095
4;2926;3259;3961;4095
4;2926;3254;3957;4095
4;2926;3259;3957;4095
4;2919;3259;3959;4095
4;2927;3256;3957;4095
4;2919;3251;3968;4095
4;2926;3259;3959;4095
4;2925;3261;3963;4095
4;2922;3254;3958;4095
4;2927;3262;3963;4095
4;2928;3261;3962;4095
4;2926;3258;3959;4095
4;2927;3258;3955;4095
4;2928;3262;3966;4095
4;2932;3265;3958;4095
4;2937;3270;3953;4095
4;2972;3298;3982;4095
4;2954;3281;3968;4095
4;2975;3299;3979;4095
4;2977;3301;3984;4095
4;2973;3295;3967;4095
4;2977;3302;3981;4095
4;2987;3312;3969;4095
4;2977;3306;3967;4095
4;2982;3303;3971;4095
4;2985;3302;3967;4095
4;2985;3310;3968;4095
4;2981;3300;3971;4095
4;2978;3301;3967;4095
4;2986;3311;3971;4095
4;2973;3301;3973;4095
4;2984;3306;3969;4095
4;2981;3307;3968;4095
4;2973;3299;3978;4095
4;2961;3293;3981;4095
4;2954;3280;3958;4095
4;2946;3280;3967;4095
4;2945;3280;3968;4095
4;2944;3278;3969;4095
4;2947;3279;3965;4095
4;2936;3278;3965;4095
4;2944;3277;3962;4095
4;2939;3275;3960;4095
4;2943;3279;3969;4095
4;2942;3273;3969;4095
4;2941;3275;3968;4095
4;2944;3280;3968;4095
4;2943;3274;3965;4095
4;2940;3269;3963;4095
4;2937;3275;3968;4095
4;2937;3265;3966;4095
4;2939;3270;3963;4095
4;2934;3273;3962;4095
4;2941;3269;3965;4095
4;2933;3265;3974;4095
4;2946;3277;3968;4095
4;2939;3270;3966;4095
4;2937;3267;3970;4095
4;2941;3270;3964;4095
4;2943;3273;3961;4095
4;2930;3263;3965;4095
4;2937;3270;3967;4095
4;2941;3272;3968;4095
4;2931;3265;3968;4095
4;2935;3265;3965;4095
4;2935;3269;3957;4095
4;2932;3269;3967;4095
4;2935;3266;3968;4095
4;2940;3267;3969;4095
4;2939;3269;3959;4095
4;2933;3265;3966;4095
4;2941;3274;3968;4095
4;2943;3270;3967;4095
4;2934;3269;3978;4095
4;2940;3270;3964;4095
4;2943;3270;3968;4095
4;2943;3270;3966;4095
4;2937;3274;3963;4095
4;2940;3270;3969;4095
4;2935;3269;3965;4095
4;2945;3273;3962;4095
4;2944;3274;3961;4095
4;2945;3277;3971;4095
4;2944;3280;3967;4095
4;2943;3272;3968;4095
4;2939;3279;3963;4095
4;2942;3274;3968;4095
4;2944;3279;3967;4095
4;2942;3278;3973;4095
4;2941;3274;3959;4095
4;2945;3274;3971;4095
4;2941;3270;3966;4095
4;2937;3271;3967;4095
4;2941;3271;3969;4095
4;2945;3273;3968;4095
4;2939;3273;3963;4095
4;2942;3271;3962;4095
4;2940;3273;3974;4095
4;2939;3271;3962;4095
4;2942;3273;3967;4095
4;2942;3269;3966;4095
4;2939;3269;3966;4095
4;2942;3274;3971;4095
4;2939;3276;3968;4095
4;2938;3270;3967;4095
4;2942;3270;3962;4095
4;2941;3277;3966;4095
4;2938;3273;3958;4095
4;2937;3271;3965;4095
4;2940;3270;3958;4095
4;2939;3273;3966;4095
4;2939;3273;3953;4095
4;2941;3271;3963;4095
4;2939;3276;3959;4095
4;2939;3274;3965;4095
4;2939;3273;3967;4095
4;2938;3269;3961;4095
4;2941;3270;3973;4095
4;2942;3271;3971;4095
4;2939;3275;3965;4095
4;2941;3273;3969;4095
4;2939;3273;3966;4095
4;2940;3273;3964;4095
4;2940;3270;3966;4095
4;2942;3273;3969;4095
4;2939;3274;3963;4095
4;2940;3267;3957;4095
4;2941;3269;3963;4095
4;2937;3274;3966;4095
4;2939;3270;3967;4095
4;2939;3271;3965;4095
4;2937;3266;3967;4095
4;2938;3266;3972;4095
4;2935;3269;3968;4095
4;2937;3271;3966;4095
4;2938;3267;3968;4095
4;2943;3270;3966;4095
4;2941;3271;3968;4095
4;2938;3270;3965;4095
4;2938;3274;3957;4095
4;2939;3273;3978;4095
4;2939;3271;3971;4095
4;2939;3271;3969;4095
4;2942;3274;3965;4095
4;2939;3269;3974;4095
4;2941;3273;3968;4095
4;2941;3271;3966;4095
4;2938;3270;3974;4095
4;2941;3269;3968;4095
4;2939;3271;3963;4095
4;2941;3274;3974;4095
4;2941;3271;3964;4095
4;2938;3268;3965;4095
4;2941;3270;3967;4095
4;2937;3271;3967;4095
4;2938;3268;3965;4095
4;2937;3267;3966;4095
4;2934;3269;3969;4095
4;2938;3274;3968;4095
4;2937;3266;3967;4095
4;2936;3267;3965;4095
4;2937;3269;3968;4095
4;2938;3266;3954;4095
4;2937;3268;3967;4095
4;2936;3271;3968;4095
4;2934;3267;3968;4095
4;2938;3271;3966;4095
4;2940;3265;3968;4095
4;2935;3270;3965;4095
4;2933;3269;3969;4095
4;2939;3273;3968;4095
4;2935;3270;3969;4095
4;2937;3270;3974;4095
4;2939;3273;3961;4095
4;2935;3268;3963;4095
4;2933;3266;3968;4095
4;2935;3272;3974;4095
4;2937;3265;3967;4095
4;2937;3265;3963;4095
4;2935;3269;3965;4095
4;2929;3264;3969;4095
4;2936;3268;3961;4095
4;2937;3267;3958;4095
4;2935;3266;3968;4095
4;2933;3266;3963;4095
4;2935;3265;3966;4095
4;2936;3267;3968;4095
4;2937;3267;3962;4095
4;2939;3267;3966;4095
4;2934;3267;3962;4095
4;2940;3269;3967;4095
4;2934;3265;3963;4095
4;2937;3267;3963;4095
4;2935;3267;3965;4095
4;2938;3268;3965;4095
4;2934;3265;3956;4095
4;2934;3266;3962;4095
4;2933;3266;3967;4095
4;2934;3267;3962;4095
4;2933;3265;3961;4095
4;2935;3267;3968;4095
4;2933;3264;3963;4095
4;2933;3266;3968;4095
4;2930;3261;3965;4095
4;2931;3264;3963;4095
4;2938;3265;3966;4095
4;2937;3265;3966;4095
4;2929;3264;3959;4095
4;2928;3264;3967;4095
4;2930;3263;3968;4095
4;2929;3258;3960;4095
4;2929;3259;3971;4095
4;2932;3264;3963;4095
4;2931;3264;3965;4095
4;2930;3262;3969;4095
4;2928;3263;3963;4095
4;2929;3262;3957;4095
4;2931;3261;3961;4095
4;2929;3258;3958;4095
4;2928;3264;3965;4095
4;2933;3262;3967;4095
4;2932;3267;3964;4095
4;2934;3264;3952;4095
4;2934;3264;3965;4095
4;2931;3264;3968;4095
4;2935;3264;3962;4095
4;2938;3273;3969;4095
4;2943;3270;3966;4095
4;2937;3274;3959;4095
4;2941;3274;3975;4095
4;2940;3270;3953;4095
4;2944;3275;3965;4095
4;2944;3274;3954;4095
4;2948;3275;3965;4095
4;2941;3274;3967;4095
4;2951;3280;3956;4095
4;2947;3279;3966;4095
4;2955;3280;3966;4095
4;2950;3280;3957;4095
4;2944;3278;3959;4095
4;2944;3280;3967;4095
4;2947;3278;3965;4095
4;2947;3277;3952;4095
4;2947;3277;3961;4095
4;2946;3276;3963;4095
4;2946;3280;3959;4095
4;2941;3273;3965;4095
4;2933;3269;3969;4095
4;2937;3275;3967;4095
4;2934;3269;3967;4095
4;2938;3266;3956;4095
4;2935;3271;3965;4095
4;2936;3267;3957;4095
4;2932;3263;3961;4095
4;2930;3261;3961;4095
4;2935;3264;3968;4095
4;2933;3263;3968;4095
4;2928;3263;3959;4095
4;2927;3263;3962;4095
4;2928;3260;3962;4095
4;2928;3263;3963;4095
4;2928;3262;3962;4095
4;2926;3264;3972;4095
4;2927;3264;3965;4095
4;2927;3261;3962;4095
4;2928;3262;3952;4095
5;2926;3263;3969;4095
5;2928;3263;3962;4095
5;2928;3264;3977;4095
5;2927;3258;3961;4095
5;2928;3259;3966;4095
5;2925;3260;3959;4095
5;2926;3260;3972;4095
5;2926;3262;3966;4095
5;2928;3262;3968;4095
5;2928;3263;3964;4095
5;2928;3263;3968;4095
5;2928;3263;3966;4095
5;2928;3261;3963;4095
5;2928;3263;3974;4095
5;2928;3261;3969;4095
5;2928;3263;3967;4095
5;2928;3258;3962;4095
5;2928;3263;3968;4095
5;2926;3259;3967;4095
5;2928;3258;3968;4095
5;2928;3262;3973;4095
5;2927;3263;3962;4095
5;2923;3259;3965;4095
5;2927;3258;3953;4095
5;2926;3256;3965;4095
5;2926;3257;3964;4095
5;2928;3261;3974;4095
5;2925;3261;3963;4095
5;2925;3256;3977;4095
5;2926;3263;3969;4095
5;2928;3261;3968;4095
5;2927;3259;3962;4095
5;2928;3260;3974;4095
5;2926;3255;3959;4095
5;2926;3259;3959;4095
5;2923;3255;3969;4095
5;2926;3262;3963;4095
5;2926;3260;3967;4095
5;2923;3255;3965;4095
5;2926;3259;3969;4095
5;2924;3259;3971;4095
5;2917;3253;3966;4095
5;2922;3256;3969;4095
5;2923;3258;3968;4095
5;2923;3258;3962;4095
5;2924;3255;3959;4095
5;2921;3258;3968;4095
5;2925;3253;3965;4095
5;2925;3258;3967;4095
5;2924;3254;3974;4095
5;2926;3256;3961;4095
5;2924;3253;3968;4095
5;2918;3255;3968;4095
5;2922;3257;3968;4095
5;2927;3255;3967;4095
5;2923;3260;3963;4095
5;2923;3258;3968;4095
5;2922;3257;3969;4095
5;2923;3251;3967;4095
5;2919;3257;3959;4095
5;2919;3259;3967;4095
5;2922;3255;3968;4095
5;2919;3258;3970;4095
5;2925;3255;3969;4095
5;2923;3260;3963;4095
5;2921;3262;3973;4095
5;2922;3254;3968;4095
5;2922;3259;3968;4095
5;2922;3263;3966;4095
5;2926;3264;3968;4095
5;2922;3259;3963;4095
5;2922;3255;3964;4095
5;2919;3258;3967;4095
5;2918;3259;3967;4095
5;2921;3258;3971;4095
5;2923;3259;3968;4095
5;2922;3258;3966;4095
5;2923;3257;3958;4095
5;2925;3261;3973;4095
5;2924;3259;3968;4095
5;2923;3261;3964;4095
5;2927;3258;3964;4095
5;2928;3263;3968;4095
5;2923;3263;3969;4095
5;2927;3262;3975;4095
5;2926;3262;3968;4095
5;2928;3263;3968;4095
5;2929;3263;3961;4095
5;2927;3265;3963;4095
5;2928;3263;3966;4095
5;2929;3259;3963;4095
5;2927;3262;3965;4095
5;2927;3265;3967;4095
5;2928;3264;3964;4095
5;2928;3266;3967;4095
5;2930;3264;3966;4095
5;2929;3265;3972;4095
5;2933;3264;3967;4095
5;2928;3264;3965;4095
5;2929;3266;3967;4095
5;2928;3262;3965;4095
5;2928;3262;3969;4095
5;2928;3264;3962;4095
5;2928;3261;3975;4095
5;2928;3261;3964;4095
5;2929;3261;3974;4095
5;2928;3258;3966;4095
5;2928;3264;3965;4095
5;2927;3263;3971;4095
5;2928;3260;3964;4095
5;2925;3259;3973;4095
5;2924;3260;3964;4095
5;2930;3262;3967;4095
5;2928;3263;3969;4095
5;2928;3261;3969;4095
5;2929;3264;3962;4095
5;2928;3259;3964;4095
5;2924;3261;3965;4095
5;2931;3262;3965;4095
5;2928;3262;3967;4095
5;2932;3265;3965;4095
5;2929;3262;3975;4095
5;2929;3262;3967;4095
5;2928;3264;3967;4095
5;2928;3263;3972;4095
5;2930;3263;3965;4095
5;2928;3264;3965;4095
5;2921;3264;3967;4095
5;2928;3264;3978;4095
5;2925;3260;3964;4095
5;2928;3263;3963;4095
5;2928;3261;3963;4095
5;2928;3264;3967;4095
5;2928;3259;3973;4095
5;2928;3262;3967;4095
5;2926;3259;3968;4095
5;2926;3262;3963;4095
5;2928;3257;3963;4095
5;2926;3257;3958;4095
5;2925;3258;3971;4095
5;2923;3257;3965;4095
5;2925;3257;3961;4095
5;2928;3255;3975;4095
5;2926;3262;3957;4095
5;2922;3259;3968;4095
5;2925;3261;3968;4095
5;2926;3260;3971;4095
5;2926;3255;3970;4095
5;2928;3261;3968;4095
5;2927;3260;3968;4095
5;2926;3259;3965;4095
5;2925;3261;3967;4095
5;2922;3257;3964;4095
5;2919;3254;3967;4095
5;2922;3254;3971;4095
5;2927;3254;3962;4095
5;2926;3257;3963;4095
