1;3948;3760;3430;4095
1;3933;3758;3311;4095
1;3925;3758;3470;4095
1;3931;3760;3347;4095
1;3945;3754;3403;4095
1;3936;3763;3344;4095
1;3941;3759;3326;4095
1;3945;3757;3379;4095
1;3933;3757;3462;4095
1;3947;3760;3361;4095
1;3935;3757;3351;4095
1;3938;3761;3282;4095
1;3934;3760;3358;4095
1;3945;3759;3312;4095
1;3931;3763;3293;4095
1;3951;3757;3335;4095
1;3937;3756;3403;4095
1;3935;3759;3339;4095
1;3943;3751;3410;4095
1;3947;3758;3332;4095
1;3941;3758;3406;4095
1;3929;3751;3363;4095
1;3938;3760;3421;4095
1;3931;3751;3376;4095
1;3936;3760;3423;4095
1;3938;3760;3344;4095
1;3935;3763;3399;4095
1;3935;3761;3335;4095
1;3931;3755;3405;4095
1;3939;3759;3359;4095
1;3935;3750;3407;4095
1;3943;3763;3344;4095
1;3949;3751;3373;4095
1;3952;3748;3344;4095
1;3952;3761;3349;4095
1;3941;3759;3286;4095
1;3944;3759;3353;4095
1;3937;3750;3241;4095
1;3936;3758;3438;4095
1;3938;3761;3357;4095
1;3950;3760;3411;4095
1;3931;3760;3388;4095
1;3930;3762;3359;4095
1;3942;3761;3365;4095
1;3932;3765;3394;4095
1;3959;3767;3356;4095
1;3943;3760;3350;4095
1;3957;3760;3407;4095
1;3949;3757;3361;4095
1;3925;3765;3376;4095
1;3937;3752;3342;4095
1;3938;3760;3369;4095
1;3952;3759;3355;4095
1;3968;3767;3377;4095
1;3952;3749;3355;4095
1;3962;3757;3329;4095
1;3937;3765;3389;4095
1;3933;3755;3407;4095
1;3949;3765;3299;4095
1;3947;3767;3422;4095
1;3943;3763;3286;4095
1;3941;3755;3346;4095
1;3945;3766;3316;4095
1;3938;3761;3360;4095
1;3938;3763;3305;4095
1;3941;3763;3405;4095
1;3927;3762;3328;4095
1;3947;3760;3390;4095
1;3941;3760;3306;4095
1;3936;3760;3357;4095
1;3945;3757;3280;4095
1;3934;3760;3346;4095
1;3946;3761;3299;4095
1;3938;3755;3368;4095
1;3936;3760;3301;4095
1;3941;3750;3429;4095
1;3933;3757;3283;4095
1;3942;3762;3379;4095
1;3945;3767;3198;4095
1;3945;3771;3415;4095
1;3949;3766;3334;4095
1;3940;3764;3451;4095
1;3946;3762;3359;4095
1;3932;3764;3435;4095
1;3937;3758;3312;4095
1;3937;3763;3431;4095
1;3941;3760;3321;4095
1;3941;3760;3392;4095
1;3927;3767;3347;4095
1;3945;3759;3439;4095
1;3953;3760;3312;4095
1;3938;3757;3504;4095
1;3953;3760;3397;4095
1;3943;3769;3502;4095
1;3951;3757;3388;4095
1;3949;3763;3511;4095
1;3938;3760;3403;4095
1;3945;3760;3343;4095
1;3931;3750;3295;4095
1;3948;3754;3407;4095
1;3949;3751;3283;4095
1;3945;3760;3394;4095
1;3943;3760;3323;4095
1;3941;3766;3402;4095
1;3951;3760;3341;4095
1;3950;3755;3398;4095
1;3952;3760;3216;4095
1;3939;3763;3415;4095
1;3939;3765;3342;4095
1;3941;3760;3408;4095
1;3949;3754;3361;4095
1;3952;3763;3422;4095
1;3944;3767;3375;4095
1;3950;3758;3406;4095
1;3941;3759;3309;4095
1;3942;3757;3426;4095
1;3943;3764;3369;4095
1;3942;3760;3399;4095
1;3955;3761;3345;4095
1;3941;3760;3431;4095
1;3935;3760;3378;4095
1;3947;3761;3405;4095
1;3955;3762;3337;4095
1;3952;3761;3440;4095
1;3949;3770;3349;4095
1;3936;3758;3334;4095
1;3941;3760;3317;4095
1;3951;3765;3446;4095
1;3941;3757;3333;4095
1;3936;3760;3407;4095
1;3939;3766;3330;4095
1;3936;3767;3377;4095
1;3938;3761;3335;4095
1;3947;3760;3379;4095
1;3935;3765;3318;4095
1;3949;3764;3440;4095
1;3946;3760;3328;4095
1;3935;3761;3389;4095
1;3941;3762;3339;4095
1;3947;3760;3376;4095
1;3948;3772;3344;4095
1;3948;3769;3387;4095
1;3949;3757;3242;4095
1;3952;3764;3408;4095
1;3941;3761;3344;4095
1;3943;3763;3402;4095
1;3942;3760;3347;4095
1;3957;3761;3393;4095
1;3937;3765;3367;4095
1;3940;3763;3365;4095
1;3947;3770;3346;4095
1;3952;3760;3382;4095
1;3949;3763;3342;4095
1;3949;3752;3361;4095
1;3951;3759;3359;4095
1;3942;3760;3350;4095
1;3943;3760;3329;4095
1;3952;3755;3235;4095
1;3947;3765;3353;4095
1;3947;3765;3369;4095
1;3951;3758;3362;4095
1;3951;3759;3375;4095
1;3940;3759;3346;4095
1;3943;3765;3335;4095
1;3939;3759;3341;4095
1;3946;3766;3335;4095
1;3947;3759;3280;4095
1;3961;3760;3370;4095
1;3943;3763;3393;4095
1;3946;3771;3357;4095
1;3947;3766;3408;4095
1;3967;3761;3265;4095
1;3947;3759;3398;4095
1;3946;3760;3364;4095
1;3943;3763;3382;4095
1;3946;3760;3376;4095
1;3938;3762;3385;4095
1;3940;3771;3344;4095
1;3952;3757;3312;4095
1;3943;3760;3369;4095
1;3947;3760;3376;4095
1;3955;3762;3287;4095
1;3941;3759;3359;4095
1;3939;3762;3297;4095
1;3950;3759;3286;4095
1;3951;3760;3331;4095
1;3927;3756;3377;4095
1;3945;3761;3313;4095
1;3937;3760;3406;4095
1;3943;3766;3344;4095
1;3945;3766;3411;4095
1;3955;3759;3343;4095
1;3943;3778;3378;4095
1;3939;3760;3293;4095
1;3945;3771;3429;4095
1;3951;3757;3227;4095
1;3942;3762;3440;4095
1;3950;3760;3323;4095
1;3939;3766;3397;4095
1;3947;3764;3303;4095
1;3943;3765;3397;4095
1;3950;3766;3365;4095
1;3952;3760;3408;4095
1;3947;3757;3329;4095
1;3952;3760;3403;4095
1;3947;3763;3305;4095
1;3952;3758;3415;4095
1;3952;3757;3340;4095
1;3940;3760;3398;4095
1;3943;3760;3313;4095
1;3950;3747;3282;4095
1;3939;3760;3325;4095
1;3949;3776;3417;4095
1;3955;3759;3332;4095
1;3953;3763;3427;4095
1;3952;3766;3295;4095
1;3941;3757;3320;4095
1;3939;3762;3330;4095
1;3958;3764;3409;4095
1;3949;3764;3285;4095
1;3950;3765;3427;4095
1;3948;3769;3328;4095
1;3952;3750;3426;4095
1;3946;3768;3361;4095
1;3940;3771;3406;4095
1;3933;3770;3259;4095
1;3946;3767;3426;4095
1;3941;3760;3333;4095
1;3949;3765;3378;4095
1;3938;3766;3314;4095
1;3953;3760;3379;4095
1;3945;3776;3253;4095
1;3958;3751;3423;4095
1;3951;3755;3357;4095
1;3945;3771;3398;4095
1;3951;3767;3344;4095
1;3937;3769;3387;4095
1;3946;3761;3344;4095
1;3939;3761;3421;4095
1;3952;3773;3317;4095
1;3947;3765;3379;4095
1;3952;3765;3342;4095
1;3947;3771;3372;4095
1;3947;3766;3309;4095
1;3952;3760;3370;4095
1;3947;3772;3217;4095
1;3951;3760;3418;4095
1;3950;3777;3324;4095
1;3946;3760;3415;4095
1;3955;3765;3355;4095
1;3953;3772;3391;4095
1;3947;3770;3356;4095
1;3952;3771;3376;4095
1;3949;3769;3347;4095
1;3950;3766;3263;4095
1;3935;3766;3344;4095
1;3945;3774;3397;4095
1;3945;3767;3350;4095
1;3950;3761;3386;4095
1;3969;3763;3344;4095
1;3945;3773;3376;4095
1;3959;3769;3370;4095
1;3955;3769;3355;4095
1;3952;3771;3376;4095
1;3955;3781;3363;4095
1;3961;3783;3341;4095
1;3966;3781;3388;4095
1;3959;3779;3344;4095
1;3951;3777;3338;4095
1;3969;3780;3355;4095
1;3962;3775;3380;4095
1;3959;3776;3312;4095
1;3967;3774;3381;4095
1;3962;3774;3346;4095
1;3957;3773;3344;4095
1;3965;3782;3347;4095
1;3962;3785;3350;4095
1;3963;3775;3383;4095
1;3959;3774;3317;4095
1;3957;3787;3396;4095
1;3971;3785;3376;4095
1;3963;3785;3319;4095
1;3945;3775;3267;4095
1;3947;3774;3401;4095
1;3943;3763;3265;4095
1;3954;3763;3375;4095
1;3955;3761;3388;4095
1;3954;3778;3427;4095
1;3952;3761;3343;4095
1;3951;3751;3392;4095
1;3954;3766;3372;4095
1;3952;3761;3395;4095
1;3952;3745;3346;4095
1;3935;3771;3393;4095
1;3951;3760;3356;4095
1;3959;3776;3399;4095
1;3947;3773;3344;4095
1;3951;3772;3389;4095
1;3954;3771;3355;4095
1;3958;3771;3409;4095
1;3947;3766;3315;4095
1;3958;3770;3413;4095
1;3957;3773;3314;4095
1;3958;3768;3401;4095
1;3946;3761;3345;4095
1;3952;3775;3410;4095
1;3959;3769;3344;4095
1;3959;3767;3442;4095
1;3959;3767;3301;4095
1;3952;3778;3419;4095
1;3952;3760;3327;4095
1;3949;3767;3424;4095
1;3949;3771;3311;4095
1;3962;3763;3446;4095
1;3947;3769;3281;4095
1;3954;3765;3464;4095
1;3953;3765;3280;4095
1;3947;3760;3461;4095
1;3955;3765;3297;4095
1;3952;3765;3437;4095
2;3952;3772;3328;4095
2;3949;3761;3355;4095
2;3953;3767;3323;4095
2;3948;3765;3425;4095
2;3954;3775;3287;4095
2;3956;3759;3403;4095
2;3947;3767;3313;4095
2;3943;3770;3408;4095
2;3948;3763;3325;4095
2;3948;3760;3418;4095
2;3963;3771;3321;4095
2;3950;3771;3445;4095
2;3949;3758;3280;4095
2;3950;3771;3429;4095
2;3953;3774;3308;4095
2;3947;3769;3455;4095
2;3956;3772;3173;4095
2;3953;3751;3493;4095
2;3954;3776;3337;4095
2;3962;3770;3461;4095
2;3949;3775;3343;4095
2;3954;3762;3385;4095
2;3950;3775;3319;4095
2;3952;3770;3410;4095
2;3943;3766;3344;4095
2;3938;3777;3439;4095
2;3948;3774;3319;4095
2;3959;3779;3392;4095
2;3952;3770;3343;4095
2;3962;3767;3333;4095
2;3957;3767;3350;4095
2;3967;3777;3392;4095
2;3956;3778;3372;4095
2;3957;3772;3389;4095
2;3947;3760;3312;4095
2;3965;3778;3391;4095
2;3969;3773;3333;4095
2;3958;3761;3440;4095
2;3969;3763;3344;4095
2;3947;3761;3379;4095
2;3946;3771;3327;4095
2;3952;3775;3391;4095
2;3953;3774;3235;4095
2;3954;3771;3390;4095
2;3950;3769;3341;4095
2;3943;3760;3346;4095
2;3944;3767;3389;4095
2;3958;3776;3415;4095
2;3953;3760;3354;4095
2;3958;3771;3391;4095
2;3955;3773;3347;4095
2;3949;3763;3405;4095
2;3958;3773;3328;4095
2;3953;3766;3361;4095
2;3959;3767;3360;4095
2;3950;3777;3428;4095
2;3952;3774;3326;4095
2;3958;3768;3407;4095
2;3949;3766;3263;4095
2;3958;3775;3371;4095
2;3949;3772;3367;4095
2;3955;3775;3333;4095
2;3943;3762;3386;4095
2;3941;3767;3358;4095
2;3955;3766;3371;4095
2;3955;3766;3359;4095
2;3951;3765;3344;4095
2;3952;3774;3337;4095
2;3950;3782;3364;4095
2;3952;3777;3225;4095
2;3954;3769;3387;4095
2;3953;3775;3390;4095
2;3952;3763;3419;4095
2;3954;3766;3355;4095
2;3951;3767;3309;4095
2;3967;3774;3354;4095
2;3958;3768;3377;4095
2;3957;3766;3325;4095
2;3938;3765;3436;4095
2;3952;3761;3297;4095
2;3946;3767;3426;4095
2;3958;3766;3202;4095
2;3952;3766;3447;4095
2;3950;3762;3385;4095
2;3945;3772;3455;4095
2;3955;3763;3302;4095
2;3964;3764;3440;4095
2;3954;3762;3325;4095
2;3939;3765;3445;4095
2;3959;3765;3344;4095
2;3952;3778;3404;4095
2;3951;3770;3326;4095
2;3942;3790;3422;4095
2;3949;3774;3346;4095
2;3949;3762;3387;4095
2;3952;3767;3338;4095
2;3949;3762;3439;4095
2;3963;3782;3279;4095
2;3927;3769;3450;4095
2;3963;3764;3351;4095
2;3958;3766;3443;4095
2;3947;3776;3323;4095
2;3955;3767;3410;4095
2;3957;3779;3302;4095
2;3947;3775;3437;4095
2;3950;3773;3291;4095
2;3953;3774;3408;4095
2;3949;3767;3321;4095
2;3956;3776;3461;4095
2;3954;3773;3329;4095
2;3952;3771;3459;4095
2;3936;3769;3298;4095
2;3954;3766;3440;4095
2;3963;3778;3311;4095
2;3952;3769;3422;4095
2;3957;3770;3314;4095
2;3943;3770;3434;4095
2;3947;3762;3295;4095
2;3952;3769;3449;4095
2;3966;3778;3306;4095
2;3964;3776;3435;4095
2;3959;3770;3312;4095
2;3947;3776;3440;4095
2;3960;3769;3313;4095
2;3955;3775;3333;4095
2;3961;3769;3297;4095
2;3958;3776;3444;4095
2;3946;3778;3299;4095
2;3957;3776;3354;4095
2;3952;3767;3303;4095
2;3952;3774;3484;4095
2;3958;3774;3370;4095
2;3954;3770;3466;4095
2;3957;3767;3328;4095
2;3988;3771;3450;4095
2;3945;3767;3353;4095
2;3962;3770;3415;4095
2;3965;3774;3340;4095
2;3959;3781;3442;4095
2;3945;3770;3298;4095
2;3957;3775;3435;4095
2;3967;3762;3326;4095
2;3966;3767;3344;4095
2;3953;3777;3312;4095
2;3953;3766;3450;4095
2;3947;3763;3303;4095
2;3961;3780;3472;4095
2;3963;3767;3344;4095
2;3949;3777;3428;4095
2;3952;3770;3312;4095
2;3951;3775;3344;4095
2;3952;3781;3225;4095
2;3952;3764;3411;4095
2;3941;3758;3360;4095
2;3959;3773;3332;4095
2;3946;3763;3275;4095
2;3962;3775;3423;4095
2;3942;3760;3381;4095
2;3953;3760;3391;4095
2;3947;3770;3344;4095
2;3953;3782;3403;4095
2;3961;3763;3372;4095
2;3958;3771;3399;4095
2;3952;3775;3344;4095
2;3943;3767;3297;4095
2;3963;3774;3387;4095
2;3954;3767;3391;4095
2;3957;3776;3367;4095
2;3952;3775;3440;4095
2;3952;3777;3362;4095
2;3953;3772;3394;4095
2;3962;3777;3344;4095
2;3952;3770;3381;4095
2;3952;3763;3380;4095
2;3952;3776;3279;4095
2;3952;3770;3402;4095
2;3952;3771;3461;4095
2;3959;3773;3374;4095
2;3952;3762;3306;4095
2;3945;3767;3328;4095
2;3958;3781;3286;4095
2;3953;3770;3345;4095
2;3947;3763;3414;4095
2;3952;3769;3381;4095
2;3952;3775;3348;4095
2;3959;3769;3344;4095
2;3952;3769;3400;4095
2;3941;3782;3359;4095
2;3952;3771;3375;4095
2;3955;3773;3350;4095
2;3955;3767;3360;4095
2;3948;3776;3346;4095
2;3957;3761;3364;4095
2;3958;3772;3366;4095
2;3952;3769;3409;4095
2;3952;3771;3249;4095
2;3952;3770;3417;4095
2;3946;3767;3373;4095
2;3948;3766;3419;4095
2;3949;3766;3344;4095
2;3953;3776;3393;4095
2;3954;3766;3329;4095
2;3953;3773;3330;4095
2;3961;3763;3341;4095
2;3949;3777;3457;4095
2;3953;3773;3341;4095
2;3952;3775;3418;4095
2;3950;3766;3357;4095
2;3953;3759;3356;4095
2;3938;3775;3311;4095
2;3942;3766;3406;4095
2;3952;3761;3291;4095
2;3952;3771;3398;4095
2;3952;3770;3325;4095
2;3952;3762;3411;4095
2;3953;3768;3329;4095
2;3958;3774;3378;4095
2;3962;3757;3303;4095
2;3953;3775;3379;4095
2;3965;3771;3312;4095
2;3952;3767;3390;4095
2;3952;3767;3344;4095
2;3957;3765;3383;4095
2;3952;3771;3311;4095
2;3958;3763;3387;4095
2;3952;3765;3329;4095
2;3943;3774;3376;4095
2;3952;3766;3355;4095
2;3959;3778;3344;4095
2;3963;3767;3298;4095
2;3954;3771;3365;4095
2;3951;3776;3340;4095
3;3950;3765;3376;4095
3;3949;3766;3213;4095
3;3941;3776;3393;4095
3;3953;3767;3349;4095
3;3964;3776;3408;4095
3;3943;3760;3371;4095
3;3956;3770;3409;4095
3;3958;3776;3316;4095
3;3958;3769;3394;4095
3;3952;3769;3249;4095
3;3948;3766;3406;4095
3;3950;3785;3333;4095
3;3949;3760;3421;4095
3;3956;3764;3311;4095
3;3950;3773;3325;4095
3;3957;3780;3334;4095
3;3957;3772;3441;4095
3;3943;3778;3364;4095
3;3951;3763;3392;4095
3;3961;3776;3329;4095
3;3947;3765;3403;4095
3;3953;3766;3343;4095
3;3947;3770;3389;4095
3;3955;3767;3327;4095
3;3958;3772;3435;4095
3;3953;3766;3362;4095
3;3959;3767;3407;4095
3;3954;3761;3332;4095
3;3952;3761;3405;4095
3;3964;3768;3338;4095
3;3952;3772;3388;4095
3;3963;3769;3340;4095
3;3953;3767;3422;4095
3;3952;3777;3312;4095
3;3959;3771;3422;4095
3;3961;3770;3314;4095
3;3965;3772;3296;4095
3;3946;3765;3333;4095
3;3963;3766;3405;4095
3;3953;3769;3316;4095
3;3952;3765;3391;4095
3;3955;3759;3319;4095
3;3954;3770;3374;4095
3;3946;3770;3327;4095
3;3951;3766;3351;4095
3;3949;3772;3271;4095
3;3947;3767;3422;4095
3;3957;3773;3280;4095
3;3952;3763;3425;4095
3;3959;3771;3328;4095
3;3952;3774;3383;4095
3;3938;3771;3322;4095
3;3955;3762;3389;4095
3;3963;3766;3298;4095
3;3947;3769;3388;4095
3;3962;3760;3277;4095
3;3957;3765;3387;4095
3;3952;3782;3305;4095
3;3947;3769;3411;4095
3;3956;3768;3330;4095
3;3954;3774;3417;4095
3;3949;3779;3329;4095
3;3957;3768;3395;4095
3;3952;3773;3331;4095
3;3941;3771;3382;4095
3;3952;3771;3273;4095
3;3959;3774;3404;4095
3;3950;3765;3329;4095
3;3962;3769;3387;4095
3;3950;3775;3336;4095
3;3963;3774;3395;4095
3;3952;3769;3335;4095
3;3962;3779;3408;4095
3;3963;3771;3339;4095
3;3954;3770;3409;4095
3;3955;3773;3347;4095
3;3949;3771;3355;4095
3;3955;3776;3350;4095
3;3947;3761;3410;4095
3;3952;3775;3317;4095
3;3957;3771;3404;4095
3;3965;3772;3246;4095
3;3949;3760;3419;4095
3;3952;3771;3251;4095
3;3952;3770;3399;4095
3;3952;3767;3316;4095
3;3952;3763;3377;4095
3;3956;3779;3331;4095
3;3945;3776;3424;4095
3;3958;3767;3373;4095
3;3955;3761;3377;4095
3;3961;3774;3337;4095
3;3958;3774;3391;4095
3;3957;3773;3331;4095
3;3952;3776;3375;4095
3;3952;3766;3292;4095
3;3954;3765;3415;4095
3;3942;3774;3342;4095
3;3948;3773;3408;4095
3;3959;3767;3347;4095
3;3952;3776;3358;4095
3;3962;3763;3295;4095
3;3952;3774;3365;4095
3;3955;3769;3328;4095
3;3951;3769;3326;4095
3;3952;3765;3310;4095
3;3970;3762;3363;4095
3;3948;3769;3255;4095
3;3952;3767;3393;4095
3;3953;3770;3246;4095
3;3947;3773;3353;4095
3;3952;3774;3227;4095
3;3970;3769;3407;4095
3;3961;3760;3344;4095
3;3957;3770;3399;4095
3;3947;3774;3360;4095
3;3953;3770;3381;4095
3;3952;3765;3333;4095
3;3952;3772;3393;4095
3;3953;3781;3323;4095
3;3962;3776;3423;4095
3;3967;3792;3280;4095
3;3978;3775;3392;4095
3;3989;3793;3312;4095
3;3967;3786;3359;4095
3;3950;3766;3296;4095
3;3959;3776;3437;4095
3;3971;3771;3350;4095
3;3965;3771;3393;4095
3;3955;3770;3317;4095
3;3952;3777;3371;4095
3;3965;3781;3328;4095
3;3949;3781;3383;4095
3;3967;3770;3322;4095
3;3965;3781;3373;4095
3;3956;3776;3332;4095
3;3962;3772;3392;4095
3;3950;3767;3317;4095
3;3952;3762;3381;4095
3;3949;3767;3315;4095
3;3957;3776;3357;4095
3;3955;3782;3308;4095
3;3952;3775;3375;4095
3;3956;3761;3346;4095
3;3954;3778;3370;4095
3;3943;3764;3348;4095
3;3955;3771;3344;4095
3;3967;3773;3338;4095
3;3957;3769;3345;4095
3;3952;3772;3361;4095
3;3967;3772;3361;4095
3;3962;3777;3361;4095
3;3970;3770;3325;4095
3;3955;3765;3403;4095
3;3954;3767;3351;4095
3;3954;3771;3376;4095
3;3967;3763;3341;4095
3;3958;3774;3375;4095
3;3955;3773;3324;4095
3;3955;3766;3408;4095
3;3950;3776;3359;4095
3;3963;3776;3375;4095
3;3952;3770;3254;4095
3;3954;3776;3408;4095
3;3954;3760;3227;4095
3;3953;3778;3437;4095
3;3962;3768;3311;4095
3;3950;3762;3376;4095
3;3961;3776;3237;4095
3;3953;3777;3404;4095
3;3964;3781;3323;4095
3;3953;3771;3387;4095
3;3958;3771;3335;4095
3;3953;3765;3423;4095
3;3953;3762;3333;4095
3;3953;3775;3402;4095
3;3937;3776;3312;4095
3;3968;3759;3409;4095
3;3955;3771;3323;4095
3;3952;3779;3435;4095
3;3953;3766;3337;4095
3;3943;3760;3427;4095
3;3941;3755;3334;4095
3;3914;3740;3403;4095
3;3920;3737;3281;4095
3;3915;3732;3435;4095
3;3904;3725;3298;4095
3;3897;3722;3381;4095
3;3911;3729;3279;4095
3;3916;3729;3422;4095
3;3920;3745;3327;4095
3;3946;3764;3406;4095
3;3953;3777;3289;4095
3;3965;3771;3396;4095
3;3970;3775;3312;4095
3;3952;3778;3441;4095
3;3951;3763;3279;4095
3;3949;3775;3442;4095
3;3953;3779;3289;4095
3;3965;3767;3334;4095
3;3963;3774;3274;4095
3;3946;3768;3450;4095
3;3967;3775;3254;4095
3;3952;3781;3423;4095
3;3952;3777;3307;4095
3;3954;3770;3486;4095
3;3958;3769;3347;4095
3;3952;3767;3413;4095
3;3953;3776;3297;4095
3;3966;3771;3403;4095
3;3949;3763;3297;4095
3;3952;3776;3411;4095
3;3953;3775;3302;4095
3;3951;3776;3382;4095
3;3969;3776;3291;4095
3;3953;3775;3313;4095
3;3957;3769;3307;4095
3;3963;3766;3424;4095
3;3950;3771;3280;4095
3;3957;3775;3440;4095
3;3963;3766;3309;4095
3;3944;3760;3406;4095
3;3959;3772;3329;4095
3;3950;3773;3440;4095
3;3959;3780;3331;4095
3;3956;3771;3398;4095
3;3953;3778;3299;4095
3;3957;3778;3391;4095
3;3964;3775;3321;4095
3;3969;3778;3379;4095
3;3967;3787;3328;4095
3;3974;3795;3378;4095
3;3967;3797;3339;4095
3;3975;3784;3361;4095
3;3971;3783;3309;4095
3;3977;3783;3366;4095
3;3972;3785;3314;4095
3;3970;3784;3398;4095
3;3981;3780;3306;4095
3;3968;3787;3378;4095
4;3972;3799;3319;4095
4;3970;3787;3367;4095
4;3961;3783;3305;4095
4;3972;3788;3347;4095
4;3962;3791;3297;4095
4;3961;3787;3367;4095
4;3966;3783;3306;4095
4;3969;3794;3380;4095
4;3981;3787;3335;4095
4;3968;3776;3362;4095
4;3968;3786;3344;4095
4;3971;3792;3381;4095
4;3974;3779;3322;4095
4;3975;3791;3345;4095
4;3977;3782;3314;4095
4;3966;3792;3366;4095
4;3976;3792;3280;4095
4;3967;3787;3371;4095
4;3970;3786;3238;4095
4;3974;3789;3370;4095
4;3966;3776;3312;4095
4;3968;3787;3375;4095
4;3978;3792;3337;4095
4;3974;3786;3340;4095
4;3973;3790;3317;4095
4;3984;3787;3376;4095
4;3965;3789;3365;4095
4;3965;3786;3393;4095
4;3968;3788;3358;4095
4;3973;3791;3378;4095
4;3966;3781;3385;4095
4;3967;3786;3382;4095
4;3975;3791;3376;4095
4;3969;3793;3391;4095
4;3974;3788;3341;4095
4;3967;3781;3365;4095
4;3966;3783;3370;4095
4;3969;3786;3394;4095
4;3968;3787;3250;4095
4;3965;3781;3360;4095
4;3957;3779;3386;4095
4;3970;3771;3408;4095
4;3960;3786;3361;4095
4;3969;3778;3389;4095
4;3974;3785;3335;4095
4;3965;3783;3363;4095
4;3968;3783;3339;4095
4;3969;3777;3364;4095
4;3962;3781;3376;4095
4;3982;3792;3392;4095
4;3970;3778;3347;4095
4;3966;3778;3330;4095
4;3972;3782;3248;4095
4;3972;3789;3370;4095
4;3973;3790;3350;4095
4;3975;3792;3373;4095
4;3966;3783;3377;4095
4;3982;3793;3386;4095
4;3985;3792;3350;4095
4;3981;3801;3385;4095
4;3979;3798;3274;4095
4;3969;3792;3350;4095
4;3969;3776;3355;4095
4;3966;3783;3338;4095
4;3956;3785;3363;4095
4;3971;3782;3376;4095
4;3971;3786;3333;4095
4;3965;3786;3376;4095
4;3963;3780;3321;4095
4;3970;3781;3363;4095
4;3962;3777;3346;4095
4;3963;3781;3378;4095
4;3978;3786;3331;4095
4;3969;3782;3337;4095
4;3954;3776;3312;4095
4;3962;3786;3390;4095
4;3973;3781;3346;4095
4;3962;3783;3403;4095
4;3971;3770;3330;4095
4;3969;3788;3302;4095
4;3962;3783;3341;4095
4;3969;3782;3390;4095
4;3962;3779;3344;4095
4;3958;3778;3415;4095
4;3966;3781;3339;4095
4;3972;3782;3407;4095
4;3968;3792;3346;4095
4;3971;3787;3408;4095
4;3969;3783;3362;4095
4;3981;3776;3396;4095
4;3969;3778;3355;4095
4;3955;3780;3386;4095
4;3971;3782;3367;4095
4;3957;3779;3415;4095
4;3969;3775;3325;4095
4;3963;3781;3395;4095
4;3970;3783;3365;4095
4;3959;3782;3311;4095
4;3966;3792;3353;4095
4;3971;3774;3393;4095
4;3965;3779;3339;4095
4;3966;3792;3370;4095
4;3969;3789;3360;4095
4;3968;3776;3397;4095
4;3970;3782;3334;4095
4;3962;3792;3287;4095
4;3963;3783;3320;4095
4;3959;3785;3391;4095
4;3965;3786;3347;4095
4;3967;3775;3389;4095
4;3964;3786;3365;4095
4;3975;3781;3407;4095
4;3977;3783;3319;4095
4;3979;3791;3395;4095
4;3971;3789;3323;4095
4;3967;3787;3391;4095
4;3969;3798;3317;4095
4;3989;3786;3402;4095
4;3974;3791;3353;4095
4;3975;3796;3360;4095
4;3982;3791;3302;4095
4;3978;3786;3371;4095
4;3975;3789;3355;4095
4;3975;3792;3408;4095
4;3984;3796;3327;4095
4;3981;3794;3387;4095
4;3986;3797;3332;4095
4;3987;3811;3381;4095
4;3990;3808;3237;4095
4;3991;3820;3297;4095
4;3980;3807;3317;4095
4;3983;3796;3427;4095
4;3984;3794;3312;4095
4;3962;3785;3409;4095
4;3969;3799;3376;4095
4;3967;3786;3423;4095
4;3969;3781;3300;4095
4;3968;3792;3358;4095
4;3982;3794;3312;4095
4;3969;3786;3282;4095
4;3974;3795;3324;4095
4;3968;3794;3205;4095
4;3977;3790;3232;4095
4;3967;3792;3298;4095
4;3974;3792;3303;4095
4;3959;3798;3363;4095
4;3971;3791;3211;4095
4;3960;3777;3403;4095
4;3962;3783;3399;4095
4;3964;3782;3397;4095
4;3955;3771;3200;4095
4;3955;3789;3134;4095
4;3964;3786;3248;4095
4;3966;3776;3168;4095
4;3953;3778;3248;4095
4;3963;3775;3376;4095
4;3961;3783;3222;4095
4;3953;3782;3223;4095
4;3975;3785;3262;4095
4;3970;3782;3324;4095
4;3967;3785;3216;4095
4;3967;3789;3451;4095
4;3967;3792;3398;4095
4;3979;3791;3225;4095
4;3970;3792;3315;4095
4;3970;3778;3248;4095
4;3967;3783;3356;4095
4;3966;3782;3349;4095
4;3961;3789;3299;4095
4;3970;3782;3217;4095
4;3977;3787;3248;4095
4;3981;3790;3257;4095
4;3962;3779;3238;4095
4;3970;3785;3234;4095
4;3965;3776;3143;4095
4;3974;3791;3312;4095
4;3966;3778;3206;4095
4;3959;3792;3216;4095
4;3963;3787;3219;4095
4;3973;3779;3168;4095
4;3953;3780;3218;4095
4;3952;3777;3168;4095
4;3954;3760;3239;4095
4;3954;3777;3344;4095
4;3965;3762;3291;4095
4;3955;3778;3264;4095
4;3952;3774;3191;4095
4;3949;3767;3264;4095
4;3953;3763;3375;4095
4;3951;3764;3339;4095
4;3951;3783;3177;4095
4;3954;3775;3198;4095
4;3952;3766;3177;4095
4;3952;3770;3165;4095
4;3951;3766;3201;4095
4;3952;3769;3235;4095
4;3955;3773;3223;4095
4;3955;3776;3150;4095
4;3939;3766;3312;4095
4;3953;3777;3269;4095
4;3963;3781;3214;4095
4;3953;3773;3343;4095
4;3952;3774;3343;4095
4;3957;3777;3175;4095
4;3953;3786;3162;4095
4;3974;3787;3139;4095
4;3958;3776;3248;4095
4;3963;3781;3211;4095
4;3959;3781;3250;4095
4;3967;3778;3264;4095
4;3978;3780;3181;4095
4;3975;3789;3152;4095
4;3953;3787;3185;4095
4;3953;3778;3211;4095
4;3962;3773;3304;4095
4;3950;3774;3339;4095
4;3954;3775;3229;4095
4;3961;3774;3344;4095
4;3958;3781;3193;4095
4;3966;3773;3211;4095
4;3952;3776;3357;4095
4;3958;3769;3116;4095
4;3952;3779;3342;4095
4;3956;3778;3143;4095
4;3952;3775;3321;4095
4;3964;3769;3225;4095
4;3952;3787;3367;4095
4;3958;3775;3264;4095
4;3950;3770;3376;4095
4;3952;3775;3331;4095
4;3957;3772;3362;4095
4;3955;3778;3299;4095
4;3952;3771;3210;4095
4;3953;3776;3258;4095
4;3955;3788;3244;4095
4;3952;3776;3366;4095
4;3948;3778;3152;4095
4;3952;3774;3184;4095
4;3956;3775;3436;4095
4;3951;3785;3179;4095
4;3962;3766;3239;4095
4;3950;3776;3280;4095
4;3953;3786;3266;4095
4;3959;3785;3253;4095
4;3952;3771;3248;4095
4;3955;3778;3408;4095
4;3949;3773;3233;4095
4;3952;3776;3274;4095
4;3957;3776;3219;4095
4;3943;3776;3229;4095
4;3949;3775;3376;4095
4;3965;3775;3233;4095
4;3961;3763;3259;4095
4;3964;3780;3211;4095
4;3959;3774;3186;4095
4;3953;3775;3251;4095
4;3962;3779;3197;4095
4;3947;3778;3277;4095
4;3955;3778;3189;4095
4;3953;3778;3264;4095
4;3953;3778;3108;4095
4;3958;3787;3222;4095
4;3955;3770;3166;4095
4;3954;3771;3383;4095
4;3952;3774;3243;4095
4;3955;3777;3216;4095
4;3965;3774;3189;4095
4;3957;3775;3365;4095
4;3969;3773;3340;4095
4;3946;3783;3431;4095
4;3966;3778;3319;4095
4;3955;3765;3364;4095
4;3955;3776;3233;4095
4;3953;3770;3312;4095
4;3964;3781;3291;4095
4;3952;3780;3315;4095
4;3953;3777;3214;4095
4;3953;3778;3230;4095
4;3952;3771;3312;4095
4;3952;3777;3239;4095
4;3964;3770;3178;4095
4;3959;3789;3322;4095
4;3954;3787;3236;4095
4;3955;3771;3360;4095
5;3962;3775;3233;4095
5;3952;3781;3396;4095
5;3956;3776;3231;4095
5;3954;3776;3318;4095
5;3950;3764;3277;4095
5;3958;3785;3358;4095
5;3957;3782;3279;4095
5;3951;3777;3303;4095
5;3959;3770;3319;4095
5;3952;3776;3431;4095
5;3955;3766;3355;4095
5;3951;3777;3382;4095
5;3952;3776;3235;4095
5;3951;3775;3394;4095
5;3955;3781;3263;4095
5;3961;3775;3320;4095
5;3955;3789;3344;4095
5;3963;3779;3250;4095
5;3955;3776;3147;4095
5;3952;3774;3318;4095
5;3955;3773;3263;4095
5;3952;3771;3241;4095
5;3957;3767;3181;4095
5;3943;3761;3409;4095
5;3951;3762;3193;4095
5;3949;3775;3290;4095
5;3951;3777;3349;4095
5;3950;3776;3462;4095
5;3957;3774;3490;4095
5;3952;3776;3488;4095
5;3952;3771;3234;4095
5;3954;3773;3344;4095
5;3962;3775;3150;4095
5;3958;3774;3397;4095
5;3952;3771;3177;4095
5;3953;3771;3300;4095
5;3956;3775;3332;4095
5;3952;3776;3158;4095
5;3952;3777;3024;4095
5;3952;3774;3378;4095
5;3959;3767;3139;4095
5;3949;3765;3440;4095
5;3955;3773;3036;4095
5;3952;3784;3224;4095
5;3959;3771;3152;4095
5;3959;3772;3324;4095
5;3955;3777;3216;4095
5;3952;3777;3226;4095
5;3957;3775;3118;4095
5;3951;3776;3423;4095
5;3956;3776;3175;4095
5;3952;3776;3339;4095
5;3954;3778;3143;4095
5;3952;3779;3104;4095
5;3945;3778;3236;4095
5;3952;3779;3355;4095
5;3952;3768;3310;4095
5;3957;3787;3338;4095
5;3954;3779;3306;4095
5;3956;3779;3429;4095
5;3957;3772;3110;4095
5;3955;3772;3259;4095
5;3951;3778;3049;4095
5;3951;3777;3228;4095
5;3958;3777;3265;4095
5;3966;3773;3186;4095
5;3962;3766;3043;4095
5;3961;3775;3381;4095
5;3954;3776;3130;4095
5;3967;3771;3200;4095
5;3962;3773;3121;4095
5;3947;3778;3255;4095
5;3957;3774;3041;4095
5;3965;3772;3249;4095
5;3967;3777;3082;4095
5;3952;3770;3158;4095
5;3954;3770;3080;4095
5;3955;3766;3171;4095
5;3952;3780;3203;4095
5;3950;3775;3243;4095
5;3949;3766;3197;4095
5;3952;3777;3280;4095
5;3952;3772;3343;4095
5;3957;3774;3378;4095
5;3941;3766;3406;4095
5;3952;3779;3313;4095
5;3966;3782;3165;4095
5;3955;3790;3344;4095
5;3959;3790;3265;4095
5;3949;3779;3136;4095
5;3952;3770;3235;4095
5;3954;3761;3392;4095
5;3952;3776;3345;4095
5;3935;3775;3329;4095
5;3950;3786;3372;4095
5;3946;3773;3302;4095
5;3952;3763;3201;4095
5;3966;3774;3206;4095
5;3956;3781;3287;4095
5;3961;3777;3297;4095
5;3953;3773;3289;4095
5;3954;3762;3235;4095
5;3956;3774;3364;4095
5;3952;3771;3317;4095
5;3952;3781;3279;4095
5;3952;3775;3269;4095
5;3959;3774;3200;4095
5;3965;3775;3265;4095
5;3954;3776;3263;4095
5;3952;3766;3280;4095
5;3953;3781;3242;4095
5;3943;3783;3262;4095
5;3949;3776;3248;4095
5;3954;3770;3318;4095
5;3957;3772;3226;4095
5;3953;3776;3233;4095
5;3952;3776;3277;4095
5;3957;3773;3265;4095
5;3962;3775;3247;4095
5;3967;3772;3259;4095
5;3950;3775;3216;4095
5;3954;3765;3207;4095
5;3953;3770;3227;4095
5;3952;3782;3174;4095
5;3973;3773;3187;4095
5;3952;3787;3229;4095
5;3957;3773;3344;4095
5;3952;3774;3257;4095
5;3952;3767;3290;4095
5;3955;3778;3131;4095
5;3957;3773;3344;4095
5;3970;3782;3221;4095
5;3952;3774;3285;4095
5;3959;3773;3152;4095
5;3952;3776;3244;4095
5;3952;3795;3180;4095
5;3955;3781;3226;4095
5;3954;3775;3244;4095
5;3953;3782;3248;4095
5;3954;3779;3280;4095
5;3957;3775;3216;4095
5;3952;3776;3271;4095
5;3952;3779;3390;4095
5;3961;3763;3249;4095
5;3955;3791;3351;4095
5;3954;3776;3251;4095
5;3951;3765;3372;4095
5;3957;3778;3250;4095
5;3952;3786;3363;4095
5;3964;3775;3276;4095
5;3952;3776;3284;4095
5;3952;3780;3219;4095
5;3954;3779;3344;4095
5;3958;3785;3150;4095
5;3961;3774;3336;4095
5;3955;3786;3248;4095
5;3969;3785;3221;4095
