1;2936;3313;3978;4095
1;2937;3315;3983;4095
1;2934;3317;3985;4095
1;2937;3315;3985;4095
1;2933;3315;3985;4095
1;2939;3314;3986;4095
1;2936;3313;3984;4095
1;2939;3317;3987;4095
1;2935;3315;3984;4095
1;2934;3312;3991;4095
1;2936;3313;3989;4095
1;2934;3313;3991;4095
1;2940;3319;3987;4095
1;2933;3315;3986;4095
1;2937;3312;3989;4095
1;2939;3315;3996;4095
1;2938;3315;3986;4095
1;2934;3313;3986;4095
1;2938;3312;3990;4095
1;2941;3314;3987;4095
1;2937;3317;3984;4095
1;2938;3318;3987;4095
1;2935;3317;3986;4095
1;2941;3321;3987;4095
1;2941;3318;3985;4095
1;2940;3317;3989;4095
1;2939;3318;3985;4095
1;2942;3322;3985;4095
1;2942;3319;3993;4095
1;2941;3322;3988;4095
1;2941;3317;3986;4095
1;2943;3319;3987;4095
1;2943;3318;3990;4095
1;2942;3319;3995;4095
1;2942;3317;3986;4095
1;2941;3317;3989;4095
1;2941;3318;3984;4095
1;2935;3318;3986;4095
1;2943;3321;3983;4095
1;2939;3315;3989;4095
1;2938;3313;3985;4095
1;2942;3319;3987;4095
1;2938;3319;3984;4095
1;2938;3321;3986;4095
1;2935;3316;3990;4095
1;2937;3319;3987;4095
1;2942;3322;3986;4095
1;2943;3324;3996;4095
1;2943;3325;3987;4095
1;2943;3324;3989;4095
1;2939;3319;3990;4095
1;2941;3321;3985;4095
1;2939;3315;3986;4095
1;2941;3317;3987;4095
1;2939;3317;3985;4095
1;2943;3321;4000;4095
1;2943;3323;3990;4095
1;2939;3322;3989;4095
1;2941;3322;3989;4095
1;2939;3319;3993;4095
1;2933;3320;3987;4095
1;2939;3314;3986;4095
1;2941;3317;3989;4095
1;2939;3318;3993;4095
1;2937;3316;3984;4095
1;2935;3317;3986;4095
1;2937;3319;3986;4095
1;2939;3315;3986;4095
1;2938;3319;3989;4095
1;2934;3318;3987;4095
1;2938;3317;3985;4095
1;2941;3324;3995;4095
1;2943;3317;3991;4095
1;2941;3319;3990;4095
1;2943;3323;3985;4095
1;2939;3321;3989;4095
1;2943;3318;3991;4095
1;2944;3325;3991;4095
1;2944;3322;3995;4095
1;2943;3327;3994;4095
1;2945;3326;3987;4095
1;2944;3328;3987;4095
1;2944;3324;3984;4095
1;2944;3325;3984;4095
1;2944;3325;3993;4095
1;2943;3324;3995;4095
1;2944;3327;3988;4095
1;2943;3325;3993;4095
1;2943;3325;3988;4095
1;2942;3324;3989;4095
1;2943;3329;3995;4095
1;2942;3329;3993;4095
1;2942;3325;3989;4095
1;2946;3329;3990;4095
1;2943;3328;3993;4095
1;2941;3329;3995;4095
1;2944;3328;3995;4095
1;2943;3327;3994;4095
1;2943;3327;3984;4095
1;2944;3329;3997;4095
1;2945;3327;3993;4095
1;2944;3327;3997;4095
1;2944;3331;3997;4095
1;2943;3331;3998;4095
1;2942;3327;3990;4095
1;2944;3329;3996;4095
1;2943;3328;3995;4095
1;2946;3329;3991;4095
1;2943;3328;3986;4095
1;2944;3330;3994;4095
1;2945;3329;3992;4095
1;2946;3334;3997;4095
1;2944;3333;3993;4095
1;2943;3328;3999;4095
1;2943;3328;3998;4095
1;2946;3332;3995;4095
1;2944;3328;3995;4095
1;2945;3330;4005;4095
1;2945;3327;3994;4095
1;2945;3330;3993;4095
1;2944;3330;3995;4095
1;2945;3330;4004;4095
1;2943;3327;3994;4095
1;2944;3328;3989;4095
1;2944;3327;4004;4095
1;2946;3328;3998;4095
1;2939;3326;3994;4095
1;2943;3328;3998;4095
1;2946;3327;3997;4095
1;2944;3329;3998;4095
1;2942;3328;3993;4095
1;2941;3329;3995;4095
1;2943;3327;3999;4095
1;2942;3331;3997;4095
1;2943;3330;3993;4095
1;2943;3329;3993;4095
1;2942;3328;3999;4095
1;2941;3330;4005;4095
1;2940;3328;3995;4095
1;2943;3331;4010;4095
1;2940;3324;3988;4095
1;2942;3327;3998;4095
1;2941;3336;3997;4095
1;2940;3330;4000;4095
1;2942;3327;4000;4095
1;2943;3328;3996;4095
1;2941;3325;4002;4095
1;2943;3328;4005;4095
1;2941;3327;3998;4095
1;2939;3328;3999;4095
1;2942;3328;3994;4095
1;2938;3327;3997;4095
1;2942;3327;3991;4095
1;2942;3327;4013;4095
1;2943;3330;4001;4095
1;2942;3330;3998;4095
1;2941;3333;4001;4095
1;2942;3327;3995;4095
1;2943;3329;3985;4095
1;2944;3328;3997;4095
1;2943;3323;3996;4095
1;2938;3327;3990;4095
1;2941;3325;3996;4095
1;2941;3331;4005;4095
1;2940;3326;3999;4095
1;2943;3325;3996;4095
1;2941;3326;3999;4095
1;2942;3322;3999;4095
1;2942;3330;4009;4095
1;2945;3329;3997;4095
1;2944;3331;4007;4095
1;2944;3329;4002;4095
1;2944;3327;3998;4095
1;2943;3327;3995;4095
1;2943;3330;4006;4095
1;2942;3333;3999;4095
1;2943;3327;3991;4095
1;2941;3323;3995;4095
1;2944;3334;4009;4095
1;2939;3327;4002;4095
1;2944;3329;4000;4095
1;2941;3327;4003;4095
1;2935;3326;4002;4095
1;2942;3323;4001;4095
1;2937;3325;4000;4095
1;2941;3326;3999;4095
1;2941;3326;3998;4095
1;2935;3323;3999;4095
1;2939;3323;3998;4095
1;2938;3324;4000;4095
1;2941;3326;4001;4095
1;2935;3323;3998;4095
1;2938;3323;4000;4095
1;2934;3325;3996;4095
1;2940;3323;3999;4095
1;2937;3323;3993;4095
1;2938;3327;4000;4095
1;2939;3326;3995;4095
1;2943;3326;3990;4095
1;2941;3325;3998;4095
1;2938;3329;3989;4095
1;2939;3328;3999;4095
1;2941;3325;3999;4095
1;2942;3327;3997;4095
1;2943;3327;4001;4095
1;2944;3327;3989;4095
1;2944;3324;3994;4095
1;2944;3327;3995;4095
1;2943;3322;3998;4095
1;2939;3326;3989;4095
1;2939;3326;3995;4095
1;2942;3325;3997;4095
1;2938;3326;3984;4095
1;2941;3328;3995;4095
1;2939;3327;3999;4095
1;2942;3326;4005;4095
1;2940;3328;3991;4095
1;2941;3323;4002;4095
1;2943;3326;3995;4095
1;2942;3329;3999;4095
1;2944;3326;4011;4095
1;2940;3325;4000;4095
1;2934;3328;4001;4095
1;2940;3323;3994;4095
1;2941;3322;3999;4095
1;2939;3325;4000;4095
1;2941;3327;3996;4095
1;2941;3326;4011;4095
1;2938;3322;4001;4095
1;2937;3326;3995;4095
1;2939;3325;4003;4095
1;2938;3321;3999;4095
1;2937;3325;4001;4095
1;2937;3326;4003;4095
1;2941;3327;3997;4095
1;2935;3328;4006;4095
1;2943;3327;3997;4095
1;2935;3328;3998;4095
1;2939;3323;3996;4095
1;2939;3328;3995;4095
1;2938;3327;4000;4095
1;2940;3327;3995;4095
1;2941;3327;3999;4095
1;2943;3328;4000;4095
1;2939;3323;4003;4095
1;2941;3327;3999;4095
1;2941;3326;3998;4095
1;2943;3326;4000;4095
1;2939;3331;4002;4095
1;2943;3332;4002;4095
1;2943;3328;3998;4095
1;2943;3328;3998;4095
1;2942;3334;4002;4095
1;2943;3331;3986;4095
1;2944;3328;3999;4095
1;2944;3327;4002;4095
1;2944;3332;3996;4095
1;2944;3328;4002;4095
1;2945;3331;3993;4095
1;2943;3330;4005;4095
1;2941;3329;4001;4095
1;2945;3335;3995;4095
1;2943;3330;4000;4095
1;2947;3337;4001;4095
1;2943;3332;3998;4095
1;2942;3330;4000;4095
1;3127;3488;3789;4095
1;2945;3333;4001;4095
1;3392;3697;4095;4095
1;3389;3696;4095;4095
1;3392;3701;4095;4095
1;3391;3699;4095;4095
1;3389;3697;4095;4095
1;3395;3699;4095;4095
1;3392;3705;4095;4095
1;3392;3703;4095;4095
1;3390;3700;4095;4095
1;3389;3701;4095;4095
1;3392;3696;4095;4095
1;3388;3696;4095;4095
1;3383;3699;4095;4095
1;3389;3702;4095;4095
1;3393;3701;4095;4095
1;3387;3703;4095;4095
1;3390;3698;4095;4095
1;3392;3703;4095;4095
1;3386;3696;4095;4095
1;3391;3696;4095;4095
1;3390;3696;4095;4095
1;3391;3709;4095;4095
1;3389;3696;4095;4095
1;3392;3696;4095;4095
1;3390;3698;4095;4095
1;3390;3697;4095;4095
1;3389;3694;4095;4095
1;3393;3696;4095;4095
1;3394;3700;4095;4095
1;3388;3699;4095;4095
1;3393;3698;4095;4095
1;3387;3698;4095;4095
1;3390;3696;4095;4095
1;3387;3696;4095;4095
1;3392;3695;4095;4095
1;3394;3698;4095;4095
1;3392;3697;4095;4095
1;3388;3696;4095;4095
1;3389;3700;4095;4095
1;3390;3699;4095;4095
1;3390;3699;4095;4095
1;3397;3701;4095;4095
1;3384;3696;4095;4095
1;2956;3344;4001;4095
1;2950;3338;4003;4095
1;2955;3339;3999;4095
1;2973;3351;4009;4095
1;2947;3338;4005;4095
1;3052;3422;4041;4095
1;3003;3389;4031;4095
1;2955;3338;4005;4095
1;2949;3334;4003;4095
2;2955;3341;4010;4095
2;2951;3339;4008;4095
2;2951;3335;4011;4095
2;2951;3339;4005;4095
2;2951;3333;4007;4095
2;2949;3337;4009;4095
2;2944;3337;4000;4095
2;2949;3334;4003;4095
2;2948;3335;3997;4095
2;2953;3333;4003;4095
2;2953;3337;4009;4095
2;2942;3332;4001;4095
2;2950;3337;4003;4095
2;2951;3335;4016;4095
2;2949;3334;4006;4095
2;2945;3333;3996;4095
2;2949;3335;4011;4095
2;2946;3329;4005;4095
2;2944;3334;4004;4095
2;2946;3332;4004;4095
2;2945;3338;4007;4095
2;2947;3334;4009;4095
2;2943;3329;3996;4095
2;2944;3334;4006;4095
2;2945;3334;4005;4095
2;2946;3331;4013;4095
2;2943;3333;4007;4095
2;2946;3335;4012;4095
2;2950;3330;3994;4095
2;2947;3330;4005;4095
2;2945;3335;3999;4095
2;2947;3333;4005;4095
2;2946;3333;4016;4095
2;2945;3330;3998;4095
2;2944;3331;4003;4095
2;2944;3330;4010;4095
2;2944;3331;3999;4095
2;2946;3332;3993;4095
2;2944;3334;3998;4095
2;2944;3330;4015;4095
2;2944;3331;4006;4095
2;2943;3327;4013;4095
2;2946;3337;4010;4095
2;2946;3333;4006;4095
2;2947;3336;4009;4095
2;2941;3335;4003;4095
2;2944;3330;4007;4095
2;2945;3331;4011;4095
2;2946;3334;4001;4095
2;2946;3332;4002;4095
2;2944;3334;4009;4095
2;2949;3335;4007;4095
2;2944;3337;4017;4095
2;2943;3335;4012;4095
2;2943;3334;4006;4095
2;2945;3333;4003;4095
2;2945;3338;4009;4095
2;2945;3335;4004;4095
2;2947;3334;4007;4095
2;2943;3338;4006;4095
2;2949;3340;4000;4095
2;2948;3333;4006;4095
2;2947;3339;4012;4095
2;2947;3335;4002;4095
2;2947;3334;4011;4095
2;2946;3329;4016;4095
2;2947;3333;4004;4095
2;2949;3338;4007;4095
2;2949;3339;4005;4095
2;2943;3334;4008;4095
2;2945;3335;4010;4095
2;2945;3340;4005;4095
2;2943;3339;4011;4095
2;2943;3336;4006;4095
2;2949;3335;4005;4095
2;2945;3339;4002;4095
2;2945;3339;4010;4095
2;2943;3335;4007;4095
2;2949;3337;4001;4095
2;2946;3338;4006;4095
2;2948;3339;4003;4095
2;2947;3335;4010;4095
2;2944;3330;4016;4095
2;2947;3337;4006;4095
2;2944;3332;4009;4095
2;2947;3335;4011;4095
2;2944;3335;4010;4095
2;2945;3337;4001;4095
2;2944;3333;4005;4095
2;2944;3337;4004;4095
2;2946;3338;4001;4095
2;2943;3334;4007;4095
2;2942;3331;4001;4095
2;2943;3333;4007;4095
2;2942;3333;4006;4095
2;2945;3334;4015;4095
2;2945;3333;4006;4095
2;2945;3334;3999;4095
2;2946;3333;4006;4095
2;2947;3335;4005;4095
2;2947;3335;4003;4095
2;2943;3330;4008;4095
2;2943;3331;4009;4095
2;2944;3333;4007;4095
2;2943;3333;4011;4095
2;2942;3335;4006;4095
2;2944;3335;4010;4095
2;2949;3335;4007;4095
2;2946;3335;4015;4095
2;2947;3334;4011;4095
2;2944;3336;4005;4095
2;2946;3334;4016;4095
2;2944;3337;4010;4095
2;2945;3341;4005;4095
2;2945;3336;4009;4095
2;2945;3333;4003;4095
2;2945;3333;4010;4095
2;2946;3335;4014;4095
2;2946;3333;4009;4095
2;2948;3335;4002;4095
2;2948;3333;4009;4095
2;2947;3335;4006;4095
2;2947;3335;4015;4095
2;2947;3333;4010;4095
2;2945;3333;4007;4095
2;2946;3335;4011;4095
2;2947;3334;4009;4095
2;2949;3332;4007;4095
2;2945;3337;4015;4095
2;2944;3334;4015;4095
2;2948;3341;4015;4095
2;2946;3334;4013;4095
2;2949;3335;4011;4095
2;2950;3341;4010;4095
2;2947;3335;4011;4095
2;2947;3341;4001;4095
2;2943;3336;4007;4095
2;2946;3334;4011;4095
2;2948;3343;4007;4095
2;2943;3339;4007;4095
2;2948;3335;4015;4095
2;2946;3334;4011;4095
2;2947;3338;4013;4095
2;2942;3338;4000;4095
2;2946;3340;4015;4095
2;2948;3334;4010;4095
2;2944;3335;4013;4095
2;2946;3333;4009;4095
2;2951;3334;4006;4095
2;2947;3335;4015;4095
2;2947;3336;4010;4095
2;2944;3333;4011;4095
2;2942;3332;4003;4095
2;2939;3330;4007;4095
2;2944;3331;4010;4095
2;2941;3339;4003;4095
2;2944;3335;4011;4095
2;2941;3331;4010;4095
2;2944;3332;4007;4095
2;2943;3334;4009;4095
2;2945;3331;4009;4095
2;2943;3330;4013;4095
2;2944;3335;4007;4095
2;2946;3338;4013;4095
2;2945;3333;4011;4095
2;2942;3331;3999;4095
2;2946;3332;4014;4095
2;2944;3333;4015;4095
2;2945;3334;3999;4095
2;2944;3333;4009;4095
2;2945;3333;4009;4095
2;2946;3333;4014;4095
2;2946;3335;4010;4095
2;2941;3335;4015;4095
2;2946;3332;4009;4095
2;2947;3335;4006;4095
2;2946;3337;4005;4095
2;2945;3333;4005;4095
2;2946;3333;4013;4095
2;2942;3335;4011;4095
2;2946;3331;4002;4095
2;2945;3339;4004;4095
2;2945;3343;4010;4095
2;2944;3331;4006;4095
2;2944;3331;4000;4095
2;2944;3333;4013;4095
2;2944;3334;4007;4095
2;2943;3333;4011;4095
2;2943;3331;4007;4095
2;2944;3333;3999;4095
2;2939;3327;4007;4095
2;2944;3328;4011;4095
2;2944;3332;4013;4095
2;2943;3331;4011;4095
2;2941;3334;4015;4095
2;2943;3331;4007;4095
2;2943;3328;4002;4095
2;2942;3331;4016;4095
2;2944;3333;3999;4095
2;2939;3332;4000;4095
2;2944;3331;4001;4095
2;2946;3334;4010;4095
2;2943;3334;4013;4095
2;2946;3330;4017;4095
2;2943;3330;4009;4095
2;2945;3334;4010;4095
2;2947;3329;3997;4095
2;2944;3333;4009;4095
2;2947;3333;4013;4095
2;2943;3336;4007;4095
2;2947;3335;4010;4095
2;2942;3337;4009;4095
2;2949;3335;4000;4095
2;2948;3333;4011;4095
2;2946;3337;4003;4095
2;2944;3333;4011;4095
2;2949;3331;4006;4095
2;2946;3335;4015;4095
2;2945;3337;4006;4095
2;2942;3330;4005;4095
2;2938;3328;4002;4095
2;2943;3335;4005;4095
2;2943;3331;4006;4095
2;2944;3329;4006;4095
2;2942;3331;4010;4095
2;2944;3333;4014;4095
2;2940;3335;4009;4095
2;2939;3334;4011;4095
2;2943;3326;4007;4095
2;2941;3330;4005;4095
2;2944;3334;4010;4095
2;2942;3332;4012;4095
3;2942;3332;4014;4095
3;2945;3328;4003;4095
3;2942;3330;4016;4095
3;2943;3328;4010;4095
3;2945;3330;4007;4095
3;2941;3332;4015;4095
3;2943;3330;4007;4095
3;2943;3330;4015;4095
3;2943;3333;4014;4095
3;2943;3335;4011;4095
3;2939;3333;4010;4095
3;2944;3329;3999;4095
3;2944;3329;4014;4095
3;2943;3331;4013;4095
3;2943;3331;4015;4095
3;2941;3335;4014;4095
3;2942;3328;4013;4095
3;2944;3333;4013;4095
3;2939;3329;4012;4095
3;2942;3330;4005;4095
3;2943;3329;4006;4095
3;2942;3334;4013;4095
3;2944;3331;4011;4095
3;2946;3333;4013;4095
3;2943;3335;4016;4095
3;2942;3329;4011;4095
3;2942;3332;4010;4095
3;2944;3334;4016;4095
3;2944;3331;4011;4095
3;2942;3333;4012;4095
3;2943;3332;4003;4095
3;2944;3332;4006;4095
3;2938;3331;4003;4095
3;2944;3330;4016;4095
3;2943;3333;4011;4095
3;2942;3330;4006;4095
3;2943;3335;4015;4095
3;2943;3334;4007;4095
3;2944;3332;4011;4095
3;2943;3333;4013;4095
3;2945;3331;4013;4095
3;2944;3334;4014;4095
3;2945;3329;4006;4095
3;2941;3331;4014;4095
3;2943;3332;4007;4095
3;2944;3334;4009;4095
3;2943;3330;4011;4095
3;2943;3328;4005;4095
3;2943;3328;4010;4095
3;2944;3332;4012;4095
3;2942;3329;4014;4095
3;2942;3332;4010;4095
3;2943;3334;4013;4095
3;2944;3332;4012;4095
3;2939;3333;4012;4095
3;2944;3334;4009;4095
3;2944;3330;4003;4095
3;2943;3329;4018;4095
3;2943;3330;4011;4095
3;2939;3330;4016;4095
3;2939;3329;4013;4095
3;2942;3331;4014;4095
3;2934;3330;4016;4095
3;2941;3329;4001;4095
3;2944;3335;4005;4095
3;2940;3335;4010;4095
3;2934;3328;4013;4095
3;2944;3333;4015;4095
3;2941;3331;4007;4095
3;2939;3329;4010;4095
3;2939;3331;4016;4095
3;2940;3331;4008;4095
3;2939;3329;4016;4095
3;2942;3331;4003;4095
3;2941;3327;4006;4095
3;2935;3328;4014;4095
3;2935;3328;4016;4095
3;2933;3326;4011;4095
3;2933;3332;4013;4095
3;2939;3328;4002;4095
3;2942;3332;4011;4095
3;2941;3327;4010;4095
3;2942;3329;4006;4095
3;2941;3329;4010;4095
3;2937;3328;4013;4095
3;2935;3328;4016;4095
3;2935;3328;4007;4095
3;2931;3326;4009;4095
3;2933;3327;4007;4095
3;2935;3327;4009;4095
3;2936;3329;4009;4095
3;2930;3328;4000;4095
3;2934;3326;3999;4095
3;2935;3326;4007;4095
3;2935;3328;4013;4095
3;2932;3328;4012;4095
3;2938;3328;4004;4095
3;2938;3326;4005;4095
3;2933;3329;4007;4095
3;2938;3331;4013;4095
3;2938;3328;4001;4095
3;2938;3329;4005;4095
3;2938;3328;4014;4095
3;2938;3328;4002;4095
3;2939;3329;4016;4095
3;2935;3328;4011;4095
3;2941;3328;4013;4095
3;2937;3329;4006;4095
3;2935;3330;4011;4095
3;2935;3328;4015;4095
3;2937;3329;4011;4095
3;2937;3330;4006;4095
3;2937;3330;4003;4095
3;2938;3328;4011;4095
3;2941;3328;4006;4095
3;2941;3329;4001;4095
3;2940;3334;4015;4095
3;2939;3330;4017;4095
3;2943;3332;4007;4095
3;2939;3328;4016;4095
3;2935;3329;4005;4095
3;2935;3330;4010;4095
3;2939;3330;4016;4095
3;2941;3330;4011;4095
3;2940;3331;4014;4095
3;2941;3329;4015;4095
3;2939;3331;4015;4095
3;2939;3334;4010;4095
3;2942;3329;4016;4095
3;2942;3331;4014;4095
3;2941;3332;4013;4095
3;2943;3330;4005;4095
3;2939;3330;4013;4095
3;2941;3328;4011;4095
3;2944;3334;4012;4095
3;2942;3331;4003;4095
3;2943;3332;4010;4095
3;2938;3333;4015;4095
3;2941;3331;4015;4095
3;2942;3328;4009;4095
3;2943;3330;4006;4095
3;2935;3334;4015;4095
3;2945;3334;4013;4095
3;2942;3334;4006;4095
3;2942;3335;4019;4095
3;2943;3331;4014;4095
3;2945;3333;4013;4095
3;2944;3330;4014;4095
3;2941;3330;4013;4095
3;2943;3331;4010;4095
3;2943;3335;4014;4095
3;2947;3333;4011;4095
3;2943;3337;4014;4095
3;2943;3333;4015;4095
3;2944;3334;4015;4095
3;2942;3333;4015;4095
3;2943;3330;4018;4095
3;2943;3333;4016;4095
3;2943;3339;4005;4095
3;2942;3334;4014;4095
3;2943;3332;4013;4095
3;2941;3332;4013;4095
3;2943;3331;4016;4095
3;2942;3331;4016;4095
3;2943;3335;4011;4095
3;2943;3329;4014;4095
3;2942;3330;4028;4095
3;2943;3333;4016;4095
3;2942;3331;4007;4095
3;2945;3338;4012;4095
3;2936;3337;4007;4095
3;2941;3331;4015;4095
3;2943;3330;4015;4095
3;2942;3333;4021;4095
3;2941;3334;4006;4095
3;2941;3330;4014;4095
3;2940;3334;4009;4095
3;2943;3333;4016;4095
3;2944;3337;4002;4095
3;2943;3331;4010;4095
3;2943;3338;4019;4095
3;2940;3334;4011;4095
3;2942;3330;4016;4095
3;2941;3340;4007;4095
3;2940;3331;4007;4095
3;2941;3330;4017;4095
3;2939;3333;4017;4095
3;2941;3333;4009;4095
3;2941;3329;4016;4095
3;2941;3331;4013;4095
3;2940;3332;4013;4095
3;2941;3331;4014;4095
3;2943;3328;4007;4095
3;2941;3335;4016;4095
3;2942;3333;4016;4095
3;2941;3330;4015;4095
3;2942;3329;4012;4095
3;2942;3330;4015;4095
3;2935;3331;4005;4095
3;2942;3333;4014;4095
3;2941;3329;4009;4095
3;2941;3330;4016;4095
3;2942;3331;4015;4095
3;2937;3334;4011;4095
3;2941;3329;4010;4095
3;2939;3328;4016;4095
3;2935;3333;4016;4095
3;2939;3328;4011;4095
3;2941;3332;4009;4095
3;2934;3331;4007;4095
3;2941;3333;4010;4095
3;2939;3333;4013;4095
3;2941;3329;4013;4095
3;2942;3330;4016;4095
3;2943;3328;4019;4095
3;2941;3333;4015;4095
3;2943;3331;4013;4095
3;2941;3328;4014;4095
3;2937;3330;4016;4095
3;2939;3328;4011;4095
3;2944;3328;4016;4095
3;2943;3333;4016;4095
3;2943;3333;4011;4095
3;2942;3327;4016;4095
3;2942;3330;4016;4095
3;2943;3333;4011;4095
3;2941;3328;4007;4095
3;2940;3331;4012;4095
3;2939;3330;4016;4095
3;2939;3330;4016;4095
3;2934;3330;4001;4095
3;2942;3328;4014;4095
3;2943;3335;4013;4095
3;2939;3329;4013;4095
3;2943;3334;4016;4095
3;2939;3334;4013;4095
3;2943;3330;4014;4095
3;2944;3333;4019;4095
3;2938;3331;4015;4095
3;2944;3330;4012;4095
4;2943;3331;4015;4095
4;2943;3332;4011;4095
4;2943;3337;4009;4095
4;2943;3331;4016;4095
4;2942;3331;4011;4095
4;2942;3335;4015;4095
4;2940;3337;4014;4095
4;2937;3328;4022;4095
4;2934;3338;4011;4095
4;2939;3342;4017;4095
4;2941;3331;4013;4095
4;2938;3330;4017;4095
4;2940;3330;4009;4095
4;2943;3329;4022;4095
4;2943;3334;4013;4095
4;2941;3332;4016;4095
4;2942;3329;4016;4095
4;2944;3330;4012;4095
4;2943;3336;4015;4095
4;2940;3334;4002;4095
4;2938;3332;4014;4095
4;2940;3333;4016;4095
4;2938;3332;4017;4095
4;2946;3333;4013;4095
4;2944;3331;4016;4095
4;2950;3337;4017;4095
4;2947;3335;4016;4095
4;2945;3333;4012;4095
4;2939;3331;4017;4095
4;2943;3331;4007;4095
4;2942;3329;4010;4095
4;2942;3330;4015;4095
4;2939;3331;4017;4095
4;2934;3335;4005;4095
4;2939;3333;4009;4095
4;2944;3334;4011;4095
4;2941;3335;4009;4095
4;2947;3334;4014;4095
4;2946;3342;4013;4095
4;2944;3337;4019;4095
4;2947;3341;4015;4095
4;2943;3339;4015;4095
4;2945;3337;4016;4095
4;2946;3331;4017;4095
4;2944;3335;4015;4095
4;2945;3337;4015;4095
4;2943;3338;4013;4095
4;2945;3334;4020;4095
4;2945;3337;4016;4095
4;2939;3335;4016;4095
4;2941;3335;4016;4095
4;2946;3335;4016;4095
4;2942;3335;4016;4095
4;2944;3333;4015;4095
4;2943;3335;4014;4095
4;2943;3330;4014;4095
4;2942;3334;4009;4095
4;2942;3335;4011;4095
4;2943;3333;4010;4095
4;2943;3337;4005;4095
4;2942;3339;4014;4095
4;2942;3335;4011;4095
4;2943;3335;4016;4095
4;2942;3334;4009;4095
4;2942;3335;4007;4095
4;2943;3329;4013;4095
4;2937;3331;4016;4095
4;2940;3334;4005;4095
4;2939;3333;4017;4095
4;2942;3331;4015;4095
4;2934;3331;4014;4095
4;2939;3339;4016;4095
4;2944;3331;4011;4095
4;2943;3334;4015;4095
4;2943;3337;4012;4095
4;2944;3333;4002;4095
4;2943;3334;4015;4095
4;2944;3334;4009;4095
4;2945;3334;4016;4095
4;2943;3337;4015;4095
4;2945;3337;4006;4095
4;2946;3338;4015;4095
4;2945;3343;4015;4095
4;2945;3339;4014;4095
4;2947;3337;4021;4095
4;2943;3339;4015;4095
4;2946;3335;4015;4095
4;2948;3338;4009;4095
4;2944;3338;4016;4095
4;2944;3330;4016;4095
4;2944;3338;4016;4095
4;2948;3340;4011;4095
4;2946;3338;4016;4095
4;2945;3340;4016;4095
4;2944;3340;4011;4095
4;2946;3340;4015;4095
4;2947;3341;4016;4095
4;2941;3335;4019;4095
4;2949;3338;4015;4095
4;2944;3339;4016;4095
4;2944;3338;4016;4095
4;2945;3337;4016;4095
4;2946;3338;4017;4095
4;2945;3338;4016;4095
4;2946;3337;4015;4095
4;2943;3339;4016;4095
4;2943;3338;4016;4095
4;2944;3337;4016;4095
4;2944;3338;4016;4095
4;2943;3335;4014;4095
4;2944;3334;4015;4095
4;2939;3339;4019;4095
4;2944;3333;4016;4095
4;2943;3339;4009;4095
4;2943;3334;4007;4095
4;2944;3343;4016;4095
4;2945;3333;4018;4095
4;2944;3336;4016;4095
4;2943;3335;4016;4095
4;2945;3338;4015;4095
4;2943;3334;4017;4095
4;2944;3335;4015;4095
4;2941;3337;4015;4095
4;2947;3337;4016;4095
4;2944;3339;4016;4095
4;2943;3338;4016;4095
4;2942;3341;4016;4095
4;2942;3339;4016;4095
4;2945;3337;4013;4095
4;2944;3337;4015;4095
4;2944;3337;4016;4095
4;2946;3338;4014;4095
4;2945;3335;4018;4095
4;2943;3340;4013;4095
4;2942;3331;4017;4095
4;2943;3333;4014;4095
4;2943;3333;4010;4095
4;2945;3338;4011;4095
4;2944;3333;4013;4095
4;2942;3339;4019;4095
4;2943;3339;4005;4095
4;2944;3335;4010;4095
4;2945;3339;4016;4095
4;2942;3333;4014;4095
4;2942;3335;4015;4095
4;2943;3342;4016;4095
4;2943;3339;4016;4095
4;2943;3339;4015;4095
4;2944;3335;4014;4095
4;2941;3334;4016;4095
4;2944;3337;4021;4095
4;2944;3339;4017;4095
4;2947;3338;4016;4095
4;2947;3342;4010;4095
4;2944;3335;4006;4095
4;2946;3333;4007;4095
4;2945;3338;4017;4095
4;2944;3340;4016;4095
4;2945;3337;4016;4095
4;2942;3335;4010;4095
4;2943;3337;4016;4095
4;2943;3340;4011;4095
4;2940;3335;4010;4095
4;2943;3337;4013;4095
4;2943;3338;4016;4095
4;2943;3331;4015;4095
4;2943;3332;4016;4095
4;2943;3338;4010;4095
4;2940;3337;4005;4095
4;2943;3339;4016;4095
4;2944;3331;4017;4095
4;2944;3337;4007;4095
4;2944;3338;4016;4095
4;2944;3334;4022;4095
4;2945;3333;4006;4095
4;2944;3335;4015;4095
4;2943;3335;4016;4095
4;2944;3334;4018;4095
4;2942;3334;4017;4095
4;2944;3334;4016;4095
4;2943;3332;4022;4095
4;2943;3332;4015;4095
4;2942;3334;4016;4095
4;2946;3335;4018;4095
4;2945;3338;4016;4095
4;2943;3333;4010;4095
4;2942;3337;4019;4095
4;2941;3331;4024;4095
4;2944;3332;4013;4095
4;2943;3332;4014;4095
4;2940;3335;4012;4095
4;2943;3339;4011;4095
4;2944;3334;4017;4095
4;2941;3331;4015;4095
4;2940;3332;4018;4095
4;2943;3331;4007;4095
4;2943;3332;4016;4095
4;2943;3331;4015;4095
4;2943;3333;4016;4095
4;2945;3333;4016;4095
4;2944;3332;4016;4095
4;2942;3332;4003;4095
4;2935;3334;4015;4095
4;2943;3331;4012;4095
4;2942;3333;4015;4095
4;2942;3332;4016;4095
4;2935;3334;4016;4095
4;2943;3332;4019;4095
4;2941;3333;4014;4095
4;2943;3334;4015;4095
4;2943;3338;4014;4095
4;2939;3335;4015;4095
4;2940;3332;4015;4095
4;2942;3335;4018;4095
4;2943;3334;4021;4095
4;2941;3334;4016;4095
4;2939;3335;4019;4095
4;2937;3328;4016;4095
4;2943;3331;4016;4095
4;2940;3332;4018;4095
4;2944;3333;4014;4095
4;2938;3332;4016;4095
4;2939;3331;4016;4095
4;2939;3335;4017;4095
4;2943;3331;4010;4095
4;2942;3337;4021;4095
4;2943;3334;4019;4095
4;2942;3331;4018;4095
4;2943;3334;4016;4095
4;2938;3341;4006;4095
4;2942;3331;4009;4095
4;2943;3335;4015;4095
4;2943;3339;4014;4095
4;2943;3335;4011;4095
4;2941;3334;4017;4095
4;2941;3335;4011;4095
4;2942;3338;4016;4095
4;2942;3331;4015;4095
4;2944;3338;4010;4095
4;2939;3335;4026;4095
4;2939;3332;4016;4095
4;2944;3333;4016;4095
4;2945;3333;4017;4095
4;2947;3337;4016;4095
4;2945;3339;4009;4095
4;2944;3334;4016;4095
4;2945;3337;4018;4095
4;2943;3338;4019;4095
4;2946;3335;4016;4095
4;2943;3334;4026;4095
4;2943;3337;4016;4095
4;2944;3339;4016;4095
4;2946;3337;4011;4095
4;2944;3336;4016;4095
4;2948;3343;4014;4095
4;2947;3335;4021;4095
4;2943;3343;4020;4095
4;2945;3340;4022;4095
4;2944;3338;4019;4095
4;2944;3339;4016;4095
4;2947;3337;4025;4095
4;2946;3342;4012;4095
4;2944;3339;4016;4095
4;2947;3338;4016;4095
4;2949;3338;4021;4095
4;2945;3344;4009;4095
4;2947;3343;4018;4095
4;2949;3339;4016;4095
4;2944;3338;4021;4095
4;2947;3342;4016;4095
4;2946;3344;4019;4095
4;2944;3337;4020;4095
4;2949;3341;4019;4095
4;2946;3337;4016;4095
4;2945;3336;4018;4095
4;2945;3338;4019;4095
4;2945;3338;4024;4095
4;2937;3334;4015;4095
4;2943;3336;4020;4095
4;2943;3334;4015;4095
4;2945;3338;4016;4095
4;2944;3339;4016;4095
4;2934;3335;4009;4095
4;2943;3339;4016;4095
5;2943;3334;4017;4095
5;2943;3335;4016;4095
5;2935;3339;4016;4095
5;2942;3335;4018;4095
5;2943;3335;4016;4095
5;2944;3339;4014;4095
5;2938;3334;4017;4095
5;2942;3335;4019;4095
5;2944;3341;4016;4095
5;2943;3339;4016;4095
5;2944;3334;4016;4095
5;2943;3335;4015;4095
5;2941;3335;4016;4095
5;2945;3338;4016;4095
5;2944;3342;4016;4095
5;2944;3334;4015;4095
5;2941;3335;4030;4095
5;2942;3337;4016;4095
5;2944;3339;4016;4095
5;2938;3338;4010;4095
5;2944;3339;4009;4095
5;2944;3339;4022;4095
5;2943;3334;4016;4095
5;2944;3341;4018;4095
5;2942;3338;4017;4095
5;2947;3339;4016;4095
5;2944;3339;4016;4095
5;2943;3341;4016;4095
5;2946;3338;4021;4095
5;2947;3335;4019;4095
5;2944;3339;4030;4095
5;2944;3338;4014;4095
5;2946;3338;4016;4095
5;2942;3338;4015;4095
5;2947;3342;4016;4095
5;2946;3340;4016;4095
5;2946;3344;4017;4095
5;2944;3338;4016;4095
5;2944;3342;4011;4095
5;2947;3337;4016;4095
5;2949;3339;4020;4095
5;2947;3344;4016;4095
5;2945;3341;4018;4095
5;2945;3338;4016;4095
5;2941;3340;4018;4095
5;2947;3343;4016;4095
5;2945;3341;4012;4095
5;2945;3338;4016;4095
5;2944;3340;4016;4095
5;2942;3342;4016;4095
5;2944;3334;4016;4095
5;2943;3338;4016;4095
5;2941;3341;4017;4095
5;2945;3341;4015;4095
5;2941;3338;4018;4095
5;2942;3337;4015;4095
5;2942;3336;4014;4095
5;2944;3341;4011;4095
5;2945;3337;4013;4095
5;2945;3344;4019;4095
5;2943;3334;4024;4095
5;2943;3338;4016;4095
5;2944;3334;4016;4095
5;2938;3335;4011;4095
5;2944;3337;4016;4095
5;2945;3340;4016;4095
5;2944;3342;4016;4095
5;2944;3340;4016;4095
5;2942;3337;4016;4095
5;2942;3338;4017;4095
5;2943;3341;4007;4095
5;2944;3334;4027;4095
5;2944;3335;4022;4095
5;2943;3335;4018;4095
5;2945;3338;4016;4095
5;2944;3337;4016;4095
5;2946;3338;4019;4095
5;2944;3339;4022;4095
5;2943;3337;4019;4095
5;2947;3335;4016;4095
5;2943;3338;4018;4095
5;2945;3337;4011;4095
5;2945;3337;4016;4095
5;2941;3335;4016;4095
5;2944;3338;4015;4095
5;2943;3334;4011;4095
5;2941;3335;4010;4095
5;2944;3335;4006;4095
5;2944;3335;4016;4095
5;2943;3337;4022;4095
5;2942;3334;4015;4095
5;2941;3335;4015;4095
5;2945;3338;4018;4095
5;2944;3338;4016;4095
5;2944;3333;4009;4095
5;2942;3337;4017;4095
5;2947;3341;4026;4095
5;2943;3337;4016;4095
5;2946;3338;4015;4095
5;2944;3339;4021;4095
5;2946;3339;4011;4095
5;2945;3339;4016;4095
5;2946;3341;4026;4095
5;2944;3341;4016;4095
5;2946;3335;4016;4095
5;2945;3335;4013;4095
5;2944;3335;4019;4095
5;2943;3334;4023;4095
5;2939;3334;4016;4095
5;2944;3339;4021;4095
5;2944;3334;4016;4095
5;2943;3334;4016;4095
5;2946;3335;4022;4095
5;2945;3335;4016;4095
5;2941;3334;4011;4095
5;2941;3335;4016;4095
5;2942;3334;4013;4095
5;2940;3331;4007;4095
5;2935;3338;4015;4095
5;2935;3333;4015;4095
5;2939;3333;4017;4095
5;2937;3331;4017;4095
5;2934;3334;4012;4095
5;2939;3331;4016;4095
5;2938;3339;4016;4095
5;2933;3332;4019;4095
5;2939;3329;4016;4095
5;2939;3333;4012;4095
5;2937;3330;4015;4095
5;2937;3332;4007;4095
5;2939;3334;4012;4095
5;2935;3332;4016;4095
5;2935;3332;4018;4095
5;2939;3331;4017;4095
5;2938;3332;4011;4095
5;2939;3335;4016;4095
5;2935;3334;4016;4095
5;2938;3334;4013;4095
5;2938;3334;4019;4095
5;2940;3335;4016;4095
5;2938;3333;4016;4095
5;2939;3334;4011;4095
5;2939;3331;4016;4095
5;2931;3334;4011;4095
5;2939;3332;4016;4095
5;2938;3335;4009;4095
5;2937;3331;4015;4095
5;2939;3332;4016;4095
5;2939;3334;4016;4095
5;2935;3331;4014;4095
5;2935;3333;4016;4095
5;2934;3333;4015;4095
5;2941;3333;4017;4095
5;2938;3331;4014;4095
5;2935;3331;4017;4095
5;2941;3333;4016;4095
5;2941;3335;4016;4095
