1;2927;3263;3998;4095
1;2922;3253;3984;4095
1;2930;3263;3989;4095
1;2928;3260;3986;4095
1;2928;3258;3997;4095
1;2925;3262;4000;4095
1;2923;3263;4001;4095
1;2919;3255;3999;4095
1;2913;3255;3999;4095
1;2912;3248;3999;4095
1;2897;3241;3999;4095
1;2894;3242;4006;4095
1;2897;3246;3998;4095
1;2897;3243;3994;4095
1;2895;3245;3988;4095
1;2896;3244;4002;4095
1;2894;3244;3999;4095
1;2890;3239;4000;4095
1;2895;3239;3995;4095
1;2892;3243;3990;4095
1;2892;3243;3987;4095
1;2895;3238;4007;4095
1;2891;3239;4002;4095
1;2890;3235;4000;4095
1;2895;3247;4003;4095
1;2891;3235;3999;4095
1;2889;3238;4006;4095
1;2885;3233;3993;4095
1;2884;3232;3999;4095
1;2885;3233;3999;4095
1;2884;3235;3994;4095
1;2881;3235;4005;4095
1;2886;3234;4002;4095
1;2915;3260;4019;4095
1;2917;3261;4010;4095
1;2916;3258;4007;4095
1;2890;3242;4010;4095
1;2896;3248;4011;4095
1;2894;3238;3993;4095
1;2903;3252;3999;4095
1;2901;3248;4001;4095
1;2896;3248;4002;4095
1;2919;3260;4015;4095
1;2943;3287;4014;4095
1;2899;3248;3998;4095
1;2897;3248;4000;4095
1;2925;3269;4027;4095
1;2933;3275;4012;4095
1;2927;3271;4016;4095
1;2906;3258;4015;4095
1;2896;3245;3995;4095
1;2889;3237;3999;4095
1;2880;3227;3986;4095
1;2883;3227;3992;4095
1;2881;3227;3991;4095
1;2882;3222;3975;4095
1;2879;3222;3984;4095
1;2871;3221;3986;4095
1;2874;3220;3986;4095
1;2873;3222;3979;4095
1;2875;3220;3981;4095
1;2874;3219;3990;4095
1;2877;3219;3984;4095
1;2877;3221;3985;4095
1;2900;3245;4006;4095
1;2956;3292;4021;4095
1;2927;3264;4013;4095
1;2928;3265;4013;4095
1;2927;3265;4002;4095
1;2923;3260;4005;4095
1;2927;3267;4010;4095
1;2940;3286;4033;4095
1;2913;3264;4007;4095
1;2923;3267;4012;4095
1;2877;3231;4003;4095
1;2917;3259;4011;4095
1;2975;3312;4028;4095
1;2962;3299;4016;4095
1;2948;3282;4016;4095
1;2929;3265;3998;4095
1;2938;3270;4004;4095
1;2918;3254;3999;4095
1;2893;3231;3993;4095
1;2928;3262;4010;4095
1;2919;3251;4003;4095
1;2926;3259;4012;4095
1;2917;3254;3991;4095
1;2922;3263;4006;4095
1;2912;3250;4007;4095
1;2908;3252;4002;4095
1;2906;3250;4007;4095
1;2907;3250;4002;4095
1;2906;3252;4013;4095
1;2907;3249;4003;4095
1;2901;3249;4007;4095
1;2898;3249;4011;4095
1;2902;3248;4013;4095
1;2901;3248;4000;4095
1;2901;3248;4010;4095
1;2903;3249;4011;4095
1;2900;3250;4013;4095
1;2897;3248;4015;4095
1;2899;3253;4015;4095
1;2900;3248;4016;4095
1;2905;3251;4006;4095
1;2907;3254;4016;4095
1;2903;3251;4014;4095
1;2903;3254;4018;4095
1;2902;3254;4005;4095
1;2901;3251;4011;4095
1;2898;3252;4012;4095
1;2899;3251;4018;4095
1;2897;3249;4010;4095
1;2900;3248;4017;4095
1;2899;3248;4015;4095
1;2896;3248;4014;4095
1;2897;3250;4005;4095
1;2899;3248;4003;4095
1;2898;3250;4007;4095
1;2896;3251;4013;4095
1;2899;3250;4025;4095
1;2896;3251;4016;4095
1;2898;3248;4016;4095
1;2895;3248;4016;4095
1;2896;3251;4011;4095
1;2897;3248;4014;4095
1;2897;3249;4016;4095
1;2899;3250;4014;4095
1;2896;3248;4016;4095
1;2896;3248;4016;4095
1;2897;3249;4019;4095
1;2897;3250;4017;4095
1;2898;3248;4015;4095
1;2896;3249;4015;4095
1;2901;3249;4016;4095
1;2898;3253;4017;4095
1;2899;3254;4016;4095
1;2901;3254;4016;4095
1;2897;3249;4016;4095
1;2902;3253;4017;4095
1;2897;3252;4015;4095
1;2897;3251;4016;4095
1;2899;3248;4027;4095
1;2896;3250;4015;4095
1;2896;3250;4018;4095
1;2897;3253;4016;4095
1;2897;3251;4016;4095
1;2896;3248;4023;4095
1;2896;3249;4014;4095
1;2893;3247;4012;4095
1;2918;3261;4016;4095
1;2922;3266;4016;4095
1;2911;3250;4013;4095
1;2905;3248;3999;4095
1;2908;3251;3999;4095
1;2906;3248;4013;4095
1;2911;3253;4004;4095
1;2911;3257;4001;4095
1;2935;3273;4021;4095
1;2934;3280;4022;4095
1;2938;3281;4019;4095
1;2933;3279;4020;4095
1;2933;3279;4017;4095
1;2929;3279;4026;4095
1;2929;3279;4019;4095
1;2930;3278;4022;4095
1;2928;3281;4025;4095
1;2929;3279;4025;4095
1;2928;3280;4029;4095
1;2928;3280;4027;4095
1;2929;3280;4027;4095
1;2931;3280;4031;4095
1;2929;3280;4024;4095
1;2929;3279;4020;4095
1;2928;3277;4031;4095
1;2923;3278;4033;4095
1;2925;3275;4034;4095
1;2923;3273;4021;4095
1;2925;3276;4023;4095
1;2921;3278;4026;4095
1;2928;3275;4019;4095
1;2923;3277;4029;4095
1;2918;3273;4031;4095
1;2925;3271;4032;4095
1;2925;3274;4029;4095
1;2925;3274;4029;4095
1;2925;3271;4030;4095
1;2925;3279;4034;4095
1;2926;3271;4023;4095
1;2927;3274;4019;4095
1;2927;3275;4041;4095
1;2928;3277;4030;4095
1;2928;3274;4032;4095
1;2925;3279;4030;4095
1;2928;3275;4032;4095
1;2927;3275;4031;4095
1;2928;3277;4027;4095
1;2928;3275;4028;4095
1;2924;3277;4020;4095
1;2923;3275;4023;4095
1;2927;3277;4030;4095
1;2928;3275;4029;4095
1;2923;3274;4033;4095
1;2925;3274;4030;4095
1;2921;3275;4028;4095
1;2928;3275;4029;4095
1;2922;3274;4023;4095
1;2923;3271;4028;4095
1;2918;3274;4024;4095
1;2923;3270;4027;4095
1;2919;3270;4029;4095
1;2923;3271;4027;4095
1;2922;3270;4026;4095
1;2923;3275;4036;4095
1;2920;3275;4032;4095
1;2919;3275;4031;4095
1;2919;3268;4032;4095
1;2923;3270;4026;4095
1;2916;3270;4032;4095
1;2924;3275;4034;4095
1;2918;3271;4032;4095
1;2914;3267;4030;4095
1;2917;3267;4021;4095
1;2922;3271;4027;4095
1;2918;3270;4027;4095
1;2922;3271;4027;4095
1;2919;3267;4033;4095
1;2922;3275;4025;4095
1;2916;3271;4030;4095
1;2919;3271;4027;4095
1;2918;3270;4017;4095
1;2921;3271;4029;4095
1;2915;3271;4027;4095
1;2918;3269;4023;4095
1;2923;3273;4029;4095
1;2923;3270;4030;4095
1;2918;3269;4032;4095
1;2923;3273;4022;4095
1;2919;3270;4031;4095
1;2915;3269;4031;4095
1;2918;3271;4027;4095
1;2915;3267;4020;4095
1;2914;3269;4035;4095
1;2913;3274;4032;4095
1;2913;3268;4021;4095
1;2915;3266;4022;4095
1;2911;3265;4025;4095
1;2915;3265;4030;4095
1;2912;3268;4032;4095
1;2911;3271;4031;4095
1;2913;3265;4016;4095
1;2912;3264;4027;4095
1;2912;3267;4025;4095
1;2911;3266;4018;4095
1;2915;3266;4021;4095
1;2914;3264;4028;4095
1;2912;3264;4027;4095
1;2912;3264;4022;4095
1;2911;3264;4023;4095
1;2917;3264;4027;4095
1;2910;3264;4025;4095
1;2917;3268;4020;4095
1;2913;3267;4021;4095
1;2915;3265;4034;4095
1;2913;3264;4031;4095
1;2911;3267;4032;4095
1;2912;3270;4031;4095
1;2912;3273;4029;4095
1;2915;3265;4030;4095
1;2914;3266;4030;4095
1;2915;3265;4030;4095
1;2910;3273;4033;4095
1;2914;3265;4026;4095
1;2912;3265;4026;4095
1;2915;3265;4029;4095
1;2916;3265;4023;4095
1;2913;3267;4026;4095
1;2911;3266;4023;4095
1;2912;3269;4029;4095
1;2915;3267;4031;4095
1;2913;3266;4019;4095
1;2913;3267;4032;4095
1;2910;3264;4028;4095
1;2912;3267;4030;4095
1;2915;3268;4027;4095
1;2913;3266;4022;4095
1;2908;3264;4028;4095
1;2915;3266;4021;4095
1;2915;3270;4022;4095
1;2915;3265;4035;4095
1;2911;3268;4029;4095
1;2918;3267;4032;4095
1;2911;3265;4031;4095
1;2906;3267;4031;4095
1;2906;3266;4031;4095
1;2915;3269;4031;4095
1;2914;3267;4025;4095
1;2912;3264;4029;4095
1;2913;3269;4029;4095
1;2911;3266;4024;4095
1;2911;3266;4030;4095
1;2914;3266;4021;4095
1;2911;3267;4029;4095
1;2913;3267;4029;4095
1;2912;3267;4027;4095
1;2915;3269;4034;4095
1;2911;3269;4031;4095
1;2918;3269;4032;4095
1;2915;3265;4031;4095
1;2916;3266;4035;4095
1;2915;3266;4032;4095
1;2919;3269;4028;4095
1;2913;3267;4039;4095
1;2916;3267;4030;4095
1;2913;3266;4037;4095
1;2916;3265;4029;4095
1;2913;3265;4022;4095
1;2918;3266;4031;4095
1;2914;3267;4029;4095
1;2915;3266;4030;4095
2;2913;3265;4030;4095
2;2916;3270;4032;4095
2;2913;3266;4031;4095
2;2915;3265;4031;4095
2;2913;3268;4025;4095
2;2914;3268;4031;4095
2;2915;3266;4032;4095
2;2916;3264;4035;4095
2;2915;3266;4032;4095
2;2920;3267;4031;4095
2;2915;3269;4031;4095
2;2918;3269;4031;4095
2;2916;3271;4032;4095
2;2917;3270;4027;4095
2;2919;3269;4037;4095
2;2914;3268;4033;4095
2;2916;3270;4033;4095
2;2914;3267;4032;4095
2;2914;3267;4032;4095
2;2912;3271;4032;4095
2;2918;3269;4032;4095
2;2912;3267;4033;4095
2;2915;3269;4032;4095
2;2918;3270;4031;4095
2;2917;3266;4023;4095
2;2913;3269;4031;4095
2;2914;3267;4029;4095
2;2915;3269;4033;4095
2;2913;3266;4037;4095
2;2915;3267;4032;4095
2;2915;3266;4026;4095
2;2913;3266;4028;4095
2;2913;3265;4037;4095
2;2913;3264;4033;4095
2;2910;3267;4034;4095
2;2913;3265;4026;4095
2;2907;3267;4032;4095
2;2912;3266;4026;4095
2;2916;3269;4032;4095
2;2917;3271;4031;4095
2;2914;3268;4042;4095
2;2915;3269;4031;4095
2;2914;3268;4034;4095
2;2914;3266;4021;4095
2;2910;3270;4028;4095
2;2912;3268;4034;4095
2;2912;3266;4029;4095
2;2916;3267;4031;4095
2;2909;3271;4032;4095
2;2911;3271;4037;4095
2;2912;3263;4027;4095
2;2913;3266;4032;4095
2;2913;3267;4034;4095
2;2912;3266;4035;4095
2;2913;3265;4021;4095
2;2913;3268;4032;4095
2;2911;3269;4035;4095
2;2910;3264;4027;4095
2;2911;3267;4023;4095
2;2915;3265;4034;4095
2;2913;3265;4032;4095
2;2912;3267;4032;4095
2;2914;3268;4026;4095
2;2916;3270;4035;4095
2;2913;3266;4033;4095
2;2912;3263;4030;4095
2;2910;3266;4032;4095
2;2912;3269;4032;4095
2;2913;3264;4033;4095
2;2913;3268;4033;4095
2;2914;3265;4035;4095
2;2911;3267;4036;4095
2;2911;3266;4033;4095
2;2912;3266;4032;4095
2;2912;3271;4030;4095
2;2916;3267;4044;4095
2;2911;3269;4031;4095
2;2909;3267;4033;4095
2;2909;3264;4019;4095
2;2910;3267;4048;4095
2;2907;3264;4032;4095
2;2912;3266;4026;4095
2;2909;3266;4023;4095
2;2910;3266;4017;4095
2;2914;3268;4037;4095
2;2910;3264;4029;4095
2;2911;3267;4031;4095
2;2917;3271;4033;4095
2;2896;3255;4026;4095
2;2896;3250;4027;4095
2;2892;3248;4025;4095
2;2896;3248;4027;4095
2;2896;3254;4021;4095
2;2893;3248;4023;4095
2;2893;3251;4027;4095
2;2896;3249;4030;4095
2;2891;3250;4030;4095
2;2896;3250;4033;4095
2;2891;3249;4025;4095
2;2890;3250;4015;4095
2;2895;3251;4019;4095
2;2892;3250;4022;4095
2;2891;3248;4026;4095
2;2896;3252;4028;4095
2;2896;3249;4023;4095
2;2896;3251;4028;4095
2;2896;3248;4026;4095
2;2896;3252;4022;4095
2;2896;3251;4026;4095
2;2896;3253;4035;4095
2;2896;3251;4021;4095
2;2896;3252;4035;4095
2;2895;3250;4027;4095
2;2896;3250;4033;4095
2;2892;3251;4042;4095
2;2896;3249;4016;4095
2;2896;3254;4027;4095
2;2897;3251;4023;4095
2;2895;3255;4032;4095
2;2896;3255;4025;4095
2;2896;3250;4016;4095
2;2895;3254;4027;4095
2;2895;3250;4019;4095
2;2897;3257;4030;4095
2;2896;3253;4026;4095
2;2896;3254;4027;4095
2;2896;3255;4029;4095
2;2896;3249;4019;4095
2;2896;3249;4033;4095
2;2898;3255;4019;4095
2;2895;3253;4031;4095
2;2894;3251;4016;4095
2;2896;3251;4021;4095
2;2896;3254;4031;4095
2;2896;3252;4032;4095
2;2891;3253;4019;4095
2;2897;3253;4023;4095
2;2897;3261;4017;4095
2;2895;3250;4026;4095
2;2899;3257;4021;4095
2;2898;3253;4026;4095
2;2898;3252;4031;4095
2;2899;3259;4027;4095
2;2897;3251;4032;4095
2;2894;3250;4026;4095
2;2896;3258;4023;4095
2;2896;3255;4029;4095
2;2896;3254;4026;4095
2;2896;3254;4028;4095
2;2899;3259;4031;4095
2;2896;3258;4028;4095
2;2896;3255;4029;4095
2;2898;3258;4031;4095
2;2901;3257;4023;4095
2;2898;3255;4032;4095
2;2899;3253;4028;4095
2;2897;3254;4025;4095
2;2897;3255;4035;4095
2;2898;3253;4032;4095
2;2896;3253;4030;4095
2;2896;3253;4022;4095
2;2900;3253;4031;4095
2;2896;3259;4027;4095
2;2896;3254;4027;4095
2;2898;3255;4018;4095
2;2897;3257;4032;4095
2;2898;3259;4032;4095
2;2898;3255;4027;4095
2;2897;3255;4041;4095
2;2896;3259;4028;4095
2;2898;3255;4027;4095
2;2897;3255;4030;4095
2;2897;3253;4027;4095
2;2899;3255;4029;4095
2;2899;3258;4033;4095
2;2900;3255;4023;4095
2;2896;3255;4029;4095
2;2896;3258;4026;4095
2;2898;3259;4021;4095
2;2899;3259;4031;4095
2;2899;3264;4033;4095
2;2902;3261;4033;4095
2;2897;3256;4031;4095
2;2901;3257;4031;4095
2;2903;3258;4032;4095
2;2899;3261;4031;4095
2;2898;3262;4032;4095
2;2908;3258;4034;4095
2;2903;3259;4033;4095
2;2901;3263;4032;4095
2;2902;3262;4032;4095
2;2905;3263;4030;4095
2;2907;3262;4027;4095
2;2905;3263;4023;4095
2;2906;3259;4033;4095
2;2901;3260;4033;4095
2;2899;3261;4039;4095
2;2902;3262;4039;4095
2;2902;3263;4033;4095
2;2899;3259;4038;4095
2;2899;3262;4034;4095
2;2901;3262;4031;4095
2;2902;3261;4034;4095
2;2905;3263;4030;4095
2;2907;3264;4035;4095
2;2909;3260;4030;4095
2;2915;3264;4020;4095
2;2914;3263;4022;4095
2;2923;3266;4019;4095
2;2925;3270;4027;4095
2;2919;3267;4019;4095
2;2918;3270;4027;4095
2;2922;3269;4023;4095
2;2920;3269;4029;4095
2;2912;3268;4032;4095
2;2913;3267;4032;4095
2;2911;3263;4034;4095
2;2914;3265;4033;4095
2;2972;3317;4059;4095
2;2922;3273;4041;4095
2;2919;3273;4035;4095
2;2922;3269;4037;4095
2;2922;3279;4033;4095
2;2919;3275;4029;4095
2;2920;3275;4033;4095
2;2912;3276;4034;4095
2;2917;3271;4032;4095
2;2919;3271;4038;4095
2;2913;3267;4025;4095
2;2915;3267;4033;4095
2;2915;3265;4046;4095
2;2917;3267;4048;4095
3;2915;3269;4042;4095
3;2911;3272;4039;4095
3;2914;3270;4032;4095
3;2913;3265;4037;4095
3;2917;3273;4032;4095
3;2911;3266;4031;4095
3;2912;3267;4039;4095
3;2912;3271;4035;4095
3;2915;3270;4041;4095
3;2914;3269;4037;4095
3;2915;3269;4036;4095
3;2912;3267;4035;4095
3;2916;3263;4026;4095
3;2914;3267;4032;4095
3;2911;3270;4039;4095
3;2909;3267;4033;4095
3;2913;3264;4041;4095
3;2908;3267;4034;4095
3;2907;3266;4031;4095
3;2905;3269;4037;4095
3;2911;3269;4023;4095
3;2912;3266;4039;4095
3;2909;3264;4035;4095
3;2911;3264;4036;4095
3;2910;3266;4031;4095
3;2913;3267;4033;4095
3;2912;3265;4043;4095
3;2912;3264;4023;4095
3;2907;3266;4039;4095
3;2907;3266;4035;4095
3;2909;3267;4041;4095
3;2906;3269;4039;4095
3;2912;3263;4030;4095
3;2910;3266;4033;4095
3;2909;3266;4043;4095
3;2909;3267;4032;4095
3;2912;3267;4034;4095
3;2907;3266;4041;4095
3;2912;3269;4034;4095
3;2910;3264;4034;4095
3;2912;3267;4033;4095
3;2909;3265;4035;4095
3;2905;3266;4047;4095
3;2910;3265;4038;4095
3;2909;3266;4038;4095
3;2907;3266;4042;4095
3;2903;3263;4042;4095
3;2913;3268;4043;4095
3;2908;3269;4035;4095
3;2912;3265;4036;4095
3;2911;3267;4036;4095
3;2910;3269;4039;4095
3;2909;3264;4033;4095
3;2905;3264;4029;4095
3;2911;3267;4035;4095
3;2910;3267;4034;4095
3;2907;3266;4037;4095
3;2910;3267;4035;4095
3;2908;3267;4031;4095
3;2908;3267;4037;4095
3;2907;3263;4037;4095
3;2912;3265;4047;4095
3;2911;3265;4034;4095
3;2911;3266;4035;4095
3;2908;3264;4045;4095
3;2910;3269;4034;4095
3;2910;3269;4033;4095
3;2911;3266;4035;4095
3;2909;3265;4032;4095
3;2906;3267;4040;4095
3;2905;3271;4037;4095
3;2906;3264;4036;4095
3;2911;3271;4034;4095
3;2907;3266;4037;4095
3;2902;3264;4031;4095
3;2905;3262;4044;4095
3;2906;3264;4036;4095
3;2911;3266;4035;4095
3;2906;3266;4033;4095
3;2905;3263;4040;4095
3;2908;3264;4032;4095
3;2905;3264;4039;4095
3;2909;3267;4035;4095
3;2903;3265;4036;4095
3;2907;3267;4030;4095
3;2910;3269;4043;4095
3;2909;3268;4027;4095
3;2905;3263;4033;4095
3;2896;3257;4029;4095
3;2933;3283;4051;4095
3;2934;3290;4051;4095
3;2925;3280;4039;4095
3;2938;3292;4061;4095
3;2940;3295;4045;4095
3;2943;3293;4048;4095
3;2932;3292;4046;4095
3;2935;3294;4048;4095
3;2916;3274;4045;4095
3;2917;3270;4037;4095
3;2911;3269;4027;4095
3;2907;3265;4033;4095
3;2912;3267;4039;4095
3;2909;3270;4043;4095
3;2914;3269;4044;4095
3;2912;3271;4037;4095
3;2915;3274;4041;4095
3;2907;3268;4039;4095
3;2933;3289;4046;4095
3;2930;3283;4048;4095
3;2928;3280;4038;4095
3;2930;3281;4037;4095
3;2929;3289;4046;4095
3;2929;3283;4039;4095
3;2932;3290;4046;4095
3;2927;3285;4048;4095
3;2928;3287;4041;4095
3;2926;3285;4048;4095
3;2929;3283;4041;4095
3;2932;3287;4039;4095
3;2930;3286;4050;4095
3;2931;3290;4048;4095
3;2931;3287;4048;4095
3;2931;3291;4044;4095
3;2932;3289;4048;4095
3;2929;3283;4048;4095
3;2933;3287;4034;4095
3;2934;3285;4048;4095
3;2930;3287;4048;4095
3;2931;3291;4042;4095
3;2933;3287;4045;4095
3;2928;3286;4035;4095
3;2933;3283;4043;4095
3;2937;3292;4048;4095
3;2935;3293;4049;4095
3;2930;3284;4043;4095
3;2935;3285;4048;4095
3;2928;3287;4043;4095
3;2929;3290;4048;4095
3;2931;3283;4035;4095
3;2933;3287;4047;4095
3;2930;3290;4038;4095
3;2931;3287;4053;4095
3;2929;3291;4053;4095
3;2935;3285;4043;4095
3;2933;3287;4047;4095
3;2932;3284;4046;4095
3;2931;3287;4046;4095
3;2935;3286;4048;4095
3;2930;3287;4048;4095
3;2934;3286;4047;4095
3;2930;3288;4050;4095
3;2932;3290;4043;4095
3;2935;3291;4047;4095
3;2939;3290;4047;4095
3;2935;3293;4038;4095
3;2940;3291;4054;4095
3;2935;3295;4048;4095
3;2938;3292;4047;4095
3;2931;3290;4041;4095
3;2935;3290;4048;4095
3;2938;3293;4048;4095
3;2937;3295;4048;4095
3;2934;3292;4035;4095
3;2934;3291;4048;4095
3;2937;3294;4048;4095
3;2938;3291;4046;4095
3;2935;3294;4039;4095
3;2939;3292;4048;4095
3;2943;3289;4048;4095
3;2934;3290;4053;4095
3;2934;3291;4048;4095
3;2942;3296;4048;4095
3;2939;3292;4045;4095
3;2935;3293;4051;4095
3;2937;3293;4048;4095
3;2938;3289;4057;4095
3;2938;3294;4049;4095
3;2933;3293;4047;4095
3;2941;3292;4048;4095
3;2938;3293;4045;4095
3;2935;3296;4048;4095
3;2941;3294;4047;4095
3;2941;3292;4051;4095
3;2934;3296;4054;4095
3;2935;3292;4038;4095
3;2937;3291;4050;4095
3;2936;3294;4046;4095
3;2939;3295;4052;4095
3;2935;3294;4046;4095
3;2941;3294;4048;4095
3;2939;3287;4048;4095
3;2939;3296;4043;4095
3;2941;3294;4036;4095
3;2939;3296;4048;4095
3;2938;3293;4042;4095
3;2938;3297;4055;4095
3;2942;3298;4050;4095
3;2945;3297;4063;4095
3;2944;3299;4048;4095
3;2941;3295;4047;4095
3;2943;3297;4050;4095
3;2943;3297;4048;4095
3;2944;3299;4043;4095
3;2943;3297;4039;4095
3;2942;3300;4046;4095
3;2943;3301;4048;4095
3;2933;3291;4039;4095
3;2934;3297;4048;4095
3;2942;3294;4055;4095
3;2939;3291;4047;4095
3;2941;3299;4049;4095
3;2939;3301;4050;4095
3;2941;3298;4047;4095
3;2938;3294;4046;4095
3;2938;3297;4050;4095
3;2939;3298;4047;4095
3;2943;3298;4053;4095
3;2944;3297;4050;4095
3;2943;3302;4051;4095
3;2944;3303;4046;4095
3;2944;3301;4047;4095
3;2945;3295;4047;4095
3;2941;3295;4052;4095
3;2941;3295;4048;4095
3;2943;3295;4041;4095
3;2944;3293;4048;4095
3;2940;3294;4047;4095
3;2939;3293;4048;4095
3;2938;3296;4048;4095
3;2939;3290;4046;4095
3;2940;3295;4048;4095
3;2940;3297;4060;4095
3;2943;3298;4045;4095
3;2944;3296;4048;4095
3;2939;3296;4049;4095
3;2936;3291;4050;4095
3;2941;3297;4048;4095
3;2943;3297;4048;4095
3;2941;3299;4048;4095
3;2944;3301;4051;4095
4;2943;3301;4052;4095
4;2945;3299;4048;4095
4;2946;3299;4048;4095
4;2946;3302;4054;4095
4;2973;3328;4063;4095
4;2975;3325;4055;4095
4;2966;3319;4055;4095
4;2974;3323;4064;4095
4;2974;3324;4064;4095
4;2966;3313;4056;4095
4;2962;3317;4065;4095
4;2969;3317;4069;4095
4;2966;3321;4062;4095
4;2973;3325;4065;4095
4;2969;3321;4059;4095
4;2971;3321;4054;4095
4;2974;3330;4064;4095
4;2973;3325;4057;4095
4;2963;3325;4057;4095
4;2976;3328;4061;4095
4;2971;3328;4060;4095
4;2977;3329;4063;4095
4;2976;3330;4065;4095
4;2979;3329;4069;4095
4;2977;3328;4061;4095
4;2974;3326;4057;4095
4;2979;3330;4066;4095
4;2979;3334;4065;4095
4;2979;3331;4067;4095
4;2976;3333;4064;4095
4;2980;3331;4064;4095
4;2977;3333;4073;4095
4;2982;3331;4065;4095
4;2977;3328;4069;4095
4;2983;3329;4070;4095
4;2977;3331;4055;4095
4;2978;3330;4058;4095
4;2977;3331;4055;4095
4;2961;3315;4049;4095
4;2959;3313;4059;4095
4;2961;3317;4055;4095
4;2957;3314;4060;4095
4;2961;3313;4052;4095
4;2960;3315;4061;4095
4;2960;3315;4057;4095
4;2961;3314;4067;4095
4;2964;3319;4054;4095
4;2963;3318;4060;4095
4;2965;3318;4062;4095
4;2967;3326;4055;4095
4;2978;3329;4059;4095
4;2979;3327;4064;4095
4;2979;3329;4067;4095
4;2979;3329;4064;4095
4;2982;3329;4069;4095
4;2983;3333;4068;4095
4;2983;3335;4059;4095
4;2985;3331;4067;4095
4;2979;3335;4066;4095
4;2977;3337;4066;4095
4;2981;3333;4063;4095
4;2987;3335;4076;4095
4;2986;3340;4068;4095
4;2985;3334;4069;4095
4;2982;3335;4069;4095
4;2984;3333;4077;4095
4;2983;3335;4066;4095
4;2983;3332;4068;4095
4;2981;3338;4066;4095
4;2985;3340;4059;4095
4;2982;3338;4075;4095
4;2983;3331;4054;4095
4;2983;3335;4065;4095
4;2986;3335;4064;4095
4;2983;3335;4065;4095
4;2983;3342;4074;4095
4;2985;3334;4076;4095
4;2987;3340;4069;4095
4;2981;3338;4062;4095
4;2982;3338;4074;4095
4;2979;3328;4067;4095
4;2976;3331;4070;4095
4;2976;3328;4058;4095
4;2973;3323;4058;4095
4;2960;3315;4061;4095
4;2967;3318;4050;4095
4;2979;3328;4061;4095
4;2981;3327;4062;4095
4;2978;3327;4064;4095
4;2979;3328;4067;4095
4;2977;3333;4049;4095
4;2973;3327;4057;4095
4;2975;3326;4069;4095
4;2928;3280;4035;4095
4;2960;3312;4055;4095
4;2959;3313;4051;4095
4;2914;3274;4034;4095
4;2901;3266;4034;4095
4;2897;3259;4025;4095
4;2896;3253;4033;4095
4;2898;3258;4035;4095
4;2900;3255;4031;4095
4;2898;3253;4031;4095
4;2896;3252;4029;4095
4;2896;3253;4028;4095
4;2895;3254;4031;4095
4;2896;3252;4035;4095
4;2896;3251;4029;4095
4;2896;3249;4030;4095
4;2893;3249;4039;4095
4;2890;3249;4031;4095
4;2890;3250;4031;4095
4;2891;3249;4025;4095
4;2887;3248;4027;4095
4;2884;3251;4021;4095
4;2885;3250;4019;4095
4;2919;3271;4031;4095
4;2910;3264;4027;4095
4;2925;3277;4032;4095
4;2878;3239;4025;4095
4;2902;3273;4032;4095
4;2871;3231;4013;4095
4;2885;3248;4016;4095
4;2901;3260;4034;4095
4;2892;3247;4023;4095
4;2886;3246;4020;4095
4;2886;3246;4031;4095
4;2889;3249;4027;4095
4;2892;3248;4030;4095
4;2882;3247;4027;4095
4;2890;3248;4021;4095
4;2868;3232;4022;4095
4;2873;3230;4021;4095
4;2870;3235;4027;4095
4;2877;3238;4030;4095
4;2855;3216;4016;4095
4;2854;3217;4006;4095
4;2849;3211;4009;4095
4;2864;3227;4015;4095
4;2867;3227;4018;4095
4;2875;3238;4016;4095
4;2874;3235;4019;4095
4;2864;3230;4017;4095
4;2869;3233;4016;4095
4;2861;3219;4016;4095
4;2859;3217;4013;4095
4;2857;3218;4013;4095
4;2855;3217;4018;4095
4;2875;3237;4016;4095
4;2883;3242;4019;4095
4;2877;3237;4023;4095
4;2883;3247;4029;4095
4;2864;3227;4021;4095
4;2864;3230;4005;4095
4;2863;3228;4016;4095
4;2861;3229;4016;4095
4;2862;3227;4018;4095
4;2863;3227;4016;4095
4;2862;3225;4016;4095
4;2864;3227;4016;4095
4;2862;3229;4016;4095
4;2859;3226;4022;4095
4;2859;3229;4023;4095
4;2859;3226;4020;4095
4;2861;3223;4023;4095
4;2862;3222;4018;4095
4;2863;3227;4014;4095
4;2858;3222;4019;4095
4;2858;3223;4023;4095
4;2863;3226;4019;4095
4;2861;3223;4016;4095
4;2857;3226;4021;4095
4;2858;3223;4018;4095
4;2855;3224;4020;4095
4;2857;3221;4016;4095
4;2857;3219;4016;4095
4;2855;3218;4018;4095
4;2855;3222;4016;4095
4;2855;3222;4020;4095
4;2857;3219;4016;4095
4;2881;3245;4035;4095
4;2864;3227;4011;4095
4;2863;3222;4011;4095
4;2864;3223;4010;4095
4;2864;3225;4012;4095
4;2854;3217;4007;4095
4;2859;3217;4016;4095
4;2860;3219;4009;4095
4;2845;3216;4015;4095
4;2847;3211;4013;4095
4;2844;3215;4013;4095
4;2839;3207;4018;4095
4;2835;3214;4016;4095
4;2839;3209;4020;4095
4;2837;3210;4018;4095
4;2839;3207;4021;4095
4;2839;3207;4010;4095
4;2835;3207;4007;4095
4;2838;3210;4015;4095
4;2838;3208;4013;4095
4;2838;3205;4013;4095
4;2835;3205;4002;4095
4;2836;3203;4016;4095
4;2845;3216;4011;4095
4;2841;3209;4009;4095
4;2846;3211;4011;4095
4;2839;3211;3999;4095
4;2844;3215;4011;4095
4;2841;3209;4013;4095
4;2839;3210;4013;4095
4;2837;3209;4000;4095
4;2838;3214;4005;4095
4;2838;3205;4017;4095
4;2837;3207;4011;4095
4;2842;3212;4013;4095
4;2842;3209;4016;4095
4;2837;3207;4014;4095
4;2845;3207;4019;4095
4;2844;3213;4016;4095
4;2839;3210;4015;4095
4;2843;3213;4016;4095
4;2838;3215;4018;4095
4;2842;3212;4017;4095
4;2836;3209;4006;4095
4;2837;3213;4014;4095
4;2841;3212;4025;4095
4;2835;3210;4015;4095
4;2834;3207;4011;4095
4;2838;3211;4009;4095
4;2835;3207;4015;4095
4;2833;3209;4005;4095
4;2837;3206;4011;4095
4;2838;3208;4007;4095
4;2832;3207;4016;4095
4;2835;3207;4004;4095
4;2838;3206;4013;4095
4;2835;3203;4016;4095
4;2840;3205;4018;4095
4;2837;3207;4014;4095
4;2837;3207;4014;4095
4;2838;3211;4016;4095
4;2836;3207;4016;4095
4;2837;3209;4007;4095
4;2838;3205;4013;4095
4;2838;3213;4011;4095
4;2837;3210;4015;4095
4;2836;3211;4016;4095
4;2848;3217;4018;4095
4;2855;3218;4005;4095
4;2871;3231;4015;4095
4;2850;3216;4011;4095
4;2854;3218;4003;4095
4;2853;3216;4014;4095
4;2850;3215;4006;4095
4;2853;3214;4013;4095
4;2851;3214;4007;4095
4;2852;3215;4006;4095
4;2851;3216;4014;4095
4;2847;3216;4020;4095
4;2852;3216;4000;4095
4;2850;3216;4013;4095
4;2852;3216;4017;4095
4;2855;3216;4015;4095
4;2853;3216;4005;4095
4;2855;3216;4005;4095
4;2859;3216;4007;4095
4;2854;3216;4007;4095
4;2858;3216;4010;4095
4;2858;3218;4009;4095
4;2855;3218;4013;4095
4;2855;3216;4007;4095
4;2853;3216;4005;4095
4;2853;3216;4016;4095
4;2849;3216;4011;4095
4;2849;3215;4008;4095
4;2848;3214;4007;4095
4;2847;3211;4000;4095
4;2847;3212;4012;4095
4;2848;3213;4011;4095
4;2846;3210;4007;4095
4;2843;3210;4016;4095
4;2843;3213;4005;4095
4;2845;3210;4010;4095
4;2843;3211;4013;4095
5;2847;3209;4010;4095
5;2838;3214;4013;4095
5;2843;3210;4016;4095
5;2839;3211;4014;4095
5;2843;3207;4010;4095
5;2843;3212;4010;4095
5;2843;3209;4016;4095
5;2844;3212;4012;4095
5;2843;3210;4012;4095
5;2838;3206;4017;4095
5;2839;3207;4011;4095
5;2842;3207;4010;4095
5;2838;3209;4012;4095
5;2839;3214;4014;4095
5;2845;3212;4016;4095
5;2847;3211;4003;4095
5;2842;3216;4013;4095
5;2841;3211;4016;4095
5;2847;3211;4014;4095
5;2846;3215;4010;4095
5;2848;3210;4011;4095
5;2848;3211;4016;4095
5;2841;3214;4019;4095
5;2843;3214;4015;4095
5;2847;3211;4016;4095
5;2847;3214;4010;4095
5;2841;3211;4011;4095
5;2843;3212;4016;4095
5;2843;3215;4021;4095
5;2838;3215;4014;4095
5;2843;3215;4013;4095
5;2847;3216;4011;4095
5;2846;3216;4012;4095
5;2843;3215;4015;4095
5;2843;3215;4014;4095
5;2842;3214;4014;4095
5;2841;3211;4022;4095
5;2839;3210;4015;4095
5;2841;3211;4011;4095
5;2845;3213;4016;4095
5;2842;3210;4012;4095
5;2842;3211;4007;4095
5;2838;3210;4016;4095
5;2841;3213;4017;4095
5;2841;3212;4016;4095
5;2844;3215;4016;4095
5;2844;3217;4016;4095
5;2845;3214;4021;4095
5;2845;3215;4016;4095
5;2845;3210;4013;4095
5;2844;3215;4015;4095
5;2842;3215;4021;4095
5;2847;3216;4010;4095
5;2845;3215;4012;4095
5;2844;3213;4011;4095
5;2845;3216;4023;4095
5;2845;3215;4016;4095
5;2845;3215;4011;4095
5;2842;3214;4016;4095
5;2846;3213;4014;4095
5;2842;3216;4013;4095
5;2846;3211;4016;4095
5;2838;3211;4016;4095
5;2842;3214;4011;4095
5;2843;3214;4014;4095
5;2845;3214;4010;4095
5;2839;3211;4007;4095
5;2843;3215;4016;4095
5;2845;3216;4014;4095
5;2845;3216;4010;4095
5;2842;3214;4021;4095
5;2841;3214;4013;4095
5;2845;3216;4017;4095
5;2843;3216;4016;4095
5;2844;3215;4016;4095
5;2848;3214;4017;4087
5;2843;3216;4026;4095
5;2847;3215;4015;4095
5;2845;3214;4016;4095
5;2846;3213;4018;4095
5;2848;3215;4021;4095
5;2842;3213;4016;4095
5;2849;3216;4016;4095
5;2845;3215;4006;4095
5;2845;3216;4018;4095
5;2845;3214;4025;4095
5;2845;3216;4015;4095
5;2846;3215;4013;4095
5;2843;3216;4014;4095
5;2847;3216;4028;4095
5;2846;3214;4017;4095
5;2847;3217;4017;4095
5;2847;3216;4016;4095
5;2844;3214;4018;4095
5;2842;3213;4015;4095
5;2843;3210;4013;4095
5;2845;3213;4006;4095
5;2842;3210;4016;4095
5;2845;3216;4018;4095
5;2843;3215;4016;4095
5;2844;3215;4018;4095
5;2845;3212;4016;4095
5;2845;3211;4017;4095
5;2842;3211;4011;4095
5;2843;3214;4021;4095
5;2842;3213;4016;4095
5;2846;3213;4011;4095
5;2843;3213;4016;4095
5;2845;3214;4016;4095
5;2845;3211;4011;4095
5;2843;3216;4021;4095
5;2838;3216;4025;4095
5;2847;3216;4026;4095
5;2845;3216;4010;4095
5;2849;3215;4016;4095
5;2846;3216;4014;4095
5;2846;3216;4013;4095
5;2842;3213;4016;4095
5;2848;3216;4016;4095
5;2846;3215;4018;4095
5;2846;3214;4016;4095
5;2843;3214;4016;4095
5;2847;3216;4019;4095
5;2844;3214;4017;4095
5;2846;3214;4021;4095
5;2845;3214;4010;4095
5;2839;3213;4011;4095
5;2844;3214;4016;4095
5;2846;3214;4016;4095
5;2841;3212;4016;4095
5;2841;3214;4015;4095
5;2842;3215;4016;4095
5;2840;3212;4016;4095
5;2842;3213;4015;4095
5;2843;3216;4011;4095
5;2843;3214;4018;4095
5;2840;3212;4015;4095
5;2841;3212;4021;4095
5;2838;3214;4015;4095
5;2847;3214;4016;4095
5;2843;3215;4020;4095
5;2844;3215;4021;4095
5;2841;3215;4017;4095
5;2846;3215;4021;4095
5;2846;3214;4016;4095
5;2845;3216;4023;4095
5;2846;3214;4019;4095
5;2847;3216;4021;4095
5;2845;3216;4016;4095
5;2842;3213;4016;4095
5;2846;3215;4019;4095
5;2843;3211;4016;4095
5;2843;3214;4028;4095
5;2847;3213;4016;4095
5;2845;3212;4016;4095
5;2846;3217;4019;4095
5;2846;3216;4016;4095
