1;3080;3348;3952;4095
1;3079;3350;3952;4087
1;3078;3350;3954;4092
1;3071;3348;3956;4095
1;3071;3346;3958;4094
1;3078;3347;3953;4091
1;3082;3350;3954;4095
1;3071;3350;3957;4095
1;3079;3345;3955;4090
1;3077;3350;3958;4093
1;3069;3346;3959;4095
1;3084;3350;3957;4095
1;3070;3350;3951;4086
1;3071;3346;3952;4095
1;3071;3349;3963;4093
1;3071;3345;3953;4093
1;3071;3349;3955;4095
1;3068;3350;3955;4095
1;3079;3348;3955;4095
1;3078;3351;3953;4095
1;3071;3351;3957;4094
1;3079;3348;3952;4093
1;3071;3344;3952;4091
1;3071;3345;3952;4094
1;3078;3347;3955;4095
1;3075;3346;3956;4095
1;3078;3349;3951;4095
1;3078;3349;3958;4095
1;3067;3349;3945;4095
1;3071;3344;3955;4095
1;3080;3347;3955;4095
1;3065;3350;3952;4095
1;3077;3351;3957;4089
1;3071;3348;3959;4093
1;3078;3345;3958;4086
1;3079;3351;3954;4091
1;3081;3345;3956;4095
1;3077;3347;3955;4091
1;3071;3350;3963;4095
1;3071;3345;3959;4095
1;3095;3367;3955;4095
1;3091;3359;3966;4095
1;3091;3361;3966;4095
1;3089;3361;3958;4095
1;3083;3358;3961;4095
1;3086;3359;3967;4095
1;3086;3356;3959;4095
1;3085;3356;3963;4095
1;3084;3358;3961;4095
1;3085;3357;3966;4095
1;3087;3351;3955;4095
1;3084;3357;3958;4095
1;3082;3359;3956;4095
1;3084;3357;3963;4095
1;3083;3355;3967;4095
1;3083;3359;3966;4095
1;3083;3357;3963;4095
1;3082;3358;3965;4095
1;3085;3353;3959;4095
1;3084;3355;3965;4095
1;3085;3354;3966;4095
1;3078;3362;3959;4095
1;3082;3351;3959;4095
1;3080;3351;3961;4095
1;3082;3355;3963;4095
1;3079;3354;3957;4095
1;3081;3358;3959;4095
1;3082;3355;3969;4095
1;3079;3357;3959;4095
1;3084;3353;3965;4095
1;3085;3355;3954;4095
1;3082;3355;3968;4095
1;3082;3358;3967;4095
1;3083;3358;3966;4095
1;3082;3360;3959;4095
1;3082;3359;3972;4095
1;3081;3353;3954;4095
1;3085;3350;3963;4095
1;3083;3355;3956;4095
1;3085;3353;3963;4095
1;3087;3355;3954;4095
1;3085;3355;3975;4095
1;3087;3357;3974;4095
1;3082;3354;3958;4094
1;3082;3355;3967;4095
1;3082;3355;3963;4095
1;3079;3350;3959;4095
1;3084;3355;3968;4095
1;3082;3355;3966;4095
1;3085;3353;3962;4095
1;3083;3354;3966;4095
1;3079;3357;3964;4095
1;3085;3353;3966;4095
1;3083;3353;3959;4095
1;3083;3358;3959;4095
1;3071;3357;3965;4095
1;3083;3357;3965;4093
1;3084;3359;3967;4095
1;3084;3357;3957;4095
1;3085;3360;3967;4095
1;3082;3360;3965;4095
1;3079;3354;3959;4095
1;3083;3358;3965;4095
1;3084;3352;3965;4095
1;3084;3361;3963;4095
1;3081;3352;3962;4095
1;3078;3358;3974;4095
1;3082;3359;3969;4095
1;3083;3364;3967;4095
1;3085;3353;3957;4095
1;3084;3358;3967;4095
1;3081;3360;3967;4095
1;3083;3355;3969;4095
1;3082;3357;3967;4095
1;3079;3354;3968;4095
1;3081;3359;3961;4095
1;3082;3357;3967;4095
1;3081;3357;3963;4095
1;3081;3362;3965;4095
1;3085;3352;3963;4095
1;3082;3355;3965;4095
1;3082;3354;3966;4095
1;3083;3359;3964;4095
1;3082;3355;3968;4095
1;3077;3358;3965;4095
1;3078;3357;3958;4095
1;3077;3359;3965;4095
1;3082;3358;3969;4095
1;3077;3357;3959;4095
1;3082;3357;3965;4095
1;3079;3354;3966;4095
1;3082;3355;3964;4095
1;3083;3358;3954;4095
1;3083;3360;3963;4095
1;3083;3358;3967;4095
1;3085;3358;3968;4095
1;3081;3349;3963;4095
1;3082;3358;3965;4095
1;3081;3353;3963;4095
1;3081;3352;3955;4095
1;3082;3361;3966;4095
1;3071;3354;3969;4095
1;3083;3355;3969;4095
1;3078;3355;3968;4095
1;3078;3355;3971;4095
1;3079;3354;3974;4095
1;3080;3359;3970;4095
1;3079;3356;3974;4095
1;3079;3358;3969;4095
1;3081;3354;3962;4095
1;3082;3355;3974;4095
1;3071;3355;3961;4095
1;3078;3356;3954;4095
1;3079;3356;3967;4095
1;3071;3351;3966;4095
1;3071;3350;3964;4094
1;3071;3361;3967;4095
1;3070;3351;3955;4095
1;3079;3355;3977;4095
1;3069;3354;3966;4095
1;3071;3351;3961;4095
1;3079;3353;3967;4095
1;3076;3354;3965;4095
1;3078;3358;3962;4095
1;3079;3350;3968;4095
1;3079;3355;3969;4095
1;3071;3355;3966;4095
1;3079;3357;3967;4095
1;3071;3357;3970;4095
1;3078;3359;3958;4095
1;3080;3355;3965;4095
1;3079;3358;3958;4095
1;3071;3359;3967;4095
1;3079;3354;3965;4095
1;3071;3358;3956;4095
1;3077;3359;3966;4095
1;3067;3359;3966;4095
1;3071;3354;3959;4095
1;3070;3354;3967;4095
1;3070;3355;3961;4095
1;3067;3351;3962;4095
1;3069;3354;3964;4095
1;3079;3354;3961;4095
1;3079;3354;3968;4095
1;3078;3354;3963;4095
1;3077;3350;3967;4095
1;3083;3354;3967;4095
1;3077;3351;3967;4095
1;3081;3356;3966;4095
1;3079;3361;3969;4095
1;3071;3355;3964;4095
1;3082;3362;3963;4095
1;3071;3358;3967;4095
1;3083;3354;3970;4095
1;3083;3355;3963;4095
1;3082;3358;3966;4095
1;3078;3357;3972;4095
1;3081;3351;3967;4095
1;3078;3354;3957;4095
1;3080;3357;3969;4095
1;3079;3351;3968;4095
1;3082;3359;3971;4095
1;3070;3353;3966;4095
1;3078;3351;3953;4095
1;3079;3351;3962;4095
1;3079;3362;3971;4095
1;3069;3351;3969;4095
1;3079;3352;3967;4095
1;3079;3358;3968;4095
1;3081;3357;3955;4095
1;3082;3345;3971;4095
1;3082;3349;3967;4095
1;3081;3359;3972;4095
1;3071;3359;3967;4095
1;3085;3355;3962;4095
1;3080;3350;3959;4095
1;3078;3355;3968;4095
1;3079;3355;3974;4095
1;3078;3355;3965;4095
1;3078;3354;3964;4095
1;3079;3361;3970;4095
1;3082;3357;3967;4095
1;3071;3354;3966;4095
1;3079;3350;3953;4095
1;3077;3354;3963;4095
1;3083;3350;3959;4095
1;3077;3351;3969;4095
1;3082;3356;3972;4095
1;3071;3355;3973;4095
1;3077;3350;3967;4095
1;3079;3355;3969;4095
1;3071;3350;3959;4095
1;3078;3359;3978;4095
1;3071;3355;3967;4095
1;3071;3357;3964;4095
1;3081;3355;3969;4095
1;3078;3350;3966;4095
1;3070;3358;3966;4095
1;3078;3353;3958;4095
1;3077;3355;3970;4095
1;3071;3355;3964;4095
1;3078;3359;3968;4095
1;3078;3356;3978;4095
1;3078;3356;3963;4095
1;3081;3355;3966;4095
1;3077;3355;3969;4095
1;3071;3353;3969;4095
1;3082;3358;3969;4095
1;3077;3355;3969;4095
1;3078;3355;3959;4095
1;3069;3356;3966;4095
1;3071;3350;3963;4095
1;3071;3349;3963;4095
1;3069;3351;3957;4095
1;3071;3355;3953;4095
1;3071;3361;3967;4095
1;3071;3351;3971;4095
1;3082;3357;3969;4095
1;3068;3355;3973;4095
1;3071;3357;3972;4095
1;3071;3358;3978;4095
1;3071;3354;3966;4095
1;3071;3351;3969;4095
1;3071;3348;3967;4095
1;3071;3345;3955;4095
1;3071;3354;3954;4095
1;3071;3358;3967;4095
1;3078;3351;3957;4095
1;3071;3347;3957;4095
1;3077;3353;3959;4095
1;3071;3355;3962;4095
1;3070;3351;3967;4095
1;3071;3354;3967;4095
1;3077;3350;3964;4095
1;3069;3357;3964;4095
1;3071;3360;3969;4095
1;3069;3351;3965;4095
1;3078;3354;3966;4095
1;3077;3355;3967;4095
1;3071;3356;3972;4095
1;3071;3346;3966;4095
1;3078;3359;3967;4095
1;3078;3355;3965;4095
1;3077;3354;3965;4095
1;3071;3353;3969;4095
1;3077;3354;3956;4095
1;3069;3349;3977;4095
1;3081;3349;3961;4095
1;3071;3351;3967;4095
1;3078;3376;3970;4095
1;3070;3353;3958;4095
1;3071;3345;3968;4095
1;3070;3351;3966;4095
1;3070;3355;3965;4095
1;3069;3347;3955;4095
1;3067;3356;3963;4095
1;3071;3351;3971;4095
1;3071;3348;3968;4095
1;3069;3350;3968;4095
1;3063;3349;3971;4095
1;3070;3357;3967;4095
1;3071;3352;3969;4095
1;3071;3355;3959;4095
1;3067;3357;3968;4095
1;3070;3346;3958;4095
1;3071;3353;3965;4095
1;3071;3354;3967;4095
1;3071;3353;3964;4095
1;3069;3350;3966;4095
1;3071;3349;3968;4095
1;3075;3351;3966;4095
1;3066;3349;3967;4095
1;3068;3347;3955;4095
1;3068;3344;3966;4095
1;3070;3357;3957;4095
1;3070;3350;3962;4095
1;3070;3354;3962;4095
1;3069;3351;3966;4095
1;3070;3350;3963;4095
1;3061;3356;3969;4095
2;3063;3346;3963;4095
2;3069;3350;3970;4095
2;3069;3351;3966;4095
2;3067;3349;3970;4095
2;3070;3351;3974;4095
2;3078;3353;3966;4095
2;3069;3346;3973;4095
2;3068;3356;3969;4095
2;3071;3353;3966;4095
2;3078;3350;3965;4095
2;3070;3348;3967;4095
2;3067;3344;3966;4095
2;3069;3349;3965;4095
2;3063;3346;3965;4095
2;3070;3349;3957;4095
2;3069;3344;3965;4095
2;3069;3344;3966;4095
2;3077;3350;3968;4095
2;3071;3353;3966;4095
2;3071;3348;3964;4095
2;3068;3351;3966;4095
2;3068;3347;3967;4095
2;3071;3348;3966;4095
2;3067;3354;3967;4095
2;3066;3355;3967;4095
2;3071;3355;3966;4095
2;3061;3350;3965;4095
2;3071;3355;3958;4095
2;3070;3346;3962;4095
2;3070;3348;3969;4095
2;3070;3350;3961;4095
2;3069;3346;3954;4095
2;3063;3353;3966;4095
2;3061;3346;3973;4095
2;3069;3344;3966;4095
2;3063;3347;3970;4095
2;3063;3348;3969;4095
2;3067;3346;3971;4095
2;3063;3353;3977;4095
2;3063;3351;3967;4095
2;3067;3351;3954;4095
2;3068;3349;3963;4095
2;3070;3350;3962;4095
2;3066;3344;3962;4095
2;3066;3351;3967;4095
2;3070;3350;3968;4095
2;3066;3350;3963;4095
2;3076;3350;3963;4095
2;3068;3349;3957;4095
2;3070;3351;3967;4095
2;3066;3359;3963;4095
2;3071;3351;3968;4095
2;3071;3350;3963;4095
2;3069;3351;3967;4095
2;3067;3354;3963;4095
2;3071;3347;3969;4095
2;3070;3350;3963;4095
2;3070;3344;3966;4095
2;3071;3354;3968;4095
2;3071;3356;3973;4095
2;3071;3351;3965;4095
2;3078;3349;3966;4095
2;3068;3351;3971;4095
2;3077;3357;3973;4095
2;3067;3351;3970;4095
2;3078;3345;3967;4095
2;3071;3349;3966;4095
2;3069;3355;3980;4095
2;3071;3349;3967;4095
2;3079;3351;3961;4095
2;3071;3347;3973;4095
2;3077;3358;3962;4095
2;3069;3354;3971;4095
2;3086;3355;3962;4095
2;3080;3353;3968;4095
2;3071;3355;3981;4095
2;3081;3350;3970;4095
2;3071;3354;3971;4095
2;3078;3356;3968;4095
2;3069;3360;3977;4095
2;3079;3354;3969;4095
2;3071;3357;3969;4095
2;3071;3350;3967;4095
2;3071;3350;3964;4095
2;3083;3355;3967;4095
2;3071;3350;3970;4095
2;3068;3358;3970;4095
2;3077;3354;3970;4095
2;3076;3350;3965;4095
2;3077;3355;3963;4095
2;3078;3353;3969;4095
2;3071;3360;3967;4095
2;3071;3353;3977;4095
2;3077;3359;3978;4095
2;3071;3357;3963;4095
2;3071;3355;3959;4095
2;3077;3357;3968;4095
2;3071;3350;3957;4095
2;3071;3355;3972;4095
2;3071;3350;3969;4095
2;3070;3354;3970;4095
2;3079;3358;3971;4095
2;3077;3355;3974;4095
2;3078;3355;3973;4095
2;3079;3357;3968;4095
2;3069;3357;3963;4095
2;3071;3356;3972;4095
2;3081;3355;3967;4095
2;3071;3353;3974;4095
2;3078;3356;3965;4095
2;3079;3357;3981;4095
2;3077;3354;3966;4095
2;3067;3355;3984;4095
2;3071;3357;3962;4095
2;3078;3355;3962;4095
2;3071;3354;3966;4095
2;3071;3354;3973;4095
2;3069;3351;3972;4095
2;3070;3355;3967;4095
2;3077;3353;3973;4095
2;3076;3351;3970;4095
2;3071;3360;3971;4095
2;3071;3355;3971;4095
2;3078;3353;3967;4095
2;3070;3355;3970;4095
2;3078;3355;3971;4095
2;3070;3359;3970;4095
2;3078;3354;3967;4095
2;3079;3349;3971;4095
2;3068;3356;3977;4095
2;3078;3355;3967;4095
2;3071;3353;3968;4095
2;3077;3347;3974;4095
2;3071;3356;3970;4095
2;3071;3354;3975;4095
2;3077;3356;3968;4095
2;3071;3356;3971;4095
2;3067;3357;3972;4095
2;3077;3350;3967;4095
2;3083;3355;3974;4095
2;3071;3355;3965;4095
2;3071;3354;3966;4095
2;3070;3349;3963;4095
2;3070;3350;3979;4095
2;3079;3350;3973;4095
2;3071;3353;3971;4095
2;3069;3350;3969;4095
2;3077;3359;3961;4095
2;3071;3346;3965;4095
2;3069;3355;3969;4095
2;3071;3352;3966;4095
2;3078;3356;3975;4095
2;3069;3354;3966;4095
2;3069;3353;3965;4095
2;3078;3351;3970;4095
2;3071;3356;3975;4095
2;3071;3347;3969;4095
2;3083;3357;3975;4095
2;3083;3355;3971;4095
2;3070;3354;3965;4095
2;3080;3357;3970;4095
2;3078;3355;3969;4095
2;3069;3351;3963;4095
2;3071;3351;3967;4095
2;3080;3351;3972;4095
2;3071;3357;3970;4095
2;3077;3354;3963;4095
2;3078;3355;3969;4095
2;3082;3354;3965;4095
2;3071;3355;3969;4095
2;3079;3352;3968;4095
2;3069;3351;3975;4095
2;3069;3358;3979;4095
2;3083;3360;3975;4095
2;3082;3360;3968;4095
2;3082;3352;3971;4095
2;3077;3358;3964;4095
2;3078;3359;3970;4095
2;3082;3354;3969;4095
2;3083;3365;3973;4095
2;3083;3361;3972;4095
2;3079;3358;3959;4095
2;3081;3357;3965;4095
2;3081;3360;3973;4095
2;3078;3355;3971;4095
2;3079;3360;3978;4095
2;3079;3362;3967;4095
2;3082;3359;3962;4095
2;3086;3356;3967;4095
2;3083;3360;3970;4095
2;3085;3361;3971;4095
2;3083;3360;3967;4095
2;3083;3360;3972;4095
2;3084;3361;3976;4095
2;3085;3363;3965;4095
2;3085;3361;3971;4095
2;3084;3360;3974;4095
2;3071;3360;3962;4095
2;3083;3360;3981;4095
2;3086;3357;3968;4095
2;3081;3365;3969;4095
2;3085;3355;3970;4095
2;3079;3356;3973;4095
2;3083;3356;3973;4095
2;3083;3355;3971;4095
2;3085;3359;3967;4095
2;3086;3354;3971;4095
2;3083;3359;3969;4095
2;3082;3358;3978;4095
2;3078;3360;3976;4095
2;3086;3360;3973;4095
2;3085;3358;3971;4095
2;3078;3361;3970;4095
2;3082;3359;3971;4095
2;3085;3363;3968;4095
2;3084;3359;3975;4095
2;3084;3362;3974;4095
2;3079;3363;3967;4095
2;3083;3360;3975;4095
2;3084;3358;3972;4095
2;3081;3359;3974;4095
2;3083;3367;3970;4095
2;3086;3365;3974;4095
2;3082;3357;3979;4095
2;3083;3360;3977;4095
2;3082;3360;3969;4095
2;3083;3360;3968;4095
2;3083;3362;3974;4095
2;3083;3360;3973;4095
2;3085;3359;3969;4095
2;3080;3360;3969;4095
2;3085;3359;3970;4095
3;3084;3358;3970;4095
3;3083;3355;3973;4095
3;3079;3358;3973;4095
3;3082;3361;3972;4095
3;3083;3356;3975;4095
3;3083;3360;3971;4095
3;3081;3364;3971;4095
3;3083;3360;3975;4095
3;3082;3358;3974;4095
3;3088;3359;3975;4095
3;3085;3360;3975;4095
3;3086;3360;3971;4095
3;3083;3359;3974;4095
3;3079;3361;3967;4095
3;3087;3358;3973;4095
3;3085;3358;3982;4095
3;3083;3361;3970;4095
3;3082;3359;3982;4095
3;3085;3359;3970;4095
3;3086;3359;3977;4095
3;3086;3359;3975;4095
3;3085;3357;3973;4095
3;3085;3361;3978;4095
3;3085;3360;3970;4095
3;3078;3355;3959;4095
3;3086;3361;3978;4095
3;3085;3362;3978;4095
3;3075;3358;3969;4095
3;3081;3359;3970;4095
3;3086;3358;3983;4095
3;3088;3361;3963;4095
3;3085;3358;3969;4095
3;3083;3358;3971;4095
3;3085;3359;3975;4095
3;3079;3359;3974;4095
3;3085;3358;3978;4095
3;3082;3354;3968;4095
3;3077;3361;3968;4095
3;3083;3359;3973;4095
3;3081;3359;3974;4095
3;3078;3358;3974;4095
3;3078;3355;3970;4095
3;3081;3357;3971;4095
3;3083;3353;3974;4095
3;3084;3356;3969;4095
3;3079;3350;3968;4095
3;3081;3360;3972;4095
3;3079;3366;3967;4095
3;3071;3350;3985;4095
3;3070;3355;3969;4095
3;3079;3360;3981;4095
3;3083;3357;3973;4095
3;3083;3357;3969;4095
3;3081;3358;3974;4095
3;3079;3357;3970;4095
3;3071;3358;3969;4095
3;3071;3360;3961;4095
3;3081;3350;3973;4095
3;3071;3355;3969;4095
3;3081;3359;3984;4095
3;3083;3357;3969;4095
3;3071;3357;3981;4095
3;3080;3358;3973;4095
3;3079;3355;3967;4095
3;3078;3351;3968;4095
3;3079;3354;3978;4095
3;3079;3354;3974;4095
3;3081;3353;3974;4095
3;3086;3354;3958;4095
3;3081;3358;3968;4095
3;3071;3356;3967;4095
3;3080;3358;3975;4095
3;3078;3356;3969;4095
3;3079;3355;3974;4095
3;3077;3357;3973;4095
3;3077;3356;3978;4095
3;3078;3357;3973;4095
3;3077;3351;3967;4095
3;3067;3355;3971;4095
3;3083;3359;3973;4095
3;3081;3359;3981;4095
3;3079;3357;3972;4095
3;3080;3359;3971;4095
3;3078;3359;3971;4095
3;3071;3365;3971;4095
3;3079;3360;3972;4095
3;3077;3360;3972;4095
3;3079;3355;3975;4095
3;3084;3355;3973;4095
3;3071;3358;3974;4095
3;3070;3354;3979;4095
3;3079;3357;3982;4095
3;3079;3354;3968;4095
3;3081;3352;3970;4095
3;3081;3357;3984;4095
3;3077;3357;3978;4095
3;3082;3356;3973;4095
3;3079;3358;3975;4095
3;3079;3357;3977;4095
3;3081;3360;3973;4095
3;3078;3355;3973;4095
3;3079;3359;3978;4095
3;3078;3358;3978;4095
3;3079;3359;3982;4095
3;3071;3358;3975;4095
3;3082;3360;3975;4095
3;3071;3359;3974;4095
3;3079;3361;3970;4095
3;3068;3357;3970;4095
3;3079;3354;3969;4095
3;3079;3357;3984;4095
3;3078;3359;3979;4095
3;3067;3360;3975;4095
3;3082;3351;3984;4095
3;3077;3355;3969;4095
3;3082;3359;3974;4095
3;3083;3356;3969;4095
3;3084;3358;3971;4095
3;3079;3357;3972;4095
3;3079;3358;3984;4095
3;3079;3365;3967;4095
3;3082;3355;3969;4095
3;3082;3360;3979;4095
3;3079;3359;3971;4095
3;3082;3357;3972;4095
3;3087;3362;3979;4095
3;3083;3362;3974;4095
3;3082;3355;3975;4095
3;3079;3354;3973;4095
3;3085;3364;3972;4095
3;3079;3355;3961;4095
3;3081;3361;3973;4095
3;3078;3355;3980;4095
3;3081;3355;3984;4095
3;3083;3357;3978;4095
3;3081;3358;3978;4095
3;3081;3355;3974;4095
3;3082;3357;3979;4095
3;3078;3357;3966;4095
3;3082;3360;3959;4095
3;3079;3354;3973;4095
3;3081;3356;3974;4095
3;3081;3353;3970;4095
3;3081;3359;3978;4095
3;3079;3351;3971;4095
3;3071;3355;3980;4095
3;3078;3357;3982;4095
3;3081;3359;3969;4095
3;3079;3357;3981;4095
3;3071;3359;3982;4095
3;3083;3359;3977;4095
3;3078;3362;3973;4095
3;3079;3356;3979;4095
3;3079;3355;3973;4095
3;3081;3360;3973;4095
3;3070;3352;3971;4095
3;3082;3357;3970;4095
3;3071;3355;3974;4095
3;3077;3355;3963;4095
3;3067;3359;3978;4095
3;3081;3359;3977;4095
3;3078;3357;3979;4095
3;3079;3357;3981;4095
3;3071;3359;3981;4095
3;3071;3354;3976;4095
3;3071;3357;3966;4095
3;3081;3359;3968;4095
3;3068;3357;3981;4095
3;3075;3351;3974;4095
3;3078;3358;3974;4095
3;3079;3357;3967;4095
3;3079;3357;3975;4095
3;3070;3357;3983;4095
3;3071;3358;3971;4095
3;3078;3361;3964;4095
3;3079;3359;3977;4095
3;3069;3363;3975;4095
3;3071;3357;3983;4095
3;3079;3354;3983;4095
3;3081;3354;3978;4095
3;3082;3357;3981;4095
3;3081;3357;3968;4095
3;3079;3358;3978;4095
3;3079;3359;3975;4095
3;3079;3355;3979;4095
3;3080;3359;3975;4095
3;3078;3357;3967;4095
3;3068;3356;3972;4095
3;3077;3357;3982;4095
3;3079;3358;3972;4095
3;3078;3358;3973;4095
3;3078;3355;3974;4095
3;3071;3357;3974;4095
3;3079;3363;3972;4095
3;3087;3367;3974;4095
3;3085;3361;3982;4095
3;3083;3358;3981;4095
3;3084;3363;3980;4095
3;3083;3359;3979;4095
3;3079;3362;3977;4095
3;3083;3355;3968;4095
3;3079;3360;3977;4095
3;3078;3360;3977;4095
3;3082;3355;3975;4095
3;3081;3367;3971;4095
3;3082;3357;3974;4095
3;3081;3360;3966;4095
3;3079;3356;3971;4095
3;3079;3358;3969;4095
3;3082;3359;3974;4095
3;3079;3359;3975;4095
3;3077;3361;3971;4095
3;3079;3363;3962;4095
3;3070;3360;3977;4095
3;3081;3359;3981;4095
3;3081;3358;3969;4095
3;3078;3359;3978;4095
3;3082;3359;3970;4095
3;3083;3356;3980;4095
3;3083;3358;3981;4095
3;3085;3357;3978;4095
3;3079;3360;3980;4095
3;3086;3360;3985;4095
3;3081;3358;3979;4095
3;3080;3361;3982;4095
3;3079;3363;3982;4095
3;3078;3359;3975;4095
3;3071;3362;3975;4095
3;3083;3358;3979;4095
3;3086;3359;3980;4095
3;3081;3358;3979;4095
3;3078;3357;3979;4095
3;3079;3355;3974;4095
3;3083;3355;3980;4095
3;3079;3360;3974;4095
3;3070;3361;3970;4095
3;3077;3359;3978;4095
3;3082;3358;3966;4095
3;3084;3360;3978;4095
3;3082;3361;3962;4095
4;3081;3355;3974;4095
4;3079;3357;3974;4095
4;3088;3363;3977;4095
4;3084;3361;3975;4095
4;3080;3358;3981;4095
4;3082;3358;3978;4095
4;3079;3356;3966;4095
4;3081;3359;3969;4095
4;3083;3354;3984;4095
4;3083;3358;3975;4095
4;3078;3354;3982;4095
4;3081;3365;3979;4095
4;3082;3355;3968;4095
4;3082;3355;3971;4095
4;3078;3350;3979;4095
4;3079;3327;3977;4095
4;3078;3358;3971;4095
4;3082;3360;3974;4095
4;3079;3353;3978;4095
4;3079;3359;3973;4095
4;3081;3360;3973;4095
4;3081;3359;3978;4095
4;3082;3359;3978;4095
4;3078;3355;3984;4095
4;3084;3359;3978;4095
4;3086;3365;3980;4095
4;3079;3357;3978;4095
4;3083;3360;3976;4095
4;3083;3359;3970;4095
4;3071;3358;3985;4095
4;3079;3357;3973;4095
4;3083;3359;3973;4095
4;3069;3362;3975;4095
4;3081;3361;3973;4095
4;3082;3357;3975;4095
4;3082;3359;3976;4095
4;3083;3354;3978;4095
4;3083;3365;3980;4095
4;3077;3359;3983;4095
4;3080;3358;3966;4095
4;3081;3358;3978;4095
4;3081;3358;3981;4095
4;3079;3355;3973;4095
4;3079;3356;3979;4095
4;3084;3357;3982;4095
4;3084;3357;3972;4095
4;3086;3363;3974;4095
4;3086;3367;3974;4095
4;3086;3358;3982;4095
4;3077;3357;3969;4095
4;3082;3360;3967;4095
4;3081;3363;3978;4095
4;3086;3357;3970;4095
4;3085;3353;3975;4095
4;3083;3363;3973;4095
4;3082;3359;3984;4095
4;3071;3351;3977;4095
4;3078;3359;3974;4095
4;3083;3354;3978;4095
4;3084;3357;3977;4095
4;3081;3357;3966;4095
4;3083;3358;3978;4095
4;3078;3358;3975;4095
4;3086;3365;3973;4095
4;3087;3360;3977;4095
4;3083;3358;3981;4095
4;3088;3359;3975;4095
4;3082;3357;3971;4095
4;3081;3355;3969;4095
4;3082;3357;3975;4095
4;3082;3357;3975;4095
4;3082;3355;3967;4095
4;3086;3354;3977;4095
4;3085;3357;3969;4095
4;3077;3355;3968;4095
4;3078;3359;3979;4095
4;3084;3357;3977;4095
4;3083;3358;3975;4095
4;3083;3358;3983;4095
4;3071;3359;3978;4095
4;3080;3360;3969;4095
4;3071;3361;3969;4095
4;3081;3356;3974;4095
4;3079;3360;3982;4095
4;3083;3358;3975;4095
4;3081;3359;3974;4095
4;3071;3357;3968;4095
4;3083;3356;3977;4095
4;3081;3358;3979;4095
4;3081;3361;3979;4095
4;3082;3356;3979;4095
4;3082;3355;3969;4095
4;3079;3358;3969;4095
4;3070;3355;3969;4095
4;3071;3357;3961;4095
4;3077;3350;3979;4095
4;3071;3359;3974;4095
4;3081;3360;3975;4095
4;3078;3359;3977;4095
4;3079;3353;3978;4095
4;3078;3358;3977;4095
4;3084;3354;3982;4095
4;3071;3353;3970;4095
4;3071;3358;3983;4095
4;3081;3356;3982;4095
4;3083;3353;3972;4095
4;3081;3351;3969;4095
4;3077;3353;3981;4095
4;3067;3355;3981;4095
4;3079;3355;3971;4095
4;3067;3354;3974;4095
4;3071;3349;3980;4095
4;3071;3353;3971;4095
4;3070;3351;3977;4095
4;3071;3355;3973;4095
4;3071;3350;3967;4095
4;3071;3355;3982;4095
4;3077;3356;3983;4095
4;3071;3351;3975;4095
4;3071;3357;3969;4095
4;3071;3357;3976;4095
4;3067;3351;3972;4095
4;3071;3355;3977;4095
4;3077;3353;3975;4095
4;3071;3349;3978;4095
4;3070;3356;3979;4095
4;3071;3354;3978;4095
4;3079;3356;3975;4095
4;3079;3357;3975;4095
4;3071;3355;3975;4095
4;3071;3357;3975;4095
4;3071;3350;3969;4095
4;3071;3354;3980;4095
4;3071;3357;3979;4095
4;3079;3352;3973;4095
4;3069;3357;3982;4095
4;3071;3354;3975;4095
4;3071;3356;3981;4095
4;3078;3354;3975;4095
4;3080;3353;3977;4095
4;3071;3355;3979;4095
4;3082;3353;3984;4095
4;3071;3357;3981;4095
4;3071;3354;3967;4095
4;3079;3352;3979;4095
4;3079;3355;3978;4095
4;3070;3357;3975;4095
4;3071;3359;3984;4095
4;3071;3357;3978;4095
4;3078;3360;3977;4095
4;3078;3351;3979;4095
4;3081;3359;3977;4095
4;3082;3358;3978;4095
4;3071;3359;3971;4095
4;3081;3362;3986;4095
4;3078;3354;3973;4095
4;3078;3357;3984;4095
4;3079;3353;3974;4095
4;3079;3359;3981;4095
4;3079;3360;3979;4095
4;3082;3358;3977;4095
4;3078;3358;3977;4095
4;3071;3353;3973;4095
4;3071;3356;3975;4095
4;3077;3359;3978;4095
4;3079;3354;3977;4095
4;3080;3359;3970;4095
4;3085;3355;3984;4095
4;3082;3350;3969;4095
4;3083;3361;3967;4095
4;3086;3359;3973;4095
4;3083;3353;3976;4095
4;3091;3366;3981;4095
4;3102;3376;3977;4095
4;3100;3374;3974;4095
4;3126;3404;3984;4095
4;3103;3373;3981;4095
4;3097;3374;3980;4095
4;3095;3375;3978;4095
4;3100;3375;3977;4095
4;3097;3369;3979;4095
4;3088;3361;3969;4095
4;3088;3361;3969;4095
4;3089;3365;3967;4095
4;3101;3376;3980;4095
4;3095;3373;3984;4095
4;3088;3367;3979;4095
4;3089;3365;3970;4095
4;3086;3363;3970;4095
4;3086;3361;3971;4095
4;3083;3351;3968;4095
4;3077;3353;3966;4095
4;3100;3376;3978;4095
4;3101;3376;3979;4095
4;3094;3369;3981;4095
4;3093;3376;3983;4095
4;3083;3357;3972;4095
4;3083;3357;3972;4095
4;3081;3355;3970;4095
4;3081;3359;3978;4095
4;3082;3355;3971;4095
4;3082;3362;3971;4095
4;3078;3359;3975;4095
4;3083;3351;3973;4095
4;3083;3355;3973;4095
4;3071;3357;3975;4095
4;3084;3357;3968;4095
4;3079;3354;3970;4095
4;3086;3357;3970;4095
4;3071;3356;3967;4095
4;3086;3359;3979;4095
4;3099;3375;3978;4095
4;3089;3363;3980;4095
4;3088;3362;3974;4095
4;3087;3351;3981;4095
4;3087;3361;3975;4095
4;3088;3361;3957;4095
4;3088;3361;3973;4095
4;3088;3362;3971;4095
4;3085;3356;3977;4095
4;3071;3351;3973;4095
4;3071;3353;3971;4095
4;3078;3354;3969;4095
4;3070;3355;3962;4095
4;3081;3353;3967;4095
4;3067;3355;3971;4095
4;3069;3347;3973;4095
4;3068;3349;3971;4095
4;3067;3347;3978;4095
4;3066;3350;3972;4095
4;3065;3350;3967;4095
4;3069;3347;3976;4095
4;3069;3351;3965;4095
4;3069;3347;3969;4095
4;3063;3349;3973;4095
4;3069;3346;3971;4095
4;3069;3350;3974;4095
4;3067;3351;3967;4095
4;3071;3354;3975;4095
4;3069;3350;3971;4095
4;3070;3351;3971;4095
4;3066;3353;3980;4095
4;3062;3351;3973;4095
4;3070;3346;3975;4095
4;3069;3351;3966;4095
4;3071;3351;3973;4095
4;3071;3345;3973;4095
4;3065;3358;3969;4095
4;3068;3349;3969;4095
4;3069;3346;3971;4095
4;3065;3353;3966;4095
4;3066;3346;3973;4095
4;3068;3350;3979;4095
4;3070;3347;3970;4095
4;3069;3351;3969;4095
4;3059;3345;3969;4095
4;3067;3347;3977;4095
4;3070;3353;3970;4095
4;3067;3349;3970;4095
4;3077;3347;3968;4095
4;3067;3353;3972;4095
4;3075;3357;3972;4095
4;3061;3349;3972;4095
4;3061;3345;3973;4095
4;3067;3351;3974;4095
4;3071;3347;3970;4095
4;3082;3357;3973;4095
4;3088;3360;3978;4095
4;3081;3354;3969;4095
4;3084;3353;3973;4095
4;3086;3360;3978;4095
4;3086;3363;3961;4095
4;3088;3360;3972;4095
4;3088;3364;3974;4095
4;3088;3360;3981;4095
4;3087;3359;3975;4095
4;3088;3362;3975;4095
4;3087;3361;3978;4095
4;3082;3358;3977;4095
4;3085;3362;3978;4095
4;3071;3355;3972;4095
4;3081;3356;3975;4095
4;3078;3358;3977;4095
4;3083;3354;3974;4095
5;3086;3360;3975;4095
5;3079;3361;3982;4095
5;3083;3361;3973;4095
5;3086;3359;3974;4095
5;3088;3365;3974;4095
5;3087;3361;3981;4095
5;3085;3363;3979;4095
5;3087;3359;3984;4095
5;3085;3359;3983;4095
5;3083;3361;3978;4095
5;3086;3357;3974;4095
5;3082;3358;3975;4095
5;3083;3358;3975;4095
5;3079;3356;3978;4095
5;3085;3362;3967;4095
5;3081;3359;3978;4095
5;3086;3359;3982;4095
5;3079;3357;3969;4095
5;3078;3361;3980;4095
5;3081;3360;3971;4095
5;3083;3359;3977;4095
5;3078;3355;3970;4095
5;3081;3355;3970;4095
5;3082;3359;3973;4095
5;3083;3355;3984;4095
5;3079;3365;3978;4095
5;3082;3357;3982;4095
5;3081;3357;3966;4095
5;3079;3349;3978;4095
5;3076;3351;3975;4095
5;3087;3365;3979;4095
5;3088;3355;3973;4095
5;3087;3360;3958;4095
5;3086;3358;3967;4095
5;3087;3355;3963;4095
5;3085;3358;3954;4095
5;3086;3358;3969;4095
5;3087;3357;3967;4095
5;3085;3355;3961;4095
5;3085;3356;3969;4095
5;3085;3350;3959;4095
5;3088;3360;3974;4095
5;3088;3357;3973;4095
5;3083;3361;3971;4095
5;3085;3353;3967;4095
5;3083;3350;3969;4095
5;3078;3354;3972;4095
5;3071;3360;3970;4095
5;3071;3361;3971;4095
5;3079;3354;3975;4095
5;3077;3354;3971;4095
5;3070;3353;3984;4095
5;3082;3353;3970;4095
5;3079;3355;3968;4095
5;3077;3349;3978;4095
5;3079;3355;3970;4095
5;3078;3354;3972;4095
5;3071;3351;3972;4095
5;3070;3349;3971;4095
5;3071;3350;3973;4095
5;3070;3349;3963;4095
5;3069;3351;3959;4095
5;3069;3349;3973;4095
5;3067;3351;3974;4095
5;3069;3353;3969;4095
5;3071;3348;3973;4095
5;3069;3349;3975;4095
5;3068;3355;3970;4095
5;3071;3350;3971;4095
5;3069;3351;3978;4095
5;3069;3349;3971;4095
5;3065;3347;3968;4095
5;3067;3346;3970;4095
5;3071;3347;3968;4095
5;3067;3346;3971;4095
5;3071;3354;3975;4095
5;3067;3347;3972;4095
5;3062;3345;3977;4095
5;3068;3347;3973;4095
5;3067;3347;3976;4095
5;3067;3344;3977;4095
5;3066;3350;3978;4095
5;3070;3347;3973;4095
5;3067;3350;3964;4095
5;3068;3345;3977;4095
5;3069;3350;3971;4095
5;3067;3349;3973;4095
5;3067;3354;3968;4095
5;3071;3347;3979;4095
5;3067;3354;3969;4095
5;3071;3350;3972;4095
5;3071;3350;3969;4095
5;3071;3350;3975;4095
5;3070;3347;3969;4095
5;3071;3351;3974;4095
5;3077;3353;3983;4095
5;3070;3351;3972;4095
5;3070;3350;3973;4095
5;3067;3345;3975;4095
5;3069;3351;3969;4095
5;3071;3347;3967;4095
5;3059;3349;3978;4095
5;3069;3349;3970;4095
5;3059;3347;3968;4095
5;3070;3349;3972;4095
5;3062;3345;3982;4095
5;3070;3346;3970;4095
5;3068;3351;3967;4095
5;3063;3345;3975;4095
5;3068;3345;3974;4095
5;3086;3350;3971;4095
5;3069;3345;3974;4095
5;3068;3354;3967;4095
5;3067;3345;3984;4095
5;3068;3346;3967;4095
5;3069;3346;3972;4095
5;3065;3346;3969;4095
5;3070;3350;3977;4095
5;3071;3346;3981;4095
5;3071;3347;3971;4095
5;3062;3345;3970;4095
5;3066;3347;3975;4095
5;3065;3349;3959;4095
5;3070;3349;3971;4095
5;3067;3351;3971;4095
5;3070;3350;3976;4095
5;3071;3351;3970;4095
5;3067;3347;3979;4095
5;3071;3345;3973;4095
5;3069;3349;3972;4095
5;3061;3349;3984;4095
5;3067;3354;3974;4095
5;3070;3347;3974;4095
5;3070;3349;3970;4095
5;3070;3345;3972;4095
5;3067;3351;3977;4095
5;3061;3345;3972;4095
5;3070;3350;3970;4095
5;3063;3349;3971;4095
5;3067;3347;3973;4095
5;3069;3349;3968;4095
5;3065;3345;3973;4095
5;3066;3344;3977;4095
5;3071;3344;3967;4095
5;3067;3350;3974;4095
5;3070;3353;3974;4095
5;3071;3349;3963;4095
5;3068;3351;3969;4095
5;3070;3349;3967;4095
5;3060;3350;3972;4095
5;3071;3347;3973;4095
5;3063;3349;3968;4095
5;3063;3344;3968;4095
5;3066;3348;3975;4095
5;3069;3345;3967;4095
5;3077;3349;3977;4095
5;3069;3350;3969;4095
