4;3423;3579;3699;3733
4;3423;3593;3697;3741
4;3426;3590;3702;3748
4;3415;3583;3696;3728
4;3411;3573;3693;3726
4;3399;3562;3670;3715
4;3402;3556;3667;3696
4;3403;3559;3669;3704
4;3395;3549;3666;3699
4;3392;3547;3664;3696
4;3392;3547;3664;3690
4;3382;3537;3648;3696
4;3381;3539;3644;3679
4;3378;3536;3645;3671
4;3375;3530;3641;3671
4;3373;3534;3644;3668
4;3371;3526;3634;3671
4;3366;3517;3632;3671
4;3362;3518;3633;3664
4;3364;3517;3632;3657
4;3362;3511;3622;3656
4;3355;3504;3616;3650
4;3357;3507;3619;3650
4;3351;3504;3625;3649
4;3348;3493;3611;3648
4;3347;3504;3605;3642
4;3351;3504;3612;3650
4;3344;3501;3602;3643
4;3349;3493;3619;3647
4;3349;3504;3618;3649
4;3349;3501;3610;3650
4;3348;3499;3615;3648
4;3349;3502;3613;3642
4;3342;3491;3603;3642
4;3344;3494;3611;3639
4;3346;3495;3606;3638
4;3344;3491;3605;3632
4;3338;3488;3600;3621
4;3341;3487;3598;3616
4;3335;3476;3589;3613
4;3341;3485;3583;3614
4;3339;3479;3573;3603
4;3327;3474;3569;3601
4;3323;3473;3568;3600
4;3329;3468;3562;3600
4;3329;3472;3562;3600
4;3325;3470;3567;3596
4;3322;3470;3557;3579
4;3322;3471;3561;3591
4;3312;3460;3567;3591
4;3325;3469;3564;3591
4;3317;3466;3565;3590
4;3319;3469;3559;3583
4;3316;3466;3556;3583
4;3325;3461;3568;3591
4;3319;3463;3557;3593
4;3318;3463;3565;3579
4;3318;3458;3557;3583
4;3321;3461;3564;3595
4;3318;3463;3559;3581
4;3316;3465;3555;3577
4;3316;3457;3555;3572
4;3314;3456;3555;3583
4;3318;3463;3549;3579
4;3319;3466;3557;3581
4;3315;3458;3555;3583
4;3319;3462;3557;3583
4;3311;3462;3554;3574
4;3313;3466;3555;3573
4;3312;3459;3555;3570
4;3315;3457;3554;3569
4;3313;3458;3553;3574
4;3312;3459;3553;3573
4;3312;3456;3550;3574
4;3301;3443;3547;3571
4;3301;3453;3546;3571
4;3307;3447;3545;3569
4;3303;3445;3542;3573
4;3310;3445;3541;3569
4;3305;3441;3541;3568
4;3306;3440;3542;3568
4;3303;3443;3545;3569
4;3301;3444;3547;3568
4;3303;3445;3539;3561
4;3303;3443;3542;3568
4;3303;3447;3547;3569
4;3306;3455;3547;3571
4;3303;3440;3547;3568
4;3307;3445;3542;3568
4;3306;3445;3543;3568
4;3305;3450;3547;3568
4;3309;3451;3542;3570
4;3312;3453;3543;3575
4;3310;3449;3551;3568
4;3311;3451;3546;3583
4;3310;3456;3542;3569
4;3312;3459;3546;3568
4;3317;3462;3549;3577
4;3313;3457;3555;3572
4;3311;3460;3546;3568
4;3317;3457;3551;3575
4;3314;3459;3552;3569
4;3314;3453;3550;3571
4;3313;3456;3542;3568
4;3312;3459;3546;3572
4;3312;3456;3547;3565
4;3314;3456;3540;3574
4;3313;3456;3547;3568
4;3317;3456;3547;3568
4;3313;3454;3548;3568
4;3312;3456;3546;3568
4;3312;3455;3550;3568
4;3314;3458;3547;3573
4;3316;3455;3549;3571
4;3316;3457;3547;3569
4;3309;3457;3543;3567
4;3317;3455;3549;3570
4;3314;3451;3542;3566
4;3314;3456;3548;3569
4;3312;3455;3547;3573
4;3311;3455;3547;3571
4;3312;3446;3548;3568
4;3312;3455;3547;3575
4;3313;3451;3543;3570
4;3318;3458;3553;3567
4;3315;3453;3549;3574
4;3319;3461;3557;3573
4;3313;3451;3541;3568
4;3317;3458;3553;3568
4;3317;3460;3555;3570
4;3319;3459;3550;3571
4;3317;3460;3553;3575
4;3324;3459;3547;3574
4;3318;3458;3557;3574
4;3326;3463;3552;3579
4;3315;3457;3547;3573
4;3323;3465;3555;3577
4;3322;3459;3555;3575
4;3317;3466;3555;3578
4;3327;3463;3554;3577
4;3332;3470;3559;3591
4;3318;3466;3549;3579
4;3328;3462;3559;3581
4;3330;3467;3565;3578
4;3331;3472;3563;3589
4;3326;3471;3557;3583
4;3328;3471;3558;3581
4;3325;3461;3558;3577
4;3329;3475;3563;3597
4;3314;3472;3564;3592
4;3329;3472;3567;3595
4;3334;3466;3558;3583
4;3335;3472;3568;3590
4;3330;3471;3563;3575
4;3330;3473;3565;3597
4;3326;3470;3565;3581
4;3334;3472;3562;3600
4;3327;3472;3566;3591
4;3333;3472;3568;3590
4;3331;3472;3566;3582
4;3326;3470;3565;3593
4;3329;3465;3565;3583
4;3333;3489;3562;3597
4;3331;3473;3563;3583
4;3338;3472;3571;3593
4;3328;3466;3568;3596
4;3329;3473;3568;3583
4;3326;3472;3568;3591
4;3331;3472;3565;3599
4;3330;3467;3568;3581
4;3334;3473;3563;3597
4;3330;3472;3568;3595
4;3328;3472;3559;3593
4;3327;3472;3565;3582
4;3330;3473;3568;3591
4;3328;3472;3559;3583
4;3329;3471;3569;3583
4;3327;3472;3554;3581
4;3330;3461;3563;3583
4;3326;3465;3559;3575
4;3325;3467;3561;3579
4;3317;3469;3559;3581
4;3325;3469;3551;3583
4;3322;3469;3563;3582
4;3318;3463;3547;3579
4;3315;3459;3556;3579
4;3315;3461;3563;3581
4;3311;3455;3554;3578
4;3317;3462;3557;3591
4;3317;3456;3550;3590
4;3315;3463;3552;3583
4;3316;3461;3552;3583
4;3318;3467;3561;3583
4;3317;3469;3558;3575
4;3324;3459;3563;3595
4;3318;3461;3561;3583
4;3319;3463;3556;3591
4;3317;3459;3569;3593
4;3320;3470;3559;3600
4;3325;3471;3562;3583
4;3320;3473;3568;3600
4;3319;3466;3562;3597
4;3332;3471;3565;3597
4;3317;3461;3567;3583
4;3329;3472;3571;3600
4;3326;3470;3565;3604
4;3328;3471;3571;3607
4;3325;3471;3563;3591
4;3329;3472;3571;3600
4;3326;3473;3568;3600
4;3325;3470;3568;3597
4;3318;3474;3567;3599
4;3330;3473;3572;3604
4;3327;3472;3569;3601
4;3328;3475;3572;3602
4;3325;3472;3569;3601
4;3319;3475;3574;3599
4;3318;3472;3565;3611
4;3320;3475;3575;3610
4;3317;3473;3568;3600
4;3329;3472;3575;3607
4;3322;3474;3572;3600
4;3330;3481;3581;3613
4;3327;3479;3589;3614
4;3331;3482;3589;3621
4;3335;3485;3581;3611
4;3338;3482;3593;3625
4;3341;3482;3576;3618
4;3344;3490;3598;3632
4;3344;3493;3600;3627
4;3342;3498;3600;3638
4;3346;3495;3602;3637
4;3357;3502;3609;3637
4;3348;3509;3613;3641
4;3358;3505;3617;3644
4;3360;3506;3613;3648
4;3363;3512;3623;3663
4;3360;3509;3622;3645
4;3359;3515;3625;3653
4;3360;3509;3630;3661
4;3360;3518;3626;3669
4;3365;3518;3632;3682
4;3367;3521;3632;3665
4;3372;3524;3637;3667
4;3372;3529;3650;3671
4;3377;3533;3648;3689
4;3377;3539;3661;3694
4;3386;3541;3664;3698
4;3406;3556;3673;3712
4;3400;3563;3676;3718
4;3408;3569;3696;3728
4;3420;3577;3699;3733
4;3431;3592;3712;3739
4;3438;3605;3725;3759
4;3443;3610;3737;3771
4;3456;3622;3753;3785
4;3469;3635;3747;3792
4;3472;3646;3760;3798
4;3472;3651;3785;3819
4;3478;3664;3778;3826
4;3497;3672;3789;3832
4;3491;3678;3794;3844
4;3508;3687;3813;3850
4;3509;3690;3814;3862
4;3523;3704;3828;3865
4;3527;3713;3835;3869
4;3541;3717;3852;3878
4;3543;3728;3853;3877
4;3559;3732;3858;3882
4;3565;3744;3852;3888
4;3565;3739;3847;3883
4;3567;3737;3857;3881
4;3573;3741;3860;3873
4;3568;3751;3848;3863
4;3572;3733;3840;3867
4;3569;3731;3845;3862
4;3561;3728;3836;3854
4;3559;3726;3825;3846
4;3547;3713;3827;3854
4;3547;3711;3821;3845
5;3548;3710;3814;3847
5;3546;3707;3813;3841
5;3536;3707;3806;3831
5;3535;3698;3810;3830
5;3535;3695;3803;3820
5;3520;3696;3793;3821
5;3530;3691;3789;3823
5;3527;3687;3791;3806
5;3520;3679;3792;3800
5;3516;3673;3773;3798
5;3518;3667;3767;3795
5;3505;3667;3761;3787
5;3504;3663;3760;3780
5;3501;3659;3765;3787
5;3497;3655;3755;3775
5;3495;3652;3751;3770
5;3493;3651;3745;3777
5;3493;3657;3747;3776
5;3488;3648;3760;3773
5;3484;3645;3743;3771
5;3485;3648;3747;3760
5;3486;3640;3749;3764
5;3487;3643;3744;3771
5;3481;3638;3735;3761
5;3478;3636;3742;3760
5;3477;3632;3735;3752
5;3470;3630;3735;3746
5;3472;3627;3718;3738
5;3461;3614;3722;3744
5;3472;3623;3718;3734
5;3458;3615;3715;3733
5;3456;3607;3699;3723
5;3445;3606;3699;3718
5;3442;3600;3696;3711
5;3426;3574;3683;3711
5;3429;3571;3669;3699
5;3422;3575;3677;3691
5;3421;3569;3669;3696
5;3415;3565;3664;3681
5;3408;3556;3658;3686
5;3407;3552;3650;3665
5;3402;3550;3651;3666
5;3403;3551;3645;3665
5;3393;3542;3643;3664
5;3393;3540;3637;3658
5;3391;3540;3639;3660
5;3381;3533;3620;3651
5;3381;3527;3621;3653
5;3381;3529;3631;3642
5;3379;3525;3626;3644
5;3376;3520;3627;3643
5;3376;3522;3621;3641
5;3373;3514;3619;3638
5;3376;3515;3615;3638
5;3375;3510;3617;3632
5;3367;3512;3616;3633
5;3360;3501;3603;3625
5;3349;3499;3599;3616
5;3354;3494;3590;3607
5;3349;3489;3583;3601
5;3343;3489;3577;3608
5;3342;3486;3578;3614
5;3341;3482;3573;3600
5;3335;3475;3565;3599
5;3317;3458;3552;3575
5;3313;3463;3554;3577
5;3316;3458;3554;3574
5;3313;3460;3557;3579
5;3322;3456;3557;3583
5;3317;3469;3552;3593
5;3312;3462;3562;3598
5;3319;3468;3557;3600
5;3314;3461;3553;3589
5;3323;3464;3568;3599
5;3326;3469;3571;3593
5;3329;3477;3568;3609
5;3326;3471;3570;3600
5;3334;3477;3576;3607
5;3335;3477;3574;3610
5;3338;3486;3575;3613
5;3337;3486;3583;3619
5;3349;3501;3606;3635
5;3350;3503;3597;3637
5;3361;3511;3622;3645
5;3371;3518;3629;3664
5;3382;3536;3637;3675
5;3380;3536;3648;3678
5;3393;3545;3663;3694
5;3401;3552;3665;3700
5;3408;3568;3684;3712
5;3411;3571;3690;3714
5;3421;3580;3698;3727
5;3429;3590;3698;3735
5;3437;3602;3715;3755
5;3443;3611;3719;3754
5;3445;3626;3738;3773
5;3458;3629;3735;3782
5;3472;3641;3758;3799
5;3481;3653;3770;3807
5;3490;3671;3799;3839
5;3509;3680;3801;3852
5;3519;3705;3824;3867
5;3535;3715;3839;3873
5;3549;3730;3850;3883
5;3558;3733;3845;3885
5;3568;3745;3847;3888
5;3570;3744;3857;3888
5;3569;3748;3846;3860
5;3569;3739;3833;3853
5;3561;3725;3824;3850
5;3557;3717;3824;3845
5;3546;3709;3824;3844
5;3536;3710;3817;3839
5;3536;3702;3810;3827
5;3536;3696;3802;3824
5;3527;3696;3801;3813
5;3531;3689;3791;3816
5;3520;3680;3788;3803
5;3510;3673;3783;3810
5;3504;3674;3771;3786
5;3504;3663;3765;3782
5;3499;3653;3758;3766
5;3489;3645;3749;3767
5;3474;3643;3742;3765
5;3474;3640;3730;3757
5;3469;3629;3734;3746
5;3471;3626;3727;3747
5;3458;3618;3723;3737
5;3457;3611;3710;3729
5;3445;3613;3702;3717
5;3440;3601;3696;3713
5;3438;3593;3687;3719
5;3433;3583;3692;3702
5;3425;3569;3677;3695
5;3426;3568;3678;3696
5;3418;3566;3666;3690
5;3413;3557;3661;3682
5;3403;3549;3650;3674
5;3393;3547;3649;3665
5;3395;3536;3632;3664
5;3392;3534;3639;3658
5;3383;3525;3627;3647
5;3377;3531;3622;3650
5;3371;3510;3614;3635
5;3373;3522;3613;3634
5;3364;3504;3605;3623
5;3350;3503;3600