1;3136;3393;3873;4095
1;3138;3397;3871;4095
1;3134;3398;3866;4095
1;3137;3398;3871;4095
1;3139;3395;3883;4095
1;3134;3392;3878;4095
1;3136;3396;3877;4095
1;3136;3403;3879;4095
1;3137;3394;3868;4095
1;3138;3399;3871;4095
1;3135;3396;3875;4095
1;3127;3398;3874;4095
1;3138;3396;3875;4095
1;3136;3397;3878;4095
1;3136;3402;3885;4095
1;3140;3402;3883;4095
1;3136;3396;3881;4095
1;3138;3398;3870;4095
1;3137;3402;3872;4095
1;3140;3398;3873;4095
1;3135;3399;3871;4095
1;3136;3397;3870;4095
1;3137;3397;3873;4095
1;3136;3400;3878;4095
1;3137;3399;3882;4095
1;3139;3398;3868;4095
1;3139;3399;3875;4095
1;3136;3397;3873;4095
1;3137;3399;3870;4095
1;3141;3399;3877;4095
1;3138;3401;3872;4095
1;3138;3399;3876;4095
1;3134;3397;3876;4095
1;3136;3397;3876;4095
1;3133;3399;3875;4095
1;3137;3394;3871;4095
1;3142;3404;3880;4095
1;3135;3401;3885;4095
1;3144;3403;3875;4095
1;3139;3405;3875;4095
1;3142;3399;3879;4095
1;3137;3401;3883;4095
1;3140;3399;3869;4095
1;3143;3397;3875;4095
1;3142;3403;3877;4095
1;3135;3399;3879;4095
1;3134;3407;3883;4095
1;3143;3402;3879;4095
1;3142;3402;3876;4095
1;3136;3402;3883;4095
1;3138;3397;3882;4095
1;3141;3397;3874;4095
1;3136;3401;3876;4095
1;3141;3399;3881;4095
1;3141;3399;3876;4095
1;3143;3401;3877;4095
1;3139;3397;3882;4095
1;3139;3401;3877;4095
1;3139;3399;3876;4095
1;3139;3401;3877;4095
1;3142;3402;3877;4095
1;3139;3397;3881;4095
1;3138;3396;3883;4095
1;3139;3402;3873;4095
1;3141;3403;3879;4095
1;3141;3405;3879;4095
1;3140;3398;3876;4095
1;3140;3399;3870;4095
1;3138;3401;3876;4095
1;3138;3405;3878;4095
1;3137;3402;3882;4095
1;3143;3403;3872;4095
1;3136;3398;3875;4095
1;3139;3397;3875;4095
1;3141;3396;3877;4095
1;3139;3398;3873;4095
1;3136;3398;3878;4095
1;3136;3393;3871;4095
1;3137;3398;3871;4095
1;3137;3395;3867;4095
1;3138;3399;3878;4095
1;3138;3397;3882;4095
1;3139;3402;3874;4095
1;3137;3397;3870;4095
1;3140;3398;3873;4095
1;3138;3403;3874;4095
1;3139;3397;3871;4095
1;3136;3398;3878;4095
1;3141;3395;3876;4095
1;3137;3402;3871;4095
1;3142;3397;3871;4095
1;3139;3398;3876;4095
1;3137;3399;3873;4095
1;3139;3401;3877;4095
1;3138;3396;3871;4095
1;3142;3398;3873;4095
1;3141;3399;3871;4095
1;3145;3402;3877;4095
1;3139;3399;3874;4095
1;3138;3393;3870;4095
1;3137;3395;3869;4095
1;3139;3402;3870;4095
1;3141;3397;3873;4095
1;3137;3399;3870;4095
1;3144;3397;3873;4095
1;3140;3398;3875;4095
1;3141;3399;3867;4095
1;3137;3397;3873;4095
1;3143;3395;3872;4095
1;3143;3403;3880;4095
1;3141;3400;3871;4095
1;3146;3402;3876;4095
1;3141;3399;3867;4095
1;3141;3395;3872;4095
1;3140;3397;3871;4095
1;3141;3398;3873;4095
1;3137;3394;3870;4095
1;3143;3401;3870;4095
1;3139;3399;3871;4095
1;3135;3398;3873;4095
1;3142;3399;3879;4095
1;3141;3402;3866;4095
1;3138;3404;3876;4095
1;3144;3399;3875;4095
1;3136;3401;3881;4095
1;3142;3401;3867;4095
1;3136;3405;3872;4095
1;3145;3396;3870;4095
1;3136;3399;3873;4095
1;3141;3402;3874;4095
1;3137;3399;3872;4095
1;3139;3398;3879;4095
1;3138;3396;3869;4095
1;3137;3393;3869;4095
1;3137;3395;3872;4095
1;3138;3396;3863;4095
1;3138;3395;3871;4095
1;3134;3398;3871;4095
1;3140;3399;3874;4095
1;3139;3396;3878;4095
1;3137;3394;3875;4095
1;3139;3399;3878;4095
1;3142;3397;3873;4095
1;3138;3397;3871;4095
1;3137;3403;3871;4095
1;3139;3399;3866;4095
1;3139;3395;3865;4095
1;3137;3397;3874;4095
1;3140;3396;3878;4095
1;3139;3395;3873;4095
1;3133;3394;3874;4095
1;3137;3391;3874;4095
1;3139;3395;3866;4095
1;3133;3393;3872;4095
1;3139;3393;3872;4095
1;3137;3394;3869;4095
1;3137;3398;3875;4095
1;3138;3393;3875;4095
1;3135;3399;3883;4095
1;3136;3394;3870;4095
1;3136;3402;3867;4095
1;3141;3396;3866;4095
1;3141;3397;3867;4095
1;3140;3403;3869;4095
1;3137;3398;3877;4095
1;3141;3397;3872;4095
1;3137;3395;3873;4095
1;3138;3399;3874;4095
1;3141;3397;3873;4095
1;3136;3395;3882;4095
1;3139;3397;3881;4095
1;3136;3395;3879;4095
1;3136;3399;3873;4095
1;3144;3398;3871;4095
1;3132;3401;3875;4095
1;3139;3398;3870;4095
1;3134;3399;3872;4095
1;3142;3397;3881;4095
1;3138;3395;3874;4095
1;3136;3397;3873;4095
1;3144;3402;3883;4095
1;3140;3391;3871;4095
1;3137;3395;3872;4095
1;3136;3396;3871;4095
1;3136;3397;3865;4095
1;3141;3398;3872;4095
1;3135;3397;3872;4095
1;3136;3402;3872;4095
1;3133;3402;3872;4095
1;3137;3402;3875;4095
1;3145;3398;3873;4095
1;3138;3401;3872;4095
1;3136;3397;3867;4095
1;3139;3400;3871;4095
1;3135;3394;3865;4095
1;3137;3403;3867;4095
1;3139;3397;3871;4095
1;3144;3393;3877;4095
1;3144;3399;3872;4095
1;3139;3395;3878;4095
1;3141;3399;3876;4095
1;3142;3399;3867;4095
1;3139;3395;3874;4095
1;3135;3395;3874;4095
1;3138;3393;3879;4095
1;3135;3400;3866;4095
1;3141;3397;3870;4095
1;3139;3397;3869;4095
1;3139;3401;3873;4095
1;3139;3396;3877;4095
1;3136;3394;3867;4095
1;3137;3398;3865;4095
1;3139;3399;3871;4095
1;3137;3398;3868;4095
1;3140;3399;3875;4095
1;3140;3398;3870;4095
1;3138;3402;3873;4095
1;3139;3395;3871;4095
1;3140;3395;3873;4095
1;3140;3395;3872;4095
1;3137;3399;3873;4095
1;3138;3398;3871;4095
1;3140;3399;3865;4095
1;3138;3399;3869;4095
1;3139;3397;3873;4095
1;3138;3398;3869;4095
1;3138;3397;3879;4095
1;3136;3395;3882;4095
1;3138;3397;3871;4095
1;3138;3398;3874;4095
1;3137;3397;3869;4095
1;3135;3395;3877;4095
1;3136;3402;3870;4095
1;3139;3398;3871;4095
1;3141;3395;3874;4095
1;3138;3395;3869;4095
1;3141;3398;3873;4095
1;3141;3407;3869;4095
1;3135;3401;3872;4095
1;3140;3395;3876;4095
1;3142;3399;3872;4095
1;3138;3395;3873;4095
1;3138;3396;3869;4095
1;3136;3395;3881;4095
1;3139;3395;3872;4095
1;3136;3397;3874;4095
1;3138;3394;3873;4095
1;3139;3399;3871;4095
1;3139;3399;3874;4095
1;3133;3398;3874;4095
1;3140;3395;3874;4095
1;3136;3406;3870;4095
1;3136;3395;3866;4095
1;3140;3395;3875;4095
1;3141;3394;3874;4095
1;3135;3399;3874;4095
1;3136;3397;3869;4095
1;3133;3402;3869;4095
1;3141;3398;3869;4095
1;3143;3397;3872;4095
1;3139;3399;3870;4095
1;3139;3396;3874;4095
1;3141;3395;3870;4095
1;3139;3395;3883;4095
1;3131;3397;3870;4095
1;3140;3398;3863;4095
1;3136;3402;3869;4095
1;3141;3393;3882;4095
1;3141;3394;3865;4095
1;3141;3399;3871;4095
1;3140;3399;3867;4095
1;3141;3402;3871;4095
1;3139;3403;3875;4095
1;3139;3395;3872;4095
1;3142;3403;3877;4095
1;3141;3402;3870;4095
1;3141;3398;3870;4095
1;3138;3398;3874;4095
1;3141;3398;3873;4095
1;3139;3401;3873;4095
1;3140;3399;3882;4095
1;3139;3399;3878;4095
1;3137;3396;3875;4095
1;3139;3403;3879;4095
1;3136;3396;3862;4095
1;3137;3397;3867;4095
1;3134;3393;3873;4095
1;3143;3397;3868;4095
1;3143;3399;3875;4095
1;3136;3398;3869;4095
1;3143;3395;3872;4095
1;3138;3398;3878;4095
1;3141;3402;3868;4095
1;3140;3394;3873;4095
1;3136;3398;3865;4095
1;3139;3396;3869;4095
1;3139;3402;3875;4095
1;3143;3399;3874;4095
1;3146;3396;3873;4095
1;3137;3399;3871;4095
1;3141;3399;3876;4095
1;3141;3399;3871;4095
1;3139;3398;3872;4095
1;3140;3402;3874;4095
1;3138;3397;3869;4095
1;3141;3397;3878;4095
1;3145;3402;3877;4095
1;3141;3403;3870;4095
1;3136;3404;3869;4095
1;3141;3407;3878;4095
1;3142;3395;3877;4095
1;3139;3401;3874;4095
1;3135;3403;3875;4095
1;3142;3398;3873;4095
1;3145;3397;3869;4095
1;3139;3394;3871;4095
1;3134;3395;3883;4095
1;3138;3401;3866;4095
1;3140;3397;3872;4095
1;3141;3401;3872;4095
2;3139;3396;3873;4095
2;3142;3399;3874;4095
2;3139;3401;3866;4095
2;3139;3398;3871;4095
2;3147;3402;3885;4095
2;3142;3399;3872;4095
2;3141;3397;3874;4095
2;3140;3403;3874;4095
2;3142;3401;3869;4095
2;3143;3394;3866;4095
2;3145;3400;3871;4095
2;3143;3392;3873;4095
2;3138;3398;3879;4095
2;3136;3398;3873;4095
2;3142;3402;3884;4095
2;3143;3403;3871;4095
2;3140;3397;3879;4095
2;3141;3401;3877;4095
2;3136;3402;3874;4095
2;3141;3405;3875;4095
2;3145;3403;3873;4095
2;3136;3403;3873;4095
2;3135;3399;3878;4095
2;3142;3405;3877;4095
2;3139;3397;3872;4095
2;3142;3399;3874;4095
2;3142;3403;3876;4095
2;3141;3405;3872;4095
2;3143;3405;3872;4095
2;3142;3398;3875;4095
2;3142;3395;3872;4091
2;3142;3399;3877;4095
2;3138;3403;3873;4095
2;3141;3395;3873;4095
2;3137;3404;3874;4095
2;3139;3404;3878;4095
2;3143;3397;3874;4095
2;3139;3398;3877;4095
2;3142;3405;3873;4095
2;3146;3400;3873;4095
2;3136;3398;3871;4095
2;3141;3397;3870;4095
2;3139;3397;3872;4095
2;3143;3402;3874;4095
2;3137;3398;3873;4095
2;3139;3402;3871;4095
2;3146;3405;3873;4095
2;3141;3395;3866;4095
2;3139;3402;3874;4095
2;3141;3397;3874;4095
2;3141;3401;3867;4095
2;3140;3395;3875;4095
2;3136;3400;3875;4095
2;3142;3402;3877;4095
2;3138;3401;3872;4095
2;3139;3393;3874;4095
2;3139;3399;3875;4095
2;3143;3399;3875;4095
2;3135;3399;3869;4095
2;3139;3403;3872;4095
2;3143;3395;3874;4095
2;3135;3397;3870;4095
2;3141;3398;3862;4095
2;3139;3395;3877;4095
2;3139;3402;3871;4095
2;3142;3397;3871;4095
2;3140;3397;3871;4095
2;3138;3401;3868;4095
2;3145;3397;3867;4095
2;3134;3403;3873;4095
2;3143;3397;3875;4095
2;3139;3401;3878;4095
2;3137;3402;3871;4095
2;3141;3403;3870;4095
2;3139;3395;3865;4095
2;3142;3399;3870;4095
2;3136;3398;3873;4095
2;3145;3403;3874;4095
2;3141;3403;3873;4095
2;3142;3399;3876;4095
2;3146;3395;3871;4095
2;3139;3405;3875;4095
2;3146;3398;3874;4095
2;3137;3399;3877;4095
2;3137;3400;3878;4095
2;3139;3405;3878;4095
2;3139;3398;3873;4095
2;3139;3403;3868;4095
2;3136;3403;3872;4095
2;3139;3399;3875;4095
2;3141;3398;3873;4095
2;3136;3401;3873;4095
2;3142;3403;3874;4095
2;3137;3396;3875;4095
2;3141;3397;3866;4095
2;3137;3405;3874;4095
2;3143;3405;3874;4095
2;3141;3398;3875;4095
2;3135;3398;3873;4095
2;3146;3405;3877;4095
2;3138;3399;3867;4095
2;3142;3403;3874;4095
2;3140;3403;3866;4095
2;3139;3401;3874;4095
2;3137;3403;3872;4095
2;3143;3396;3873;4095
2;3141;3398;3873;4095
2;3139;3401;3877;4095
2;3140;3398;3876;4095
2;3139;3403;3870;4095
2;3147;3399;3876;4095
2;3143;3401;3879;4095
2;3145;3407;3874;4095
2;3137;3398;3870;4095
2;3134;3405;3875;4095
2;3143;3404;3873;4095
2;3147;3402;3871;4095
2;3136;3397;3874;4095
2;3145;3402;3869;4095
2;3136;3399;3869;4095
2;3144;3401;3873;4095
2;3141;3397;3871;4095
2;3138;3397;3888;4095
2;3146;3402;3878;4095
2;3145;3403;3875;4095
2;3141;3404;3873;4095
2;3136;3406;3877;4095
2;3139;3401;3872;4095
2;3145;3408;3876;4095
2;3143;3399;3874;4095
2;3140;3399;3868;4095
2;3138;3408;3882;4095
2;3142;3405;3881;4095
2;3144;3405;3871;4095
2;3137;3406;3871;4095
2;3143;3401;3878;4095
2;3139;3406;3872;4095
2;3142;3401;3873;4095
2;3138;3401;3871;4095
2;3137;3403;3875;4095
2;3140;3402;3875;4095
2;3138;3402;3876;4095
2;3141;3399;3874;4095
2;3137;3399;3885;4095
2;3138;3398;3871;4095
2;3147;3397;3872;4095
2;3142;3403;3874;4095
2;3140;3403;3875;4095
2;3142;3397;3875;4095
2;3143;3399;3874;4095
2;3146;3405;3872;4095
2;3141;3403;3873;4095
2;3142;3405;3878;4095
2;3142;3399;3870;4095
2;3145;3399;3863;4095
2;3142;3397;3872;4095
2;3143;3406;3870;4095
2;3141;3406;3873;4095
2;3141;3403;3873;4095
2;3136;3398;3877;4095
2;3147;3401;3867;4095
2;3138;3405;3877;4095
2;3144;3408;3873;4095
2;3142;3402;3870;4095
2;3142;3398;3877;4095
2;3146;3398;3865;4095
2;3148;3401;3877;4095
2;3145;3399;3876;4095
2;3142;3403;3875;4095
2;3140;3403;3871;4095
2;3149;3405;3871;4095
2;3143;3404;3871;4095
2;3136;3403;3871;4095
2;3143;3405;3871;4095
2;3138;3407;3879;4095
2;3143;3405;3877;4095
2;3133;3403;3874;4095
2;3143;3406;3866;4095
2;3143;3398;3872;4095
2;3137;3406;3874;4095
2;3139;3402;3876;4095
2;3143;3407;3872;4095
2;3147;3406;3879;4095
2;3137;3405;3877;4095
2;3147;3397;3875;4095
2;3143;3408;3873;4095
2;3137;3405;3872;4095
2;3147;3402;3871;4095
2;3139;3403;3874;4095
2;3143;3398;3884;4095
2;3139;3402;3875;4095
2;3137;3401;3873;4095
2;3141;3397;3885;4095
2;3136;3402;3870;4095
2;3140;3404;3873;4095
2;3137;3407;3872;4095
2;3139;3402;3879;4095
2;3142;3397;3874;4095
2;3139;3405;3877;4095
2;3142;3408;3885;4095
2;3137;3408;3879;4095
2;3139;3397;3869;4095
2;3141;3399;3871;4095
2;3141;3402;3869;4095
2;3147;3406;3875;4095
2;3142;3407;3869;4095
2;3138;3402;3875;4095
2;3138;3401;3879;4095
2;3137;3401;3873;4095
2;3143;3403;3872;4095
2;3139;3407;3874;4095
2;3142;3405;3871;4095
2;3140;3407;3869;4095
2;3143;3404;3867;4095
2;3137;3403;3871;4095
2;3142;3401;3871;4095
2;3142;3404;3870;4095
2;3141;3398;3878;4095
2;3142;3401;3874;4095
2;3139;3404;3883;4095
2;3134;3404;3882;4095
2;3142;3403;3875;4095
2;3139;3402;3870;4095
2;3135;3401;3879;4095
2;3141;3399;3882;4095
2;3139;3398;3879;4095
2;3139;3399;3879;4095
2;3140;3403;3872;4095
2;3137;3397;3879;4095
2;3135;3403;3874;4095
2;3139;3402;3871;4095
2;3137;3395;3874;4095
3;3138;3395;3874;4095
3;3141;3399;3884;4095
3;3138;3402;3878;4095
3;3138;3399;3877;4095
3;3138;3402;3879;4095
3;3139;3404;3880;4095
3;3134;3401;3874;4095
3;3136;3398;3873;4095
3;3145;3404;3869;4095
3;3136;3403;3870;4095
3;3135;3401;3876;4095
3;3138;3399;3871;4095
3;3136;3397;3870;4095
3;3135;3398;3873;4095
3;3138;3403;3873;4095
3;3133;3402;3869;4095
3;3139;3403;3871;4095
3;3142;3404;3866;4095
3;3137;3398;3879;4095
3;3137;3398;3880;4095
3;3139;3401;3876;4095
3;3141;3403;3870;4095
3;3143;3405;3872;4095
3;3143;3407;3874;4095
3;3137;3405;3875;4095
3;3143;3403;3881;4095
3;3142;3403;3877;4095
3;3133;3405;3874;4095
3;3142;3401;3874;4095
3;3137;3402;3873;4095
3;3138;3402;3873;4095
3;3137;3404;3886;4095
3;3136;3401;3867;4095
3;3133;3401;3873;4095
3;3139;3395;3872;4095
3;3140;3398;3865;4095
3;3134;3395;3870;4095
3;3134;3393;3873;4095
3;3135;3394;3872;4095
3;3133;3396;3863;4095
3;3139;3396;3866;4095
3;3141;3399;3867;4095
3;3137;3396;3869;4095
3;3141;3402;3869;4095
3;3145;3402;3867;4095
3;3140;3404;3863;4095
3;3142;3408;3863;4095
3;3143;3403;3867;4095
3;3141;3403;3871;4095
3;3149;3403;3871;4095
3;3143;3397;3869;4095
3;3145;3408;3871;4095
3;3143;3405;3871;4095
3;3145;3409;3873;4095
3;3143;3401;3866;4095
3;3137;3399;3874;4095
3;3139;3402;3872;4095
3;3142;3405;3875;4095
3;3145;3407;3869;4095
3;3142;3407;3867;4095
3;3137;3399;3872;4095
3;3136;3406;3870;4095
3;3139;3395;3869;4095
3;3137;3405;3867;4095
3;3141;3403;3865;4095
3;3137;3408;3870;4095
3;3136;3405;3867;4095
3;3137;3405;3866;4095
3;3143;3397;3867;4095
3;3138;3403;3869;4095
3;3133;3402;3874;4095
3;3133;3402;3878;4095
3;3136;3397;3871;4095
3;3136;3401;3869;4095
3;3137;3399;3871;4095
3;3138;3403;3872;4095
3;3136;3399;3873;4095
3;3138;3398;3872;4095
3;3131;3399;3865;4095
3;3136;3399;3878;4095
3;3139;3397;3863;4095
3;3131;3399;3868;4095
3;3136;3402;3872;4095
3;3136;3399;3873;4095
3;3138;3396;3873;4095
3;3136;3401;3869;4095
3;3139;3402;3875;4095
3;3139;3395;3875;4095
3;3138;3402;3866;4095
3;3141;3402;3871;4095
3;3139;3397;3873;4095
3;3136;3401;3870;4095
3;3135;3397;3877;4095
3;3138;3397;3875;4095
3;3136;3403;3871;4095
3;3137;3403;3874;4095
3;3143;3395;3870;4095
3;3143;3402;3877;4095
3;3141;3403;3872;4095
3;3141;3402;3877;4095
3;3138;3401;3879;4095
3;3138;3399;3867;4095
3;3136;3399;3873;4095
3;3136;3402;3870;4095
3;3137;3396;3867;4095
3;3137;3398;3870;4095
3;3137;3402;3877;4095
3;3131;3401;3872;4095
3;3137;3397;3874;4095
3;3142;3403;3878;4095
3;3137;3393;3873;4095
3;3138;3400;3871;4095
3;3141;3397;3869;4095
3;3139;3402;3877;4095
3;3138;3403;3871;4095
3;3135;3402;3873;4095
3;3138;3404;3881;4095
3;3137;3404;3874;4095
3;3138;3398;3872;4095
3;3136;3401;3872;4095
3;3138;3327;3875;4095
3;3137;3397;3867;4095
3;3138;3402;3870;4095
3;3140;3394;3878;4095
3;3138;3402;3876;4095
3;3137;3397;3873;4095
3;3137;3401;3873;4095
3;3139;3404;3882;4095
3;3137;3403;3874;4095
3;3139;3397;3871;4095
3;3142;3403;3866;4095
3;3139;3395;3873;4095
3;3139;3397;3866;4095
3;3139;3400;3875;4095
3;3137;3402;3879;4095
3;3140;3405;3874;4095
3;3140;3399;3872;4095
3;3141;3402;3888;4095
3;3141;3407;3879;4095
3;3133;3403;3872;4095
3;3136;3403;3873;4095
3;3138;3401;3872;4095
3;3137;3401;3874;4095
3;3131;3406;3873;4095
3;3136;3401;3874;4095
3;3140;3406;3874;4095
3;3138;3405;3873;4095
3;3137;3405;3871;4095
3;3133;3397;3877;4095
3;3134;3402;3876;4095
3;3136;3408;3871;4095
3;3134;3405;3882;4095
3;3141;3406;3873;4095
3;3141;3407;3873;4095
3;3141;3407;3869;4095
3;3139;3403;3870;4095
3;3138;3398;3875;4095
3;3139;3398;3872;4095
3;3139;3407;3870;4095
3;3136;3399;3874;4095
3;3139;3402;3873;4095
3;3138;3401;3879;4095
3;3133;3407;3876;4095
3;3140;3402;3869;4095
3;3138;3399;3872;4095
3;3139;3399;3873;4095
3;3139;3398;3875;4095
3;3139;3402;3877;4095
3;3142;3399;3874;4095
3;3139;3402;3879;4095
3;3139;3399;3878;4095
3;3138;3397;3873;4095
3;3141;3401;3873;4095
3;3141;3403;3877;4095
3;3136;3400;3872;4095
3;3136;3402;3867;4095
3;3140;3399;3880;4095
3;3142;3405;3870;4095
3;3140;3403;3880;4095
3;3138;3402;3871;4095
3;3140;3397;3877;4095
3;3137;3401;3873;4095
3;3143;3402;3874;4095
3;3139;3404;3873;4095
3;3141;3403;3874;4095
3;3141;3399;3871;4095
3;3143;3401;3878;4095
3;3138;3399;3871;4095
3;3139;3403;3871;4095
3;3142;3401;3878;4095
3;3138;3402;3876;4095
3;3133;3402;3875;4095
3;3141;3408;3872;4095
3;3134;3401;3874;4095
3;3141;3398;3871;4095
3;3140;3397;3881;4095
3;3133;3401;3880;4095
3;3137;3399;3877;4095
3;3140;3400;3870;4095
3;3139;3399;3874;4095
3;3137;3403;3870;4095
3;3137;3405;3871;4095
3;3137;3402;3869;4095
3;3135;3397;3879;4095
3;3136;3397;3873;4095
3;3139;3402;3874;4095
3;3141;3398;3868;4095
3;3140;3401;3871;4095
3;3139;3402;3871;4095
3;3140;3399;3869;4095
3;3139;3399;3877;4095
3;3136;3399;3877;4095
3;3138;3403;3876;4095
3;3139;3402;3872;4095
3;3139;3404;3876;4095
3;3135;3403;3870;4095
3;3142;3399;3872;4095
3;3139;3397;3883;4095
3;3137;3401;3872;4095
3;3139;3397;3871;4095
3;3138;3402;3867;4095
3;3135;3402;3871;4095
3;3139;3402;3873;4095
3;3140;3403;3875;4095
3;3140;3401;3868;4095
3;3139;3400;3874;4095
3;3139;3403;3876;4095
3;3136;3406;3873;4095
3;3133;3399;3871;4095
3;3136;3398;3872;4095
3;3142;3399;3875;4095
3;3136;3397;3876;4095
3;3138;3398;3869;4095
3;3136;3397;3870;4095
3;3138;3399;3874;4095
3;3136;3397;3873;4095
3;3139;3406;3872;4095
3;3136;3397;3870;4095
3;3134;3395;3868;4095
3;3142;3396;3872;4095
4;3137;3399;3873;4095
4;3138;3397;3875;4095
4;3140;3399;3872;4095
4;3141;3401;3873;4095
4;3136;3400;3873;4095
4;3136;3399;3872;4095
4;3142;3398;3867;4095
4;3142;3399;3877;4095
4;3138;3407;3863;4095
4;3145;3399;3872;4095
4;3137;3405;3878;4095
4;3135;3401;3870;4095
4;3139;3400;3882;4095
4;3141;3403;3872;4095
4;3138;3402;3873;4095
4;3141;3403;3867;4095
4;3139;3399;3863;4095
4;3139;3405;3878;4095
4;3137;3402;3874;4095
4;3136;3399;3869;4095
4;3139;3406;3875;4095
4;3139;3404;3873;4095
4;3139;3397;3866;4095
4;3137;3398;3866;4095
4;3137;3397;3877;4095
4;3137;3405;3875;4095
4;3140;3397;3872;4095
4;3138;3407;3881;4095
4;3136;3399;3879;4095
4;3139;3401;3872;4095
4;3136;3400;3871;4095
4;3140;3405;3878;4095
4;3141;3397;3867;4095
4;3140;3401;3873;4095
4;3137;3407;3873;4095
4;3139;3399;3871;4095
4;3136;3405;3875;4095
4;3137;3405;3876;4095
4;3141;3405;3874;4095
4;3136;3408;3871;4095
4;3140;3406;3871;4095
4;3145;3403;3874;4095
4;3137;3402;3869;4095
4;3138;3397;3874;4095
4;3142;3407;3881;4095
4;3137;3405;3878;4095
4;3142;3402;3870;4095
4;3141;3406;3871;4095
4;3141;3403;3873;4095
4;3136;3402;3877;4095
4;3134;3397;3870;4095
4;3142;3403;3874;4095
4;3146;3403;3875;4095
4;3142;3406;3872;4095
4;3136;3403;3871;4095
4;3134;3404;3869;4095
4;3143;3402;3877;4095
4;3138;3402;3868;4095
4;3136;3403;3870;4095
4;3136;3403;3871;4095
4;3142;3399;3872;4095
4;3136;3403;3872;4095
4;3141;3401;3873;4093
4;3142;3399;3873;4095
4;3139;3403;3873;4095
4;3141;3399;3872;4095
4;3140;3404;3877;4095
4;3139;3399;3869;4095
4;3146;3408;3870;4095
4;3136;3402;3877;4095
4;3137;3403;3875;4095
4;3136;3403;3878;4095
4;3139;3405;3875;4095
4;3140;3403;3873;4095
4;3139;3403;3875;4095
4;3140;3404;3864;4095
4;3141;3398;3873;4095
4;3139;3404;3868;4095
4;3140;3408;3876;4095
4;3143;3403;3873;4095
4;3137;3402;3865;4095
4;3139;3405;3879;4095
4;3137;3401;3862;4095
4;3139;3403;3867;4095
4;3139;3399;3871;4095
4;3131;3396;3873;4095
4;3138;3403;3875;4095
4;3139;3403;3878;4095
4;3140;3403;3869;4095
4;3140;3405;3871;4095
4;3140;3403;3871;4095
4;3140;3404;3873;4095
4;3131;3396;3872;4095
4;3131;3402;3877;4095
4;3136;3401;3870;4095
4;3141;3402;3875;4095
4;3140;3403;3870;4095
4;3141;3400;3872;4095
4;3139;3405;3872;4095
4;3143;3401;3867;4095
4;3142;3406;3872;4095
4;3136;3406;3867;4095
4;3136;3402;3877;4095
4;3139;3403;3871;4095
4;3139;3399;3873;4095
4;3140;3402;3873;4095
4;3143;3404;3866;4095
4;3141;3399;3863;4095
4;3135;3406;3874;4095
4;3141;3402;3876;4095
4;3139;3404;3873;4095
4;3138;3403;3877;4095
4;3142;3403;3872;4095
4;3139;3403;3870;4095
4;3143;3406;3886;4095
4;3139;3406;3873;4095
4;3139;3408;3881;4095
4;3139;3405;3873;4095
4;3143;3403;3875;4095
4;3142;3402;3870;4095
4;3143;3402;3874;4095
4;3144;3406;3875;4095
4;3140;3403;3874;4095
4;3145;3408;3872;4095
4;3143;3405;3869;4095
4;3144;3406;3879;4095
4;3138;3405;3875;4095
4;3142;3403;3878;4095
4;3142;3406;3878;4095
4;3143;3402;3872;4095
4;3143;3407;3884;4095
4;3136;3405;3867;4095
4;3143;3402;3878;4095
4;3137;3405;3883;4095
4;3145;3402;3872;4095
4;3143;3408;3874;4095
4;3138;3403;3878;4095
4;3146;3407;3875;4095
4;3142;3404;3873;4095
4;3138;3405;3873;4095
4;3140;3405;3873;4095
4;3141;3408;3873;4095
4;3141;3399;3870;4095
4;3143;3408;3870;4095
4;3137;3402;3874;4095
4;3136;3406;3872;4095
4;3138;3405;3877;4095
4;3137;3402;3871;4095
4;3138;3403;3874;4095
4;3143;3406;3877;4095
4;3142;3406;3872;4095
4;3142;3404;3867;4095
4;3146;3403;3877;4095
4;3139;3403;3873;4095
4;3137;3405;3878;4095
4;3142;3408;3875;4095
4;3139;3404;3879;4095
4;3140;3402;3874;4095
4;3143;3408;3870;4095
4;3142;3408;3876;4095
4;3141;3405;3867;4095
4;3138;3403;3876;4095
4;3146;3408;3875;4095
4;3137;3407;3868;4095
4;3144;3407;3879;4095
4;3143;3408;3874;4095
4;3149;3408;3870;4095
4;3146;3408;3877;4095
4;3139;3401;3868;4095
4;3147;3408;3874;4095
4;3146;3404;3877;4095
4;3142;3408;3877;4095
4;3147;3409;3873;4095
4;3139;3402;3872;4095
4;3149;3406;3871;4095
4;3138;3408;3879;4095
4;3147;3405;3878;4095
4;3142;3406;3875;4095
4;3145;3407;3874;4095
4;3147;3407;3877;4095
4;3142;3408;3875;4095
4;3143;3406;3878;4095
4;3143;3407;3879;4095
4;3147;3406;3879;4095
4;3136;3399;3874;4095
4;3144;3408;3874;4095
4;3146;3408;3876;4095
4;3145;3407;3870;4095
4;3141;3401;3882;4095
4;3140;3405;3883;4095
4;3138;3408;3879;4095
4;3141;3405;3874;4095
4;3142;3408;3870;4095
4;3142;3401;3875;4095
4;3147;3403;3871;4095
4;3137;3399;3877;4095
4;3141;3403;3871;4095
4;3141;3400;3871;4095
4;3143;3402;3865;4095
4;3141;3399;3871;4095
4;3147;3403;3878;4095
4;3143;3403;3872;4095
4;3142;3402;3869;4095
4;3149;3405;3877;4095
4;3147;3404;3870;4095
4;3139;3405;3867;4095
4;3141;3406;3879;4095
4;3143;3402;3873;4095
4;3140;3398;3874;4095
4;3142;3406;3872;4095
4;3141;3408;3873;4095
4;3137;3406;3873;4095
4;3138;3404;3862;4095
4;3141;3403;3868;4095
4;3137;3406;3872;4095
4;3137;3403;3870;4095
4;3135;3394;3869;4095
4;3147;3405;3863;4095
4;3147;3415;3866;4095
4;3145;3406;3875;4095
4;3145;3403;3867;4095
4;3136;3408;3867;4095
4;3136;3403;3875;4095
4;3149;3402;3875;4095
4;3142;3408;3866;4095
4;3146;3406;3870;4095
4;3149;3411;3861;4095
4;3145;3407;3868;4095
4;3143;3405;3869;4095
4;3147;3402;3871;4095
4;3147;3405;3880;4095
4;3138;3408;3871;4095
4;3141;3404;3863;4095
4;3145;3408;3862;4095
4;3143;3405;3865;4095
4;3138;3404;3871;4095
4;3150;3406;3859;4095
4;3143;3403;3865;4095
4;3146;3405;3861;4095
4;3142;3403;3859;4095
4;3146;3403;3870;4095
4;3146;3403;3870;4095
4;3143;3407;3878;4095
4;3136;3406;3870;4095
4;3135;3403;3870;4095
4;3137;3399;3866;4095
4;3136;3402;3879;4095
4;3138;3399;3862;4095
4;3141;3401;3862;4095
4;3139;3405;3866;4095
4;3141;3402;3860;4095
4;3139;3405;3865;4095
4;3140;3407;3863;4095
4;3141;3405;3871;4095
4;3141;3399;3864;4095
4;3148;3405;3870;4095
4;3145;3403;3872;4095
4;3143;3404;3867;4095
4;3142;3406;3867;4095
4;3145;3402;3871;4095
4;3143;3408;3867;4095
4;3142;3406;3870;4095
4;3138;3406;3869;4095
4;3139;3399;3869;4095
4;3146;3405;3862;4095
4;3137;3402;3869;4095
4;3137;3401;3868;4095
4;3138;3403;3865;4095
4;3139;3399;3866;4095
4;3143;3402;3872;4095
4;3141;3399;3864;4095
4;3138;3399;3875;4095
4;3136;3399;3863;4095
4;3141;3402;3866;4095
4;3143;3399;3857;4095
4;3135;3402;3870;4095
4;3138;3398;3867;4095
4;3139;3402;3869;4095
4;3133;3401;3871;4095
4;3141;3405;3858;4095
4;3143;3404;3863;4095
4;3142;3402;3865;4095
4;3141;3398;3863;4095
4;3143;3396;3871;4095
5;3139;3403;3871;4095
5;3136;3394;3863;4095
5;3137;3403;3872;4095
5;3141;3401;3862;4095
5;3147;3401;3869;4095
5;3143;3402;3865;4095
5;3137;3402;3857;4095
5;3138;3402;3867;4095
5;3136;3403;3857;4095
5;3139;3405;3869;4095
5;3143;3407;3866;4095
5;3140;3408;3868;4095
5;3141;3402;3860;4095
5;3143;3404;3860;4095
5;3138;3397;3856;4095
5;3134;3395;3866;4095
5;3140;3402;3869;4095
5;3137;3402;3868;4095
5;3139;3403;3872;4095
5;3142;3402;3859;4095
5;3137;3403;3858;4095
5;3142;3399;3859;4095
5;3135;3399;3863;4095
5;3145;3402;3863;4095
5;3141;3395;3863;4095
5;3140;3403;3867;4095
5;3136;3399;3866;4095
5;3136;3400;3871;4095
5;3137;3400;3861;4095
5;3141;3399;3856;4095
5;3136;3401;3862;4095
5;3137;3398;3871;4095
5;3138;3399;3859;4095
5;3138;3398;3859;4095
5;3137;3397;3859;4095
5;3139;3402;3866;4095
5;3138;3402;3856;4095
5;3132;3395;3859;4095
5;3138;3395;3857;4095
5;3136;3399;3865;4095
5;3137;3397;3857;4095
5;3136;3400;3871;4095
5;3136;3395;3865;4095
5;3131;3399;3856;4095
5;3139;3396;3859;4095
5;3138;3397;3862;4095
5;3136;3397;3868;4095
5;3135;3395;3862;4095
5;3136;3399;3856;4095
5;3133;3396;3867;4095
5;3131;3401;3862;4095
5;3137;3398;3869;4095
5;3137;3397;3859;4095
5;3134;3397;3861;4095
5;3139;3404;3858;4095
5;3136;3397;3865;4095
5;3131;3396;3858;4095
5;3136;3395;3861;4095
5;3138;3401;3867;4095
5;3139;3401;3865;4095
5;3137;3402;3855;4095
5;3137;3397;3863;4095
5;3127;3399;3862;4095
5;3136;3399;3857;4095
5;3133;3399;3869;4095
5;3137;3401;3868;4095
5;3135;3397;3865;4095
5;3136;3396;3866;4095
5;3139;3403;3867;4095
5;3136;3399;3858;4095
5;3135;3401;3863;4095
5;3136;3398;3867;4095
5;3136;3398;3869;4095
5;3137;3395;3856;4095
5;3137;3393;3869;4095
5;3130;3399;3867;4095
5;3136;3398;3866;4095
5;3139;3397;3862;4095
5;3131;3395;3861;4095
5;3136;3393;3851;4095
5;3138;3405;3864;4095
5;3136;3403;3863;4095
5;3136;3403;3866;4095
5;3136;3397;3869;4095
5;3135;3397;3870;4095
5;3133;3395;3859;4095
5;3136;3395;3856;4095
5;3127;3398;3859;4095
5;3135;3394;3853;4095
5;3135;3394;3861;4095
5;3131;3394;3862;4095
5;3135;3393;3861;4095
5;3135;3392;3859;4095
5;3134;3394;3856;4095
5;3134;3393;3867;4095
5;3137;3392;3857;4095
5;3130;3392;3862;4095
5;3135;3397;3866;4095
5;3133;3397;3863;4095
5;3135;3396;3856;4095
5;3136;3393;3858;4095
5;3136;3392;3862;4095
5;3134;3390;3863;4095
5;3132;3392;3862;4095
5;3133;3392;3857;4095
5;3135;3391;3862;4095
5;3135;3392;3862;4095
5;3131;3394;3863;4095
5;3133;3392;3857;4095
5;3136;3394;3858;4095
5;3133;3394;3862;4095
5;3133;3393;3862;4095
5;3136;3390;3856;4095
5;3135;3395;3860;4095
5;3131;3397;3859;4095
5;3133;3394;3866;4095
5;3135;3392;3859;4095
5;3136;3401;3869;4095
5;3134;3397;3861;4095
5;3136;3402;3862;4095
5;3136;3396;3861;4095
5;3130;3395;3856;4095
5;3136;3392;3859;4095
5;3133;3395;3863;4095
5;3130;3394;3862;4095
5;3132;3393;3868;4095
5;3131;3391;3859;4095
5;3136;3394;3871;4095
5;3135;3404;3859;4095
5;3135;3400;3865;4095
5;3130;3393;3860;4095
5;3133;3391;3856;4095
5;3134;3392;3865;4095
5;3134;3392;3870;4095
5;3134;3396;3856;4095
5;3132;3391;3860;4095
5;3135;3392;3872;4095
5;3134;3391;3856;4095
5;3136;3395;3862;4095
5;3130;3392;3868;4095
5;3133;3396;3858;4095
5;3135;3397;3869;4095
5;3133;3389;3857;4095
5;3133;3394;3863;4095
5;3132;3392;3856;4095
5;3133;3395;3859;4095
5;3133;3391;3859;4095
5;3136;3392;3863;4095
5;3134;3393;3856;4095
5;3135;3393;3856;4095
5;3136;3393;3857;4095
5;3135;3394;3871;4095
5;3130;3393;3861;4095
5;3131;3394;3856;4095
5;3130;3393;3870;4095
5;3131;3392;3863;4095
5;3135;3395;3866;4095
