1;3254;3360;3392;3408
1;3259;3376;3433;3454
1;3248;3374;3438;3454
1;3259;3379;3447;3473
1;3281;3407;3456;3487
1;3320;3439;3502;3547
1;3277;3407;3470;3525
1;3351;3519;3574;3611
1;3303;3418;3487;3515
1;3394;3538;3610;3646
1;3383;3527;3638;3671
1;3473;3611;3662;3691
1;3519;3692;3767;3797
1;3443;3590;3639;3655
1;3303;3421;3466;3493
1;3335;3449;3484;3495
1;3408;3514;3550;3561
1;3393;3517;3504;3582
1;3315;3437;3472;3502
1;3296;3388;3366;3403
1;3465;3593;3619;3632
1;3429;3557;3568;3578
1;3371;3501;3573;3600
1;3398;3528;3577;3638
1;3363;3472;3475;3509
1;3409;3542;3553;3577
1;3438;3553;3575;3603
1;3424;3523;3536;3565
1;3330;3440;3418;3434
1;3335;3431;3424;3444
1;3335;3465;3561;3607
1;2672;3061;3847;4000
1;2621;3014;3828;3987
1;2581;2982;3792;3964
1;2573;2975;3805;3967
1;2557;2969;3801;3975
1;2535;2955;3795;3964
1;2530;2959;3794;3971
1;2527;2954;3792;3963
1;2557;2965;3794;3975
1;2601;2990;3807;3982
1;2611;2995;3809;3975
1;2626;2999;3800;3985
1;2643;3008;3797;3977
1;2627;2997;3676;3972
1;2653;3011;3688;3963
1;2657;3011;3792;3968
1;2671;3015;3657;3961
1;2670;3014;3733;3963
1;2696;3030;3792;3971
1;2714;3039;3665;3982
1;2736;3056;3664;3969
1;2661;3010;3664;3972
1;2714;3047;3669;3982
1;2721;3053;3676;3979
1;2717;3050;3775;3985
1;2705;3047;3696;3984
1;2710;3045;3706;3984
1;2704;3047;3677;3983
1;2700;3037;3685;3983
1;2670;3021;3696;3982
1;2615;2991;3675;3970
1;2629;2993;3669;3973
1;2643;3005;3792;3977
1;2643;2999;3792;3967
1;2624;2989;3788;3968
1;2624;2992;3786;3952
1;2624;2991;3787;3963
1;2628;2990;3792;3972
1;2621;2989;3783;3971
1;2611;2982;3795;3961
1;2620;2989;3788;3971
1;2611;2983;3790;3967
1;2608;2978;3794;3980
1;2614;2982;3792;3965
1;2608;2977;3803;3968
1;2608;2979;3799;3984
1;2608;2981;3792;3975
1;2619;2986;3785;3963
1;2626;2992;3771;3950
1;2624;2991;3793;3968
1;2620;2991;3792;3971
1;2623;2989;3792;3971
1;2624;2992;3795;3969
1;2624;2991;3792;3963
1;2629;2989;3786;3968
1;2623;2991;3791;3963
1;2623;2991;3791;3962
1;2625;2991;3794;3963
1;2627;2988;3793;3971
1;2625;2992;3792;3965
1;2624;2987;3799;3967
1;2624;2992;3793;3962
1;2624;2989;3785;3969
1;2631;2993;3795;3968
1;2631;2992;3760;3967
1;2624;2992;3797;3973
1;2605;2982;3794;3983
1;2627;2992;3798;3975
1;2634;2992;3792;3974
1;2623;2991;3795;3972
1;2629;2992;3792;3974
1;2627;2992;3788;3965
1;2629;2992;3795;3976
1;2637;2997;3803;3967
1;2622;2986;3793;3970
1;2625;2990;3787;3965
1;2623;2991;3791;3975
1;2622;2990;3793;3971
1;2624;2991;3795;3965
1;2625;2988;3790;3961
1;2621;2987;3785;3979
1;2626;2989;3785;3970
1;2611;2979;3791;3976
1;2621;2990;3793;3970
1;2617;2986;3795;3980
1;2614;2983;3792;3971
1;2623;2986;3793;3974
1;2617;2987;3797;3977
1;2613;2982;3801;3983
1;2606;2978;3802;3969
1;2611;2983;3793;3972
1;2629;2994;3805;3984
1;2645;3002;3803;3984
1;2646;3005;3801;3982
1;2649;3005;3806;3984
1;2650;3008;3813;3984
1;2659;3011;3804;3977
1;2661;3013;3813;3984
1;2650;3007;3795;3981
1;2650;3005;3794;3979
1;2653;3006;3802;3978
1;2655;3008;3793;3978
1;2655;3006;3798;3975
1;2653;3007;3795;3974
1;2651;3002;3793;3978
1;2649;3003;3792;3965
1;2646;3001;3801;3974
1;2651;3007;3801;3981
1;2642;3001;3795;3973
1;2639;2996;3797;3975
1;2645;2998;3799;3971
1;2643;3001;3796;3963
1;2640;2995;3796;3970
1;2631;2992;3799;3977
1;2620;2986;3794;3973
1;2610;2982;3805;3984
1;2614;2983;3805;3982
1;2593;2973;3805;3984
1;2593;2972;3802;3984
1;2624;2990;3811;3984
1;2619;2988;3803;3984
1;2610;2982;3803;3981
1;2602;2976;3805;3982
1;2619;2987;3801;3986
1;2618;2987;3806;3985
1;2618;2990;3808;3988
1;2622;2989;3812;3990
1;2622;2985;3811;3990
1;2624;2992;3817;3989
1;2613;2989;3807;3995
1;2624;2992;3812;3985
1;2608;2986;3809;3994
1;2608;2980;3799;3985
1;2609;2982;3799;3985
1;2608;2979;3806;3979
1;2611;2978;3812;3984
1;2611;2983;3802;3984
1;2611;2982;3807;3986
1;2603;2977;3808;3984
1;2608;2981;3810;3993
1;2608;2979;3806;3985
1;2606;2979;3650;3984
1;2611;2985;3810;3991
1;2623;2990;3812;3994
1;2638;3007;3824;3988
1;2672;3032;3839;4009
1;2609;2982;3815;3991
1;2611;2983;3803;3986
1;2608;2983;3813;3987
1;2608;2981;3809;3986
1;2606;2979;3819;3987
1;2608;2983;3808;3984
1;2607;2981;3809;3984
1;2605;2982;3802;3982
1;2608;2982;3811;3985
1;2604;2979;3807;3984
1;2602;2977;3809;3984
1;2603;2978;3802;3984
1;2602;2978;3808;3984
1;2598;2977;3798;3981
1;2601;2977;3798;3985
1;2601;2975;3797;3985
1;2599;2975;3811;3990
1;2591;2974;3812;3987
1;2597;2977;3801;3986
1;2598;2975;3812;3980
1;2598;2975;3808;3985
1;2595;2975;3809;3984
1;2591;2974;3804;3991
1;2593;2975;3808;3997
1;2594;2975;3814;3983
1;2595;2974;3810;3985
1;2595;2976;3812;3990
1;2596;2975;3812;3983
1;2598;2975;3799;3993
1;2595;2976;3811;3994
1;2597;2973;3808;3985
1;2595;2974;3810;3987
1;2594;2971;3818;3985
1;2593;2970;3808;3986
1;2593;2971;3803;3984
1;2597;2974;3807;3984
1;2593;2973;3815;3984
1;2592;2973;3806;3982
1;2593;2975;3805;3995
1;2594;2973;3809;3989
1;2593;2973;3808;3991
1;2587;2972;3811;3984
1;2588;2969;3806;3984
1;2585;2970;3810;3986
1;2589;2973;3802;3994
1;2597;2971;3808;3984
1;2597;2974;3802;3987
1;2599;2974;3804;3984
1;2597;2974;3810;3989
1;2598;2974;3811;3984
1;2592;2975;3809;3985
1;2595;2975;3802;3990
1;2598;2975;3808;3984
1;2597;2973;3807;3985
1;2598;2970;3807;3986
1;2593;2971;3803;3990
1;2591;2971;3797;3984
1;2583;2967;3806;3983
1;2579;2967;3806;3978
1;2587;2967;3803;3981
1;2590;2970;3809;3984
1;2592;2970;3806;3984
1;2587;2970;3815;3985
1;2589;2970;3807;3985
1;2591;2970;3807;3987
1;2587;2967;3802;3990
1;2586;2970;3807;3986
1;2590;2970;3803;3984
1;2589;2965;3804;3987
1;2587;2965;3804;3984
1;2586;2966;3807;3986
1;2587;2966;3807;3985
1;2579;2963;3806;3993
1;2592;2967;3806;3984
1;2589;2969;3802;3991
1;2586;2969;3813;3984
1;2582;2969;3811;3989
1;2586;2967;3803;3985
1;2586;2967;3795;3984
1;2590;2967;3807;3982
1;2594;2967;3806;3984
1;2589;2971;3794;3984
1;2590;2966;3803;3986
1;2587;2966;3808;3987
1;2590;2966;3806;3983
1;2587;2966;3807;3984
1;2591;2970;3802;3982
1;2582;2966;3807;3986
1;2591;2966;3799;3984
1;2589;2971;3805;3984
1;2588;2965;3812;3984
1;2589;2971;3806;3986
1;2587;2970;3807;3984
1;2587;2969;3799;3986
1;2590;2967;3799;3984
1;2594;2974;3809;3981
1;2595;2974;3805;3985
1;2595;2970;3803;3988
1;2595;2971;3806;3982
1;2592;2967;3802;3990
1;2592;2971;3803;3983
1;2595;2975;3807;3987
1;2591;2973;3809;3982
1;2594;2971;3797;3985
1;2595;2971;3806;3982
1;2592;2973;3806;3992
1;2594;2970;3806;3984
1;2593;2972;3799;3985
1;2594;2969;3801;3984
1;2591;2974;3808;3984
1;2586;2971;3807;3984
1;2586;2967;3807;3984
1;2589;2970;3797;3982
1;2592;2970;3810;3979
1;2589;2967;3807;3985
1;2589;2967;3806;3984
1;2590;2971;3804;3984
1;2593;2967;3803;3987
1;2593;2972;3808;3982
1;2591;2970;3807;3984
1;2587;2973;3807;3993
1;2589;2972;3799;3986
1;2591;2969;3804;3982
1;2593;2972;3806;3984
1;2592;2969;3809;3984
1;2586;2973;3806;3985
1;2601;2976;3803;3986
1;2602;2976;3805;3991
1;2599;2978;3804;3990
1;2592;2969;3809;3987
1;2588;2969;3813;3987
1;2590;2971;3810;3984
1;2589;2967;3812;3984
1;2591;2968;3810;3986
1;2591;2973;3805;3997
1;2590;2967;3806;3984
1;2591;2967;3807;3985
1;2592;2973;3811;3984
1;2585;2969;3808;3984
1;2589;2971;3811;3984
1;2587;2970;3799;3984
1;2590;2973;3807;3987
1;2595;2972;3809;3990
2;2593;2972;3818;3985
2;2594;2974;3806;3984
2;2590;2969;3801;3989
2;2590;2973;3806;3984
2;2593;2970;3807;3984
2;2594;2974;3808;3991
2;2595;2971;3810;3984
2;2594;2972;3809;3991
2;2592;2976;3812;3987
2;2594;2976;3818;4000
2;2595;2975;3805;3985
2;2599;2979;3810;3996
2;2595;2975;3799;3991
2;2588;2974;3806;3991
2;2598;2975;3810;3989
2;2595;2977;3806;3990
2;2597;2971;3817;3993
2;2593;2975;3811;3984
2;2593;2976;3810;3986
2;2596;2973;3817;3984
2;2593;2975;3808;3986
2;2593;2975;3810;3991
2;2593;2975;3806;3984
2;2593;2976;3813;3991
2;2593;2967;3811;3988
2;2593;2976;3809;3994
2;2593;2974;3809;3984
2;2589;2972;3810;3984
2;2588;2975;3811;3984
2;2595;2977;3820;3984
2;2593;2978;3814;3990
2;2595;2976;3809;3984
2;2597;2975;3809;3985
2;2593;2976;3804;3989
2;2592;2974;3813;3999
2;2592;2972;3808;3984
2;2592;2973;3810;3991
2;2594;2975;3803;3989
2;2594;2974;3811;3984
2;2594;2973;3809;3985
2;2593;2975;3815;3987
2;2593;2975;3809;3988
2;2597;2975;3805;3987
2;2594;2974;3801;3984
2;2598;2975;3809;3984
2;2594;2971;3811;3986
2;2594;2973;3807;3984
2;2596;2974;3813;3994
2;2595;2970;3808;3984
2;2594;2974;3808;3991
2;2595;2975;3810;3988
2;2590;2974;3809;3987
2;2592;2971;3803;3986
2;2592;2973;3812;3984
2;2592;2971;3811;3985
2;2592;2972;3806;3986
2;2594;2973;3811;3987
2;2594;2973;3818;3987
2;2599;2973;3802;3984
2;2595;2972;3811;3995
2;2597;2970;3811;3997
2;2599;2974;3809;3997
2;2592;2973;3809;3990
2;2598;2974;3809;3988
2;2594;2973;3809;3985
2;2598;2983;3826;3995
2;2599;2982;3824;4002
2;2605;2982;3824;4006
2;2604;2981;3824;4003
2;2601;2982;3827;4003
2;2602;2982;3824;4001
2;2599;2980;3824;3995
2;2599;2975;3817;4002
2;2601;2981;3822;4004
2;2601;2981;3819;4005
2;2597;2978;3819;3995
2;2599;2979;3822;4003
2;2599;2979;3820;3998
2;2595;2983;3823;4013
2;2602;2981;3829;4012
2;2598;2978;3819;4003
2;2599;2978;3824;4001
2;2601;2981;3823;4004
2;2599;2978;3824;4009
2;2598;2979;3824;3996
2;2598;2981;3824;4005
2;2601;2979;3821;4006
2;2599;2978;3810;4001
2;2601;2979;3824;4002
2;2596;2980;3824;4008
2;2601;2981;3824;3999
2;2602;2980;3822;3997
2;2600;2979;3823;4007
2;2594;2979;3820;4000
2;2599;2979;3827;4000
2;2599;2982;3821;4003
2;2598;2981;3829;4001
2;2594;2978;3824;3999
2;2599;2980;3824;4000
2;2601;2978;3822;3999
2;2601;2978;3822;3993
2;2598;2978;3819;3996
2;2598;2977;3814;4000
2;2598;2978;3824;3998
2;2597;2977;3825;4001
2;2599;2979;3824;4002
2;2601;2977;3823;4002
2;2601;2981;3818;4000
2;2599;2979;3825;4001
2;2597;2977;3811;4005
2;2601;2981;3824;4011
2;2601;2981;3823;4011
2;2605;2983;3818;3994
2;2604;2986;3826;4002
2;2603;2981;3826;4001
2;2601;2982;3824;4000
2;2603;2985;3826;3998
2;2606;2979;3830;4013
2;2604;2983;3821;4014
2;2603;2983;3824;4002
2;2603;2982;3821;4005
2;2598;2981;3824;3995
2;2600;2982;3823;4000
2;2601;2982;3824;3999
2;2603;2981;3818;3994
2;2595;2979;3825;4006
2;2602;2982;3825;4004
2;2603;2981;3825;3999
2;2603;2980;3824;4001
2;2602;2983;3824;4001
2;2603;2979;3825;4005
2;2604;2985;3828;4005
2;2598;2982;3824;3997
2;2605;2980;3824;3997
2;2605;2983;3821;4010
2;2603;2982;3824;4002
2;2601;2983;3824;4004
2;2602;2981;3823;3998
2;2605;2976;3821;3996
2;2603;2984;3824;4003
2;2605;2983;3824;3998
2;2604;2982;3827;4000
2;2599;2979;3824;4011
2;2603;2980;3833;3999
2;2601;2981;3819;4016
2;2605;2981;3823;4006
2;2603;2979;3818;4005
2;2602;2981;3824;4002
2;2598;2981;3824;3998
2;2602;2977;3825;4001
2;2606;2978;3824;3995
2;2599;2981;3819;4002
2;2598;2981;3821;4000
2;2602;2980;3815;4000
2;2600;2977;3827;3998
2;2603;2981;3827;4003
2;2601;2980;3821;3996
2;2598;2979;3824;4001
2;2598;2978;3824;4003
2;2596;2979;3824;4002
2;2602;2979;3824;4002
2;2596;2983;3822;3999
2;2599;2981;3824;4012
2;2601;2979;3823;4005
2;2601;2976;3824;4005
2;2597;2982;3825;3999
2;2599;2981;3821;4005
2;2601;2978;3831;4001
2;2601;2980;3823;4003
2;2600;2975;3825;4001
2;2601;2977;3826;4004
2;2599;2981;3826;3998
2;2601;2977;3823;4001
2;2603;2980;3820;4005
2;2597;2978;3826;4003
2;2603;2979;3822;4006
2;2602;2978;3821;4011
2;2601;2979;3822;4011
2;2605;2980;3823;4001
2;2599;2979;3819;4004
2;2598;2977;3824;4003
2;2605;2977;3823;4006
2;2602;2979;3825;4007
2;2598;2983;3824;4007
2;2607;2983;3824;4011
2;2606;2980;3823;4004
2;2602;2979;3830;4002
2;2598;2982;3824;4006
2;2603;2981;3822;3999
2;2601;2981;3825;4006
2;2603;2986;3826;4015
2;2603;2982;3824;3998
2;2603;2981;3824;4000
2;2597;2983;3824;4002
2;2602;2982;3818;4007
2;2599;2979;3823;4002
2;2604;2982;3817;4015
2;2595;2977;3821;4003
2;2602;2981;3825;4003
2;2601;2985;3824;4003
2;2601;2977;3824;4005
2;2599;2974;3825;4001
2;2595;2981;3824;4012
2;2600;2980;3821;4003
2;2599;2980;3824;4005
2;2598;2979;3831;4003
2;2593;2980;3825;4003
2;2601;2979;3824;4012
2;2601;2978;3824;4002
2;2599;2980;3824;4001
2;2602;2985;3825;4016
2;2603;2983;3827;4010
2;2599;2983;3818;4007
2;2600;2979;3824;4007
2;2603;2982;3826;4001
2;2607;2986;3824;4004
2;2605;2983;3827;4003
2;2605;2979;3830;4002
2;2603;2981;3824;4010
2;2605;2985;3824;4013
2;2606;2983;3826;4002
2;2606;2986;3833;4010
2;2605;2982;3827;4011
2;2603;2981;3824;4005
2;2607;2987;3824;3995
2;2605;2982;3824;4007
2;2599;2983;3824;4011
2;2604;2983;3824;4005
2;2601;2980;3824;4006
2;2605;2981;3823;4007
2;2604;2985;3828;4001
2;2605;2983;3824;4002
3;2601;2983;3824;4011
3;2601;2985;3824;4001
3;2601;2980;3823;3999
3;2605;2987;3824;4001
3;2605;2987;3824;4007
3;2604;2983;3825;4010
3;2605;2985;3824;4005
3;2606;2987;3826;4006
3;2603;2983;3824;4001
3;2605;2983;3822;4007
3;2607;2985;3823;4003
3;2606;2985;3825;4006
3;2605;2986;3826;4010
3;2606;2986;3824;4011
3;2606;2985;3826;4013
3;2602;2988;3825;4004
3;2607;2983;3825;3999
3;2606;2985;3825;3998
3;2606;2987;3827;4013
3;2601;2985;3823;4016
3;2605;2985;3829;4006
3;2607;2987;3822;4008
3;2599;2982;3824;4001
3;2606;2987;3826;4007
3;2602;2986;3824;4006
3;2603;2983;3824;4009
3;2605;2987;3828;4002
3;2607;2985;3829;4006
3;2605;2985;3825;4001
3;2607;2985;3825;4000
3;2604;2985;3824;4006
3;2607;2983;3824;4016
3;2608;2990;3825;4009
3;2608;2986;3826;4001
3;2603;2987;3831;4010
3;2606;2985;3824;4003
3;2604;2986;3837;4007
3;2605;2983;3827;4016
3;2608;2987;3830;4001
3;2607;2987;3833;4011
3;2607;2983;3825;4004
3;2607;2986;3825;4015
3;2607;2985;3829;4006
3;2603;2985;3826;4009
3;2605;2986;3830;4004
3;2607;2987;3822;4007
3;2599;2989;3824;4011
3;2603;2987;3825;4016
3;2603;2986;3825;4007
3;2605;2985;3830;4001
3;2605;2987;3825;4009
3;2604;2983;3822;4000
3;2606;2983;3823;4002
3;2605;2987;3819;4003
3;2608;2990;3824;4003
3;2608;2986;3826;4005
3;2603;2987;3829;4006
3;2606;2985;3829;4005
3;2603;2983;3826;4005
3;2607;2987;3829;4015
3;2607;2988;3830;4016
3;2606;2987;3826;4003
3;2607;2988;3819;4013
3;2606;2987;3829;4011
3;2607;2987;3827;3999
3;2607;2986;3825;4004
3;2605;2985;3824;4016
3;2607;2986;3830;4011
3;2607;2986;3824;3999
3;2608;2987;3827;4003
3;2607;2989;3832;4000
3;2604;2983;3824;4005
3;2605;2987;3826;4004
3;2607;2986;3823;4016
3;2601;2987;3825;4012
3;2601;2987;3825;4009
3;2605;2988;3828;4007
3;2603;2985;3827;4005
3;2607;2986;3831;3999
3;2605;2983;3830;4006
3;2603;2985;3830;4003
3;2603;2987;3825;4016
3;2605;2987;3827;4006
3;2602;2986;3829;4006
3;2608;2987;3824;4003
3;2605;2988;3835;4011
3;2603;2986;3825;4002
3;2607;2982;3821;4015
3;2608;2986;3822;4003
3;2603;2985;3824;4003
3;2605;2989;3832;4013
3;2606;2989;3824;4011
3;2606;2989;3827;4007
3;2607;2990;3824;4009
3;2606;2987;3826;4007
3;2607;2989;3827;4007
3;2608;2988;3829;4005
3;2608;2989;3834;4007
3;2606;2992;3837;4001
3;2605;2991;3827;4010
3;2607;2988;3829;4001
3;2608;2989;3831;4002
3;2608;2991;3827;4010
3;2608;2989;3831;4003
3;2608;2991;3826;4006
3;2608;2989;3838;4009
3;2608;2990;3830;4015
3;2608;2986;3826;4002
3;2609;2989;3830;4004
3;2608;2989;3833;3999
3;2608;2992;3824;4011
3;2608;2989;3821;4008
3;2608;2991;3824;4023
3;2608;2987;3825;4010
3;2608;2992;3827;4013
3;2608;2989;3826;4010
3;2606;2987;3824;4004
3;2609;2991;3833;4011
3;2609;2988;3834;4012
3;2608;2986;3827;4011
3;2608;2989;3827;4006
3;2608;2992;3831;4012
3;2607;2988;3827;4010
3;2608;2989;3829;4009
3;2608;2992;3831;4016
3;2608;2982;3827;4011
3;2608;2990;3835;4010
3;2608;2992;3830;4006
3;2609;2991;3829;4011
3;2610;2991;3836;4007
3;2608;2988;3827;4006
3;2607;2992;3834;3998
3;2605;2986;3824;4013
3;2608;2991;3824;4013
3;2607;2989;3827;4004
3;2608;2989;3843;4010
3;2607;2988;3843;4011
3;2605;2983;3826;4010
3;2606;2990;3819;4012
3;2608;2982;3831;4007
3;2605;2987;3834;4016
3;2605;2986;3831;4016
3;2605;2985;3827;4002
3;2605;2983;3829;4007
3;2597;2985;3834;4006
3;2606;2985;3835;4003
3;2608;2986;3828;4013
3;2603;2988;3824;4006
3;2605;2987;3830;4010
3;2606;2986;3828;4005
3;2608;2988;3835;4014
3;2606;2986;3827;4015
3;2598;2987;3829;4010
3;2605;2989;3824;4007
3;2606;2987;3833;4006
3;2607;2985;3830;4010
3;2606;2989;3827;4006
3;2606;2989;3824;4011
3;2608;2989;3824;4009
3;2607;2986;3827;4009
3;2605;2991;3830;4005
3;2608;2988;3830;4014
3;2605;2983;3825;4018
3;2607;2982;3826;4011
3;2605;2991;3827;4007
3;2608;2987;3827;4016
3;2606;2989;3834;4006
3;2608;2987;3833;4014
3;2605;2991;3826;4007
3;2605;2987;3827;4012
3;2603;2989;3829;3995
3;2608;2989;3828;4003
3;2607;2991;3830;4013
3;2603;2990;3825;4010
3;2608;2991;3825;4010
3;2609;2990;3825;4013
3;2606;2990;3832;4002
3;2607;2989;3827;4010
3;2605;2989;3825;4006
3;2608;2988;3833;4004
3;2608;2989;3826;4013
3;2606;2989;3831;4008
3;2608;2989;3827;4002
3;2606;2987;3826;4011
3;2608;2991;3834;4007
3;2606;2990;3824;4009
3;2605;2987;3827;4007
3;2608;2989;3824;4011
3;2606;2990;3824;4009
3;2608;2990;3826;4014
3;2608;2989;3831;4013
3;2608;2989;3837;4016
3;2607;2991;3825;4005
3;2608;2987;3827;4010
3;2607;2989;3831;4002
3;2605;2990;3825;4003
3;2608;2987;3829;4016
3;2608;2991;3828;4013
3;2608;2990;3831;4007
3;2608;2989;3824;4011
3;2608;2991;3824;4000
3;2608;2983;3824;4013
3;2608;2992;3833;4007
3;2608;2983;3830;4018
3;2608;2991;3830;4013
3;2607;2987;3828;4006
3;2608;2992;3830;4007
3;2608;2989;3824;4006
3;2608;2991;3827;4006
3;2603;2989;3829;4011
3;2608;2991;3838;4010
3;2608;2989;3829;4015
3;2608;2991;3830;4005
3;2609;2990;3829;4015
3;2608;2992;3826;4016
3;2606;2986;3826;4014
3;2608;2989;3832;4014
3;2608;2989;3829;4005
3;2608;2992;3830;4014
3;2608;2990;3829;4009
3;2608;2987;3831;4009
3;2605;2990;3830;4006
3;2606;2991;3825;4009
3;2608;2992;3831;4010
3;2608;2989;3833;4010
3;2611;2990;3837;4010
3;2608;2993;3835;4005
3;2610;2992;3830;4006
3;2608;2992;3831;4006
3;2610;2992;3826;4010
3;2610;2992;3837;4016
3;2609;2990;3834;4015
3;2610;2992;3833;4006
3;2610;2992;3831;4014
3;2608;2992;3828;4014
3;2609;2992;3829;4007
3;2610;2991;3838;4009
3;2610;2990;3828;4011
3;2607;2992;3839;4016
3;2610;2992;3831;4003
4;2609;2992;3835;4006
4;2611;2992;3831;4009
4;2610;2992;3833;4006
4;2611;2992;3834;4015
4;2608;2992;3838;4013
4;2607;2991;3837;4013
4;2607;2992;3830;4021
4;2611;2992;3834;4018
4;2608;2992;3831;4015
4;2608;2992;3826;4006
4;2609;2992;3837;4015
4;2609;2992;3826;4015
4;2611;2992;3837;4013
4;2608;2992;3831;4005
4;2609;2991;3836;4012
4;2610;2992;3824;4011
4;2608;2992;3831;4021
4;2608;2990;3835;4003
4;2608;2990;3833;4009
4;2609;2992;3829;4009
4;2608;2991;3831;4011
4;2608;2992;3829;4016
4;2608;2991;3840;4003
4;2608;2990;3830;4011
4;2608;2992;3831;4007
4;2608;2992;3835;4013
4;2608;2992;3829;4005
4;2609;2990;3833;4006
4;2612;2991;3835;4007
4;2608;2991;3834;4016
4;2610;2993;3841;4011
4;2610;2992;3831;4003
4;2613;2992;3833;4016
4;2613;2992;3831;4015
4;2612;2991;3831;4016
4;2613;2992;3831;4014
4;2608;2992;3834;4014
4;2610;2992;3834;4007
4;2609;2992;3842;4013
4;2609;2992;3827;4011
4;2610;2992;3837;4012
4;2611;2992;3839;4013
4;2610;2992;3825;4009
4;2613;2993;3838;4008
4;2613;2993;3834;4014
4;2610;2990;3830;4015
4;2610;2992;3827;4013
4;2609;2992;3837;4011
4;2608;2992;3839;4015
4;2608;2993;3838;4016
4;2608;2993;3833;4016
4;2609;2992;3840;4014
4;2611;2992;3833;4008
4;2608;2992;3834;4015
4;2610;2991;3834;4006
4;2605;2991;3839;4016
4;2609;2992;3830;4013
4;2608;2988;3828;4013
4;2608;2993;3824;4007
4;2608;2992;3835;4015
4;2609;2992;3833;4013
4;2612;2992;3834;4016
4;2610;2992;3829;4011
4;2609;2992;3834;4006
4;2613;2992;3833;4019
4;2610;2992;3839;4006
4;2608;2991;3830;4009
4;2608;2990;3830;4014
4;2608;2991;3834;4016
4;2611;2992;3838;4019
4;2610;2990;3825;4014
4;2610;2990;3835;4014
4;2606;2990;3834;4013
4;2608;2990;3829;4009
4;2609;2991;3824;4013
4;2608;2990;3833;4015
4;2605;2990;3828;4010
4;2608;2990;3830;4013
4;2608;2992;3834;4012
4;2608;2992;3828;4011
4;2609;2992;3835;4014
4;2608;2992;3831;4018
4;2608;2990;3834;4013
4;2610;2987;3831;4013
4;2609;2989;3827;4003
4;2609;2989;3828;4007
4;2608;2989;3831;4006
4;2611;2989;3830;4011
4;2608;2990;3829;4010
4;2608;2987;3826;4011
4;2608;2987;3830;4005
4;2608;2991;3838;4014
4;2608;2990;3825;4013
4;2607;2989;3830;4012
4;2606;2989;3830;4013
4;2608;2990;3826;4000
4;2608;2989;3824;4006
4;2609;2989;3837;4014
4;2607;2992;3822;4006
4;2608;2988;3830;4005
4;2608;2991;3824;4011
4;2608;2990;3825;4003
4;2608;2989;3825;4013
4;2608;2983;3827;4010
4;2609;2992;3828;4011
4;2608;2990;3826;4003
4;2608;2991;3836;4014
4;2610;2988;3831;4012
4;2609;2992;3833;4011
4;2610;2990;3840;4003
4;2609;2992;3840;4002
4;2609;2992;3834;4011
4;2611;2992;3831;4013
4;2610;2992;3841;4015
4;2608;2991;3842;4014
4;2609;2992;3831;4016
4;2608;2991;3827;4007
4;2608;2992;3827;4006
4;2608;2992;3831;4002
4;2608;2991;3827;4005
4;2608;2991;3833;4013
4;2608;2991;3830;4013
4;2608;2992;3830;4005
4;2608;2989;3833;4017
4;2608;2990;3831;4009
4;2608;2989;3829;4004
4;2607;2989;3830;4013
4;2606;2986;3831;4013
4;2608;2990;3828;4015
4;2607;2988;3828;4007
4;2608;2992;3835;4014
4;2609;2986;3824;4009
4;2608;2992;3828;4013
4;2608;2989;3831;4011
4;2603;2989;3833;4009
4;2607;2990;3834;4012
4;2613;2992;3828;4010
4;2610;2992;3830;4016
4;2609;2991;3835;4015
4;2609;2987;3835;4007
4;2610;2992;3826;4017
4;2606;2990;3831;4015
4;2610;2992;3833;4015
4;2613;2991;3829;4017
4;2610;2992;3824;4015
4;2609;2992;3830;4010
4;2610;2990;3831;4016
4;2608;2991;3834;4015
4;2609;2992;3833;4010
4;2608;2989;3829;4015
4;2608;2992;3831;4010
4;2609;2992;3834;4004
4;2608;2990;3831;4006
4;2608;2989;3830;4016
4;2610;2991;3828;4015
4;2608;2992;3835;4007
4;2607;2992;3829;4016
4;2609;2992;3832;4021
4;2608;2992;3831;4017
4;2608;2992;3831;4011
4;2612;2992;3831;4014
4;2611;2995;3827;4017
4;2611;2991;3835;4009
4;2610;2992;3834;4012
4;2609;2992;3833;4015
4;2608;2991;3831;4014
4;2608;2992;3834;4018
4;2610;2990;3834;4011
4;2608;2992;3831;4011
4;2608;2992;3829;4014
4;2610;2992;3835;4009
4;2604;2990;3836;4005
4;2610;2992;3825;4011
4;2607;2990;3827;4012
4;2608;2991;3825;4011
4;2608;2990;3840;4011
4;2605;2991;3840;4015
4;2609;2991;3839;4012
4;2608;2990;3830;4016
4;2609;2991;3833;4015
4;2608;2992;3831;4011
4;2608;2990;3829;4016
4;2610;2991;3831;4004
4;2609;2991;3827;4003
4;2611;2992;3830;4011
4;2609;2992;3835;4016
4;2608;2991;3831;4016
4;2612;2992;3833;4016
4;2607;2992;3826;4016
4;2610;2990;3834;4017
4;2608;2991;3830;4011
4;2610;2992;3835;4011
4;2609;2991;3832;4013
4;2608;2989;3833;4007
4;2610;2991;3835;4014
4;2610;2991;3831;4005
4;2609;2992;3830;4015
4;2608;2992;3830;4011
4;2613;2992;3840;4012
4;2607;2992;3834;4011
4;2608;2992;3833;4007
4;2612;2992;3836;4013
4;2609;2993;3835;4011
4;2609;2992;3835;4018
4;2619;2993;3832;4016
4;2618;2995;3839;4013
4;2618;2999;3837;4015
4;2622;2994;3839;4016
4;2613;2999;3831;4008
4;2619;2994;3834;4012
4;2621;2999;3835;4011
4;2620;2997;3827;4016
4;2620;2995;3830;4007
4;2617;2993;3835;4016
4;2613;2995;3831;4006
4;2614;2992;3833;4007
4;2613;2997;3839;4007
4;2615;2992;3835;4015
4;2615;2992;3835;4013
4;2614;2992;3824;4007
4;2615;2993;3825;4010
4;2617;2994;3831;4014
4;2613;2993;3825;4005
4;2615;2995;3827;4013
4;2613;2992;3828;4009
4;2615;2992;3831;4014
4;2613;2993;3827;4011
4;2615;2992;3833;4009
4;2619;2992;3839;4005
4;2615;2993;3836;4004
4;2615;2992;3839;4002
4;2610;2992;3831;4012
4;2612;2994;3831;4014
4;2613;2992;3831;4013
4;2617;2993;3827;4014
4;2613;2995;3837;4014
4;2618;2993;3825;4011
4;2617;2992;3828;4014
4;2615;2993;3832;4010
4;2610;2992;3830;4003
4;2612;2993;3833;4013
4;2618;2995;3827;4014
4;2617;2997;3838;4011
4;2615;2993;3836;4010
4;2619;2995;3829;4017
4;2619;2994;3835;4011
4;2619;2995;3837;4009
4;2615;2995;3831;4020
4;2618;2994;3835;4015
4;2617;2994;3837;4007
4;2618;2993;3825;4015
4;2617;2996;3838;4017
4;2617;2995;3834;4011
4;2618;2992;3833;4015
4;2617;2992;3834;4003
4;2615;2995;3835;4010
4;2616;2992;3837;4015
4;2610;2992;3836;4018
4;2615;2994;3835;4010
4;2618;2993;3831;4016
4;2619;2995;3827;4007
4;2619;2994;3838;4016
4;2624;2998;3839;4011
4;2619;2994;3831;4014
4;2619;2995;3831;4016
4;2621;2997;3830;4014
4;2620;2999;3837;4014
4;2624;2997;3836;4013
4;2618;2995;3835;4014
4;2619;2995;3839;4018
4;2617;2995;3839;4016
4;2623;2996;3837;4016
4;2619;2997;3840;4013
4;2621;2998;3834;4014
4;2617;2994;3835;4014
4;2618;2995;3834;4013
4;2615;2993;3835;4011
4;2618;2998;3834;4013
4;2614;2994;3835;4015
4;2617;2994;3836;4016
4;2619;2992;3840;4015
4;2617;2998;3839;4011
4;2618;2995;3830;4009
4;2617;2992;3839;4013
5;2619;2992;3837;4016
5;2612;2993;3829;4016
5;2621;3001;3839;4014
5;2622;2992;3838;4015
5;2619;2997;3837;4016
5;2613;2993;3835;4013
5;2615;2995;3838;4014
5;2617;2995;3839;4020
5;2618;2994;3831;4008
5;2620;2997;3840;4016
5;2618;2998;3827;4014
5;2620;3001;3831;4014
5;2619;2994;3824;4016
5;2618;2994;3831;4016
5;2615;2994;3841;4015
5;2618;2993;3830;4016
5;2614;2992;3835;4016
5;2615;2992;3825;4023
5;2619;2992;3837;4014
5;2614;2994;3840;4016
5;2618;2995;3834;4015
5;2619;2995;3838;4016
5;2613;2997;3838;4020
5;2620;2996;3835;4013
5;2617;2995;3835;4007
5;2611;2992;3838;4018
5;2617;2995;3838;4022
5;2614;2993;3835;4007
5;2615;2993;3840;4015
5;2614;2993;3835;4017
5;2615;2993;3837;4017
5;2618;2992;3837;4007
5;2611;2995;3835;4012
5;2611;2995;3834;4006
5;2609;2997;3837;4013
5;2617;2993;3833;4011
5;2613;2998;3839;4017
5;2608;2992;3836;4016
5;2614;2995;3824;4016
5;2615;2992;3839;4014
5;2615;2994;3834;4015
5;2615;2992;3836;4009
5;2618;2992;3827;4011
5;2614;2994;3837;4025
5;2613;2993;3832;4006
5;2619;2992;3841;4016
5;2614;2995;3831;4013
5;2615;2992;3839;4016
5;2615;2995;3834;4018
5;2613;2992;3839;4006
5;2611;2992;3835;4013
5;2612;2993;3828;4015
5;2614;2994;3824;4017
5;2611;2992;3831;4016
5;2611;2992;3827;4012
5;2611;2989;3831;4015
5;2612;2991;3834;4011
5;2615;2992;3835;4007
5;2612;2992;3829;4015
5;2608;2992;3834;4015
5;2612;2992;3824;4013
5;2613;2992;3837;4013
5;2614;2992;3839;4017
5;2615;2992;3830;4013
5;2614;2993;3830;4014
5;2611;2992;3828;4012
5;2610;2993;3840;4015
5;2617;2997;3838;4014
5;2617;2992;3824;4016
5;2613;2995;3834;4007
5;2617;2997;3840;4010
5;2618;2992;3837;4012
5;2615;2992;3826;4006
5;2617;2992;3835;4007
5;2615;2995;3836;4004
5;2615;2993;3835;4009
5;2615;2994;3831;4011
5;2613;2994;3830;4015
5;2614;2993;3840;4015
5;2613;2992;3833;4013
5;2613;2993;3833;4016
5;2613;2992;3831;4015
5;2614;2993;3835;4012
5;2617;2993;3828;4009
5;2611;2994;3834;4007
5;2615;2992;3838;4014
5;2612;2993;3837;4005
5;2614;2994;3833;4016
5;2612;2992;3830;4015
5;2615;2992;3827;4016
5;2617;2998;3837;4011
5;2615;2995;3837;4016
5;2616;2997;3834;4008
5;2616;2998;3833;4008
5;2617;2995;3830;4016
5;2610;2993;3831;4012
5;2615;2993;3826;4011
5;2618;2995;3834;4014
5;2615;2995;3838;4016
5;2615;2992;3831;4016
5;2613;2993;3831;4015
5;2617;2997;3834;4013
5;2609;2993;3831;4015
5;2611;2992;3831;4011
5;2617;2992;3833;4016
5;2608;2991;3826;4016
5;2619;2992;3833;4013
5;2615;2993;3834;4007
5;2616;2994;3825;4006
5;2612;2993;3830;4018
5;2611;2993;3836;4018
5;2617;2992;3836;4013
5;2615;2993;3831;4010
5;2615;2995;3827;4015
5;2617;2996;3838;4006
5;2614;2992;3838;4021
5;2613;2992;3824;4011
5;2615;2993;3834;4013
5;2615;2993;3829;4013
5;2614;2992;3828;4015
5;2614;2996;3832;4011
5;2610;2994;3835;4014
5;2615;2992;3825;4016
5;2617;2992;3826;4009
5;2613;2992;3834;4016
5;2612;2992;3834;4011
5;2606;2992;3831;4016
5;2603;2991;3824;4007
5;2610;2992;3827;4006
5;2611;2992;3825;4005
5;2609;2990;3833;4009
5;2607;2991;3831;4013
5;2608;2991;3831;4006
5;2610;2992;3839;4007
5;2603;2991;3833;4010
5;2608;2990;3839;4004
5;2607;2991;3830;4015
5;2608;2992;3835;4013
5;2609;2992;3829;4016
5;2608;2993;3840;4015
5;2608;2992;3828;4013
5;2610;2988;3837;4011
5;2609;2992;3831;4010
5;2609;2992;3829;4004
5;2610;2992;3830;4005
5;2609;2991;3827;4015
5;2609;2993;3830;4011
5;2610;2993;3828;4015
5;2610;2992;3827;4013
5;2608;2992;3824;4019
5;2612;2992;3827;4009
5;2608;2989;3827;4007
5;2608;2992;3831;4015
5;2610;2992;3840;4010
5;2611;2992;3837;4016
5;2608;2991;3834;4015
5;2607;2991;3827;4016
