5;3372;3529;3632;3652
5;3376;3523;3632;3658
5;3367;3523;3633;3657
5;3370;3527;3626;3655
5;3366;3520;3623;3654
5;3369;3522;3628;3653
5;3362;3518;3621;3644
5;3366;3520;3622;3648
5;3355;3514;3626;3639
5;3363;3520;3615;3649
5;3361;3506;3621;3642
5;3360;3518;3621;3648
5;3358;3504;3617;3644
5;3360;3507;3619;3642
5;3355;3504;3615;3632
5;3360;3507;3617;3637
5;3351;3511;3613;3644
5;3362;3513;3620;3647
5;3349;3511;3616;3639
5;3356;3515;3617;3644
5;3362;3516;3623;3650
5;3361;3517;3629;3648
5;3367;3516;3621;3653
5;3374;3517;3626;3654
5;3366;3523;3627;3648
5;3373;3527;3629;3654
5;3376;3525;3632;3666
5;3376;3534;3639;3665
5;3376;3532;3637;3664
5;3376;3539;3642;3673
5;3379;3536;3645;3670
5;3382;3537;3648;3679
5;3388;3542;3650;3680
