1;2839;3180;3987;4095
1;2836;3181;3981;4095
1;2839;3174;3973;4095
1;2838;3174;3993;4095
1;2832;3177;3987;4095
1;2832;3173;3987;4095
1;2832;3177;3977;4095
1;2832;3174;3989;4095
1;2832;3170;3986;4095
1;2832;3174;3979;4095
1;2832;3173;3989;4095
1;2837;3173;3983;4095
1;2833;3173;3975;4095
1;2831;3171;3982;4095
1;2831;3170;3984;4095
1;2832;3175;3983;4095
1;2831;3169;3981;4095
1;2829;3171;3988;4095
1;2830;3171;3984;4095
1;2826;3171;3984;4095
1;2826;3167;3984;4095
1;2829;3170;3984;4095
1;2828;3167;3985;4095
1;2825;3167;3984;4095
1;2842;3177;3977;4095
1;2848;3182;3981;4095
1;2836;3171;3984;4095
1;2829;3171;3984;4095
1;2842;3175;3984;4095
1;2887;3206;3970;4095
1;2834;3169;3983;4095
1;2831;3168;3985;4095
1;2831;3171;3984;4095
1;2829;3168;3984;4095
1;2826;3168;3975;4095
1;2826;3168;3988;4095
1;2823;3169;3990;4095
1;2821;3166;3982;4095
1;2822;3166;3987;4095
1;2825;3168;3984;4095
1;2831;3168;3997;4095
1;2826;3169;3981;4095
1;2830;3168;3987;4095
1;2827;3169;3984;4095
1;2819;3165;3985;4095
1;2821;3168;3997;4095
1;2819;3167;3985;4095
1;2827;3167;3984;4095
1;2826;3163;3984;4095
1;2816;3162;3984;4095
1;2814;3161;3991;4095
1;2815;3162;3989;4095
1;2815;3164;3984;4095
1;2813;3166;3998;4095
1;2815;3162;3986;4095
1;2822;3167;3989;4095
1;2822;3163;3987;4095
1;2818;3163;3994;4095
1;2820;3159;3996;4095
1;2816;3163;3990;4095
1;2819;3162;3995;4095
1;2815;3163;3995;4095
1;2818;3165;3984;4095
1;2818;3165;3995;4095
1;2819;3166;3987;4095
1;2818;3162;3991;4095
1;2822;3164;4001;4095
1;2820;3163;3993;4095
1;2815;3166;3988;4095
1;2817;3163;3990;4095
1;2813;3162;3990;4095
1;2818;3166;3991;4095
1;2820;3165;3988;4095
1;2817;3162;3993;4095
1;2827;3167;3993;4095
1;2822;3162;3993;4095
1;2813;3165;3984;4095
1;2818;3167;3990;4095
1;2825;3169;3986;4095
1;2816;3157;3995;4095
1;2822;3167;3989;4095
1;2822;3166;4000;4095
1;2817;3166;3993;4095
1;2823;3165;3993;4095
1;2826;3165;3987;4095
1;2817;3161;3994;4095
1;2819;3166;3987;4095
1;2821;3167;3995;4095
1;2821;3165;4005;4095
1;2821;3162;3989;4095
1;2815;3162;3986;4095
1;2819;3167;3996;4095
1;2823;3163;3982;4095
1;2819;3167;3991;4095
1;2819;3167;3999;4095
1;2819;3163;3995;4095
1;2813;3161;3995;4095
1;2816;3165;3987;4095
1;2813;3162;3995;4095
1;2817;3168;3997;4095
1;2819;3164;3986;4095
1;2821;3166;3989;4095
1;2819;3166;3996;4095
1;2823;3167;3986;4095
1;2819;3166;3986;4095
1;2823;3165;3991;4095
1;2817;3167;3994;4095
1;2807;3165;3984;4095
1;2816;3163;3998;4095
1;2818;3163;4003;4095
1;2819;3166;3993;4095
1;2814;3159;3994;4095
1;2814;3163;3997;4095
1;2819;3163;3986;4095
1;2812;3161;4001;4095
1;2805;3157;3987;4095
1;2819;3163;3985;4095
1;2819;3166;3987;4095
1;2813;3163;3995;4095
1;2810;3159;3985;4095
1;2816;3164;3989;4095
1;2818;3162;3991;4095
1;2813;3155;3997;4095
1;2817;3159;3986;4095
1;2821;3165;3984;4095
1;2819;3163;3993;4095
1;2817;3159;3984;4095
1;2806;3157;3993;4095
1;2809;3163;3993;4095
1;2817;3162;3991;4095
1;2811;3166;3995;4095
1;2816;3159;3994;4095
1;2814;3163;3991;4095
1;2818;3161;4003;4095
1;2814;3159;3984;4095
1;2815;3162;3984;4095
1;2816;3165;3990;4095
1;2814;3163;3991;4095
1;2816;3163;3989;4095
1;2815;3164;3985;4095
1;2807;3160;3985;4095
1;2815;3166;3987;4095
1;2803;3163;3984;4095
1;2812;3158;3994;4095
1;2813;3158;3990;4095
1;2811;3155;3994;4095
1;2807;3154;3996;4095
1;2811;3156;3989;4095
1;2809;3157;3999;4095
1;2815;3154;3991;4095
1;2811;3159;3995;4095
1;2806;3159;3986;4095
1;2809;3158;3989;4095
1;2807;3155;3985;4095
1;2808;3157;3986;4095
1;2811;3159;3997;4095
1;2815;3159;3986;4095
1;2816;3162;3990;4095
1;2816;3159;3983;4095
1;2813;3158;3990;4095
1;2816;3159;3979;4095
1;2807;3159;3979;4095
1;2807;3157;3984;4095
1;2815;3159;3993;4095
1;2811;3157;3986;4095
1;2813;3162;3984;4095
1;2815;3159;3987;4095
1;2815;3159;3986;4095
1;2816;3162;3988;4095
1;2814;3160;3989;4095
1;2814;3159;3993;4095
1;2815;3160;3991;4095
1;2807;3159;3988;4095
1;2814;3157;3984;4095
1;2815;3161;3993;4095
1;2813;3163;3999;4095
1;2815;3163;4004;4095
1;2815;3165;3985;4095
1;2807;3157;3991;4095
1;2816;3163;3987;4095
1;2817;3161;3999;4095
1;2815;3162;3991;4095
1;2818;3162;3984;4095
1;2815;3166;3991;4095
1;2811;3158;3986;4095
1;2815;3163;3998;4095
1;2815;3159;3984;4095
1;2814;3162;3997;4095
1;2813;3162;3990;4095
1;2809;3162;3995;4095
1;2815;3156;3994;4095
1;2812;3158;3990;4095
1;2815;3159;3985;4095
1;2811;3157;3989;4095
1;2813;3159;3988;4095
1;2815;3162;3997;4095
1;2812;3162;3993;4095
1;2813;3162;3995;4095
1;2812;3159;3997;4095
1;2809;3157;3989;4095
1;2813;3155;3984;4095
1;2802;3156;3989;4095
1;2810;3159;3996;4095
1;2813;3158;3991;4095
1;2811;3159;3986;4095
1;2811;3164;3995;4095
1;2811;3161;3985;4095
1;2811;3161;3993;4095
1;2811;3161;3999;4095
1;2805;3165;3995;4095
1;2807;3157;3996;4095
1;2810;3159;3996;4095
1;2805;3157;3994;4095
1;2806;3157;3994;4095
1;2809;3157;3995;4095
1;2809;3159;3997;4095
1;2806;3158;3993;4095
1;2807;3162;3990;4095
1;2810;3162;3986;4095
1;2810;3159;3985;4095
1;2810;3158;3988;4095
1;2810;3158;3990;4095
1;2807;3160;3993;4095
1;2809;3159;3993;4095
1;2807;3159;3984;4095
1;2813;3158;3997;4095
1;2807;3163;3984;4095
1;2807;3158;3985;4095
1;2813;3163;3991;4095
1;2811;3163;3986;4095
1;2811;3161;3987;4095
1;2809;3161;3997;4095
1;2811;3158;3995;4095
1;2811;3158;3987;4095
1;2811;3161;3994;4095
1;2813;3159;3999;4095
1;2810;3162;3991;4095
1;2811;3161;3988;4095
1;2814;3159;4001;4095
1;2811;3159;3991;4095
1;2809;3159;4003;4095
1;2813;3159;3991;4095
1;2810;3159;4001;4095
1;2811;3159;3999;4095
1;2811;3163;3996;4095
1;2807;3159;3998;4095
1;2813;3159;3991;4095
1;2810;3157;3991;4095
1;2809;3163;3994;4095
1;2809;3157;4003;4095
1;2807;3159;3992;4095
1;2807;3158;3994;4095
1;2805;3155;3987;4095
1;2809;3159;3988;4095
1;2807;3161;3990;4095
1;2811;3156;3991;4095
1;2805;3164;3987;4095
1;2806;3161;4003;4095
1;2807;3157;3995;4095
1;2807;3162;3990;4095
1;2807;3159;3991;4095
1;2807;3162;3988;4095
1;2807;3158;3994;4095
1;2810;3161;3991;4095
1;2811;3159;4000;4095
1;2811;3157;3994;4095
1;2804;3157;3998;4095
1;2805;3158;3993;4095
1;2803;3159;3995;4095
1;2813;3163;4004;4095
1;2807;3158;3989;4095
1;2809;3163;3991;4095
1;2811;3159;3991;4095
1;2813;3159;3995;4095
1;2813;3162;3994;4095
1;2809;3160;3996;4095
1;2812;3161;3993;4095
1;2813;3164;3990;4095
1;2805;3157;3990;4095
1;2803;3158;3998;4095
1;2814;3158;3999;4095
1;2816;3162;4007;4095
1;2811;3161;3991;4095
1;2807;3161;3999;4095
1;2814;3159;3997;4095
1;2809;3157;3988;4095
1;2808;3159;3998;4095
1;2803;3161;3984;4095
1;2803;3157;3994;4095
1;2803;3158;3987;4095
1;2803;3163;3985;4095
1;2805;3159;3997;4095
1;2805;3159;3990;4095
1;2805;3162;3995;4095
1;2807;3157;3990;4095
1;2809;3164;3991;4095
1;2806;3159;3991;4095
1;2803;3157;3986;4095
1;2813;3162;3994;4095
1;2805;3168;3989;4095
1;2812;3162;3990;4095
1;2811;3163;3999;4095
1;2807;3167;3998;4095
1;2810;3165;3999;4095
1;2809;3165;3994;4095
1;2810;3164;3993;4095
1;2806;3165;4000;4095
1;2815;3166;3999;4095
1;2819;3171;3990;4095
1;2820;3172;3983;4095
1;2818;3174;3986;4095
1;2822;3174;3987;4095
1;2821;3176;3987;4095
1;2819;3173;3987;4095
1;2817;3170;3975;4095
1;2817;3169;3985;4095
1;2813;3171;3984;4095
1;2813;3170;3986;4095
1;2810;3167;3991;4095
1;2807;3168;3985;4095
2;2806;3166;3989;4095
2;2809;3166;3987;4095
2;2811;3170;3985;4095
2;2802;3162;3984;4095
2;2811;3167;3997;4095
2;2805;3167;3987;4095
2;2800;3161;3977;4095
2;2803;3167;3991;4095
2;2807;3165;3985;4095
2;2805;3161;3993;4095
2;2800;3156;3986;4095
2;2804;3161;3989;4095
2;2808;3167;3986;4095
2;2798;3158;3990;4095
2;2802;3158;3985;4095
2;2807;3162;3989;4095
2;2806;3162;3994;4095
2;2801;3153;3990;4095
2;2809;3158;3989;4095
2;2815;3162;3992;4095
2;2811;3163;3987;4095
2;2800;3155;3994;4095
2;2806;3159;3987;4095
2;2809;3162;3991;4095
2;2800;3161;3987;4095
2;2800;3155;3987;4095
2;2811;3164;3987;4095
2;2806;3159;3992;4095
2;2802;3156;3991;4095
2;2812;3169;3995;4095
2;2809;3162;3993;4095
2;2805;3163;4002;4095
2;2807;3164;3991;4095
2;2813;3166;3995;4095
2;2809;3167;3984;4095
2;2801;3159;3995;4095
2;2801;3158;3997;4095
2;2803;3163;3989;4095
2;2802;3162;3991;4095
2;2805;3163;3997;4095
2;2811;3161;3996;4095
2;2807;3163;3995;4095
2;2807;3166;4000;4095
2;2810;3165;3990;4095
2;2809;3165;3998;4095
2;2811;3162;3989;4095
2;2809;3164;3994;4095
2;2811;3163;3999;4095
2;2805;3163;3993;4095
2;2807;3164;4000;4095
2;2807;3163;3993;4095
2;2804;3161;3995;4095
2;2807;3163;3995;4095
2;2806;3159;3995;4095
2;2806;3163;3990;4095
2;2804;3163;3988;4095
2;2807;3160;3982;4095
2;2804;3158;3993;4095
2;2800;3159;3990;4095
2;2811;3159;3991;4095
2;2807;3157;3990;4095
2;2803;3163;3998;4095
2;2807;3162;3988;4095
2;2804;3162;3984;4095
2;2805;3161;4001;4095
2;2806;3165;3993;4095
2;2807;3164;3990;4095
2;2805;3163;3998;4095
2;2807;3163;3984;4095
2;2803;3162;3995;4095
2;2805;3161;3995;4095
2;2809;3165;3983;4095
2;2809;3162;3985;4095
2;2805;3164;3999;4095
2;2810;3165;3991;4095
2;2806;3159;4002;4095
2;2808;3159;3988;4095
2;2814;3167;3987;4095
2;2819;3167;3986;4095
2;2823;3173;3997;4095
2;2822;3167;3987;4095
2;2810;3162;3987;4095
2;2806;3167;3989;4095
2;2811;3162;3984;4095
2;2807;3161;3994;4095
2;2807;3165;3998;4095
2;2803;3160;3997;4095
2;2810;3161;3999;4095
2;2807;3157;4002;4095
2;2811;3159;3991;4095
2;2813;3162;3998;4095
2;2812;3160;3996;4095
2;2811;3159;4000;4095
2;2810;3162;3997;4095
2;2811;3162;4003;4095
2;2811;3161;4002;4095
2;2810;3161;3999;4095
2;2812;3161;3993;4095
2;2811;3161;3991;4095
2;2806;3163;3998;4095
2;2815;3163;3999;4095
2;2812;3163;3998;4095
2;2809;3162;3999;4095
2;2811;3162;3996;4095
2;2809;3159;4003;4095
2;2809;3163;3998;4095
2;2805;3159;3998;4095
2;2807;3161;4000;4095
2;2807;3158;3989;4095
2;2812;3157;3997;4095
2;2809;3159;3996;4095
2;2813;3163;3991;4095
2;2814;3166;3994;4095
2;2805;3161;3998;4095
2;2816;3163;3992;4095
2;2813;3167;3998;4095
2;2814;3162;3995;4095
2;2809;3165;3987;4095
2;2805;3161;4005;4095
2;2810;3157;3995;4095
2;2811;3166;3998;4095
2;2811;3163;3990;4095
2;2810;3163;3994;4095
2;2800;3161;3994;4095
2;2803;3163;4000;4095
2;2809;3162;4002;4095
2;2805;3159;3984;4095
2;2800;3162;3999;4095
2;2806;3166;3999;4095
2;2807;3161;3991;4095
2;2805;3155;3999;4095
2;2803;3159;3993;4095
2;2814;3164;4006;4095
2;2806;3166;4003;4095
2;2810;3163;3989;4095
2;2806;3160;3996;4095
2;2800;3156;4000;4095
2;2800;3155;4001;4095
2;2802;3154;4000;4095
2;2802;3157;3997;4095
2;2803;3155;4000;4095
2;2800;3158;3999;4095
2;2803;3158;3995;4095
2;2805;3161;4002;4095
2;2801;3157;3999;4095
2;2803;3158;4000;4095
2;2800;3159;3990;4095
2;2805;3159;3988;4095
2;2803;3159;3995;4095
2;2805;3159;4000;4095
2;2804;3162;4002;4095
2;2809;3158;3993;4095
2;2804;3157;3998;4095
2;2805;3155;4002;4095
2;2806;3158;3998;4095
2;2807;3162;3999;4095
2;2801;3159;3995;4095
2;2809;3162;4001;4095
2;2804;3162;3996;4095
2;2803;3159;3999;4095
2;2801;3155;3993;4095
2;2803;3154;3988;4095
2;2802;3158;3999;4095
2;2803;3158;3991;4095
2;2809;3161;4004;4095
2;2803;3155;3999;4095
2;2804;3157;4003;4095
2;2806;3155;4002;4095
2;2811;3159;3997;4095
2;2812;3158;4004;4095
2;2810;3163;3996;4095
2;2815;3162;3997;4095
2;2805;3156;3995;4095
2;2807;3161;3997;4095
2;2805;3158;3989;4095
2;2804;3161;3997;4095
2;2805;3159;3986;4095
2;2810;3161;3994;4095
2;2802;3157;3987;4095
2;2810;3159;3998;4095
2;2810;3157;4000;4095
2;2807;3159;3987;4095
2;2807;3158;3991;4095
2;2807;3157;3994;4095
2;2806;3158;3990;4095
2;2810;3158;3988;4095
2;2801;3156;3998;4095
2;2815;3162;3984;4095
2;2811;3160;3994;4095
2;2814;3161;3996;4095
2;2810;3162;3984;4095
2;2812;3155;3991;4095
2;2803;3154;3993;4095
2;2806;3157;3988;4095
2;2805;3155;3989;4095
2;2800;3158;3997;4095
2;2805;3161;3987;4095
2;2807;3157;3997;4095
2;2805;3157;3990;4095
2;2806;3155;3981;4095
2;2803;3156;3992;4095
2;2805;3157;3984;4095
2;2800;3161;3994;4095
2;2807;3154;3988;4095
2;2804;3154;3997;4095
2;2805;3157;3994;4095
2;2800;3157;3995;4095
2;2805;3158;3990;4095
2;2803;3158;3989;4095
2;2815;3162;3989;4095
2;2802;3158;3995;4095
2;2814;3165;4000;4095
2;2811;3161;3983;4095
2;2814;3159;3991;4095
2;2810;3167;3986;4095
2;2806;3157;3997;4095
2;2805;3157;3988;4095
2;2805;3160;3995;4095
2;2799;3157;3991;4095
2;2801;3157;3989;4095
2;2805;3155;3985;4095
2;2802;3154;3992;4095
2;2801;3153;3988;4095
2;2800;3155;3993;4095
2;2798;3154;3985;4095
2;2801;3155;3985;4095
2;2800;3156;3986;4095
2;2804;3154;3993;4095
2;2803;3154;3986;4095
2;2803;3159;3995;4095
2;2800;3159;4000;4095
2;2804;3158;3994;4095
3;2800;3152;3985;4095
3;2800;3153;3993;4095
3;2800;3159;3994;4095
3;2801;3153;3989;4095
3;2804;3156;4009;4095
3;2806;3157;3987;4095
3;2807;3163;3997;4095
3;2805;3161;3988;4095
3;2807;3159;3994;4095
3;2812;3162;3990;4095
3;2807;3162;3989;4095
3;2807;3161;3994;4095
3;2803;3159;3999;4095
3;2806;3158;3987;4095
3;2807;3159;3993;4095
3;2809;3162;3998;4095
3;2805;3156;3991;4095
3;2807;3162;3997;4095
3;2803;3158;3987;4095
3;2805;3158;3995;4095
3;2806;3160;3996;4095
3;2804;3163;4002;4095
3;2810;3159;4001;4095
3;2803;3159;3999;4095
3;2807;3157;3999;4095
3;2804;3159;3997;4095
3;2807;3159;4002;4095
3;2809;3159;4006;4095
3;2809;3158;3995;4095
3;2806;3158;4000;4095
3;2804;3157;3996;4095
3;2809;3157;3995;4095
3;2805;3158;4005;4095
3;2807;3158;4001;4095
3;2805;3162;3997;4095
3;2803;3155;3994;4095
3;2800;3161;4000;4095
3;2809;3158;3990;4095
3;2805;3157;4000;4095
3;2804;3155;3991;4095
3;2802;3160;3996;4095
3;2802;3161;3995;4095
3;2800;3161;3997;4095
3;2806;3162;4007;4095
3;2806;3161;3995;4095
3;2805;3161;3998;4095
3;2811;3163;3991;4095
3;2805;3163;3999;4095
3;2801;3159;3988;4095
3;2806;3162;3989;4095
3;2807;3161;3994;4095
3;2805;3161;3987;4095
3;2806;3161;3994;4095
3;2809;3159;4000;4095
3;2806;3163;4002;4095
3;2806;3159;3999;4095
3;2811;3161;3998;4095
3;2809;3163;4000;4095
3;2803;3162;4003;4095
3;2810;3160;4006;4095
3;2806;3161;4001;4095
3;2801;3159;4002;4095
3;2807;3163;3999;4095
3;2813;3162;4010;4095
3;2802;3159;3991;4095
3;2806;3159;3989;4095
3;2800;3155;3993;4095
3;2805;3158;3998;4095
3;2806;3159;4004;4095
3;2802;3159;4007;4095
3;2806;3162;3997;4095
3;2804;3163;4001;4095
3;2816;3163;3995;4095
3;2807;3159;3997;4095
3;2835;3174;3984;4095
3;2814;3165;3993;4095
3;2816;3167;4003;4095
3;2813;3163;3991;4095
3;2810;3159;3997;4095
3;2814;3164;3997;4095
3;2810;3163;3991;4095
3;2807;3159;3994;4095
3;2806;3158;4003;4095
3;2802;3162;3993;4095
3;2811;3162;3985;4095
3;2804;3161;3993;4095
3;2810;3159;3990;4095
3;2810;3162;3987;4095
3;2807;3159;3995;4095
3;2811;3161;3997;4095
3;2810;3163;3991;4095
3;2810;3166;3990;4095
3;2809;3159;3995;4095
3;2815;3161;3993;4095
3;2810;3159;3997;4095
3;2809;3162;3995;4095
3;2813;3163;3995;4095
3;2810;3159;3987;4095
3;2807;3162;3993;4095
3;2810;3161;3995;4095
3;2807;3159;3991;4095
3;2802;3162;3997;4095
3;2810;3160;3999;4095
3;2811;3162;3995;4095
3;2807;3159;3994;4095
3;2811;3163;3987;4095
3;2805;3159;3995;4095
3;2807;3162;3990;4095
3;2809;3162;3989;4095
3;2811;3162;4000;4095
3;2807;3159;3994;4095
3;2810;3158;3988;4095
3;2806;3162;3993;4095
3;2810;3162;3990;4095
3;2807;3158;3995;4095
3;2809;3159;3997;4095
3;2802;3159;3994;4095
3;2810;3162;3994;4095
3;2810;3167;3993;4095
3;2803;3166;3995;4095
3;2809;3161;3995;4095
3;2811;3161;3993;4095
3;2807;3159;3998;4095
3;2811;3159;3988;4095
3;2803;3161;3998;4095
3;2810;3162;3996;4095
3;2809;3162;3990;4095
3;2811;3163;3989;4095
3;2809;3160;3993;4095
3;2806;3159;3990;4095
3;2805;3163;3993;4095
3;2806;3159;3995;4095
3;2806;3162;3988;4095
3;2803;3158;3997;4095
3;2806;3159;3989;4095
3;2813;3162;3986;4095
3;2807;3157;3989;4095
3;2809;3162;3999;4095
3;2807;3158;3996;4095
3;2807;3159;3991;4095
3;2807;3161;3995;4095
3;2809;3162;3993;4095
3;2810;3163;3988;4095
3;2810;3165;3998;4095
3;2809;3162;4000;4095
3;2809;3165;3987;4095
3;2809;3162;3991;4095
3;2803;3158;3993;4095
3;2806;3159;3994;4095
3;2805;3162;3994;4095
3;2806;3157;3995;4095
3;2810;3162;3991;4095
3;2810;3162;3991;4095
3;2813;3165;3997;4095
3;2814;3163;3995;4095
3;2811;3162;4001;4095
3;2813;3163;3997;4095
3;2813;3166;4005;4095
3;2813;3164;4000;4095
3;2809;3163;3998;4095
3;2814;3165;4003;4095
3;2811;3163;4001;4095
3;2810;3163;3990;4095
3;2812;3163;3999;4095
3;2809;3160;3999;4095
3;2807;3159;3996;4095
3;2807;3165;3991;4095
3;2811;3165;4001;4095
3;2809;3159;3995;4095
3;2810;3163;3999;4095
3;2807;3155;3997;4095
3;2811;3159;3999;4095
3;2803;3159;3995;4095
3;2806;3158;3990;4095
3;2804;3158;4002;4095
3;2803;3161;3995;4095
3;2804;3159;3991;4095
3;2806;3159;3995;4095
3;2806;3157;3987;4095
3;2805;3161;3991;4095
3;2806;3154;4006;4095
3;2810;3155;3984;4095
3;2811;3161;3990;4095
3;2810;3158;3997;4095
3;2808;3162;4000;4095
3;2810;3160;4002;4095
3;2802;3159;4006;4095
3;2803;3157;3998;4095
3;2806;3162;4002;4095
3;2801;3157;3998;4095
3;2800;3161;3996;4095
3;2798;3153;4004;4095
3;2802;3157;3997;4095
3;2801;3159;3995;4095
3;2803;3157;3998;4095
3;2804;3159;3994;4095
3;2801;3156;3994;4095
3;2802;3159;3991;4095
3;2801;3157;3992;4095
3;2803;3157;4000;4095
3;2800;3155;4001;4095
3;2800;3159;3984;4095
3;2800;3157;4001;4095
3;2803;3154;3999;4095
3;2802;3157;3991;4095
3;2803;3156;4002;4095
3;2803;3158;3986;4095
3;2804;3157;3997;4095
3;2801;3155;3993;4095
3;2800;3156;3990;4095
3;2803;3159;3993;4095
3;2804;3158;3992;4095
3;2800;3154;3994;4095
3;2800;3157;3999;4095
3;2802;3158;3991;4095
3;2802;3158;3990;4095
3;2800;3156;3990;4095
3;2802;3154;3989;4095
3;2803;3155;3990;4095
3;2800;3153;3987;4095
3;2797;3154;3993;4095
3;2800;3157;3994;4095
3;2802;3157;3986;4095
3;2795;3155;4000;4095
3;2797;3152;3993;4095
3;2800;3155;3990;4095
3;2800;3155;3991;4095
3;2800;3153;3993;4095
3;2800;3154;3984;4095
3;2807;3161;3991;4095
3;2800;3159;3998;4095
3;2803;3162;3997;4095
3;2805;3163;3997;4095
3;2809;3163;3995;4095
3;2811;3165;3991;4095
3;2802;3163;3992;4095
3;2803;3162;3997;4095
3;2806;3165;3994;4095
3;2814;3170;3994;4095
3;2809;3166;3990;4095
4;2795;3159;3993;4095
4;2800;3162;3989;4095
4;2806;3164;3991;4095
4;2807;3166;3997;4095
4;2806;3165;3994;4095
4;2800;3162;3991;4095
4;2800;3159;3997;4095
4;2801;3158;3998;4095
4;2807;3165;4003;4095
4;2802;3158;3994;4095
4;2803;3161;3993;4095
4;2800;3159;3994;4095
4;2800;3157;3985;4095
4;2804;3162;3991;4095
4;2805;3165;3995;4095
4;2800;3158;3995;4095
4;2800;3156;3994;4095
4;2800;3157;3995;4095
4;2804;3162;3995;4095
4;2800;3153;3993;4095
4;2800;3154;3991;4095
4;2802;3158;3986;4095
4;2803;3162;4000;4095
4;2801;3157;3995;4095
4;2799;3155;3990;4095
4;2800;3157;3984;4095
4;2804;3158;3994;4095
4;2800;3154;3999;4095
4;2797;3152;3991;4095
4;2797;3152;3985;4095
4;2800;3156;3990;4095
4;2800;3159;3995;4095
4;2806;3159;3985;4095
4;2809;3165;3991;4095
4;2805;3163;3999;4095
4;2813;3162;4001;4095
4;2807;3166;3996;4095
4;2803;3162;3993;4095
4;2802;3162;3998;4095
4;2805;3162;3996;4095
4;2805;3162;4001;4095
4;2804;3159;3994;4095
4;2800;3158;3999;4095
4;2805;3161;4006;4095
4;2803;3161;3991;4095
4;2805;3165;3995;4095
4;2809;3159;3996;4095
4;2814;3162;4005;4095
4;2811;3165;3996;4095
4;2815;3163;4010;4095
4;2806;3162;4001;4095
4;2813;3167;3998;4095
4;2816;3165;3998;4095
4;2815;3163;3995;4095
4;2814;3174;4001;4095
4;2818;3174;4001;4095
4;2832;3177;3998;4095
4;2832;3175;4001;4095
4;2832;3173;3993;4095
4;2832;3180;3999;4095
4;2832;3178;4013;4095
4;2833;3182;3995;4095
4;2832;3181;3999;4095
4;2834;3180;4002;4095
4;2834;3178;4001;4095
4;2832;3177;4001;4095
4;2830;3174;3999;4095
4;2831;3175;4006;4095
4;2829;3175;3998;4095
4;2825;3177;4013;4095
4;2826;3175;4011;4095
4;2826;3174;4006;4095
4;2817;3170;4000;4095
4;2813;3166;4003;4095
4;2811;3165;3997;4095
4;2809;3163;3995;4095
4;2806;3164;3994;4095
4;2811;3167;3998;4095
4;2810;3168;3991;4095
4;2810;3163;4002;4095
4;2814;3167;3999;4095
4;2812;3166;3997;4095
4;2806;3155;3996;4095
4;2800;3153;3998;4095
4;2800;3152;3996;4095
4;2800;3152;3989;4095
4;2801;3152;3994;4095
4;2803;3155;3989;4095
4;2800;3159;3993;4095
4;2800;3156;3999;4095
4;2800;3155;3997;4095
4;2799;3152;4001;4095
4;2800;3154;3999;4095
4;2802;3154;3991;4095
4;2794;3152;3987;4095
4;2797;3157;3999;4095
4;2800;3159;3995;4095
4;2802;3158;4000;4095
4;2805;3158;4005;4095
4;2806;3156;4002;4095
4;2801;3159;3997;4095
4;2802;3157;3999;4095
4;2799;3158;3997;4095
4;2805;3159;3993;4095
4;2801;3158;3998;4095
4;2799;3157;3985;4095
4;2803;3157;4001;4095
4;2806;3157;3999;4095
4;2811;3162;4002;4095
4;2811;3165;4004;4095
4;2807;3162;3996;4095
4;2809;3161;4004;4095
4;2809;3162;4003;4095
4;2813;3163;3997;4095
4;2806;3162;4003;4095
4;2810;3159;4005;4095
4;2807;3162;4002;4095
4;2803;3157;4001;4095
4;2804;3159;3996;4095
4;2811;3161;4003;4095
4;2812;3164;3995;4095
4;2809;3167;3998;4095
4;2811;3165;4003;4095
4;2808;3167;4001;4095
4;2801;3158;4014;4095
4;2799;3158;4004;4095
4;2800;3158;4002;4095
4;2804;3163;4007;4095
4;2800;3160;4000;4095
4;2803;3159;4006;4095
4;2817;3170;4003;4095
4;2813;3168;4003;4095
4;2810;3169;3999;4095
4;2810;3169;4005;4095
4;2810;3168;4007;4095
4;2800;3157;3993;4095
4;2800;3154;4001;4095
4;2800;3156;3997;4095
4;2800;3157;4001;4095
4;2805;3159;3995;4095
4;2803;3163;3999;4095
4;2806;3163;3999;4095
4;2810;3166;4012;4095
4;2807;3167;3998;4095
4;2809;3163;3999;4095
4;2811;3166;4000;4095
4;2811;3163;3997;4095
4;2814;3166;3989;4095
4;2801;3166;3994;4095
4;2814;3167;4000;4095
4;2810;3166;3998;4095
4;2806;3163;3994;4095
4;2807;3162;3989;4095
4;2812;3165;4000;4095
4;2806;3163;4011;4095
4;2807;3166;3996;4095
4;2811;3164;3999;4095
4;2817;3167;3999;4095
4;2816;3167;3995;4095
4;2821;3171;3998;4095
4;2822;3170;3999;4095
4;2827;3174;3997;4095
4;2825;3182;3994;4095
4;2822;3173;3999;4095
4;2820;3175;4010;4095
4;2823;3173;3999;4095
4;2827;3180;3999;4095
4;2826;3174;4003;4095
4;2815;3169;3990;4095
4;2815;3171;4010;4095
4;2818;3177;4014;4095
4;2818;3174;4011;4095
4;2812;3167;4007;4095
4;2813;3170;4011;4095
4;2812;3169;4007;4095
4;2815;3170;4003;4095
4;2802;3170;4013;4095
4;2813;3168;4006;4095
4;2815;3169;3999;4095
4;2811;3167;3997;4095
4;2813;3168;4003;4095
4;2816;3172;4013;4095
4;2825;3176;4000;4095
4;2831;3177;3999;4095
4;2827;3174;3996;4095
4;2837;3180;4000;4095
4;2832;3174;4003;4095
4;2832;3175;4007;4095
4;2826;3174;4001;4095
4;2821;3172;4007;4095
4;2831;3175;4005;4095
4;2832;3181;4003;4095
4;2837;3183;4001;4095
4;2842;3184;4001;4095
4;2834;3182;3998;4095
4;2833;3180;4005;4095
4;2839;3184;4006;4095
4;2838;3184;4005;4095
4;2827;3177;4006;4095
4;2832;3178;4002;4095
4;2828;3182;4003;4095
4;2823;3175;4002;4095
4;2832;3179;3999;4095
4;2834;3185;4001;4095
4;2832;3183;4005;4095
4;2832;3179;4000;4095
4;2831;3183;4007;4095
4;2846;3185;4001;4095
4;2847;3190;4011;4095
4;2850;3185;4005;4095
4;2849;3191;4015;4095
4;2853;3193;4000;4095
4;2853;3194;4002;4095
4;2855;3195;4006;4095
4;2853;3193;3999;4095
4;2859;3197;4001;4095
4;2858;3201;3997;4095
4;2855;3198;4005;4095
4;2858;3193;4006;4095
4;2855;3198;4009;4095
4;2850;3191;4006;4095
4;2849;3189;4007;4095
4;2846;3188;4011;4095
4;2847;3189;4005;4095
4;2833;3184;4010;4095
4;2827;3178;4006;4095
4;2833;3181;4005;4095
4;2834;3183;4006;4095
4;2835;3184;4005;4095
4;2846;3187;4006;4095
4;2851;3188;4004;4095
4;2853;3190;4014;4095
4;2845;3185;3998;4095
4;2831;3181;4015;4095
4;2839;3184;4011;4095
4;2847;3190;4017;4095
4;2846;3190;4005;4095
4;2843;3185;4011;4095
4;2853;3197;4007;4095
4;2854;3198;4014;4095
4;2845;3187;4015;4095
4;2853;3194;4014;4095
4;2837;3186;4014;4095
4;2842;3183;4013;4095
4;2838;3184;4011;4095
4;2830;3183;4007;4095
4;2834;3184;4013;4095
4;2837;3184;4014;4095
4;2832;3182;4010;4095
4;2818;3171;4007;4095
4;2827;3175;4009;4095
4;2827;3183;4021;4095
4;2820;3175;4010;4095
4;2830;3182;4010;4095
4;2830;3180;4009;4095
4;2815;3171;4015;4095
4;2816;3170;4015;4095
4;2816;3171;4017;4095
4;2827;3183;4015;4095
4;2820;3174;4013;4095
4;2826;3179;4011;4095
4;2823;3173;4016;4095
4;2819;3172;4018;4095
4;2816;3173;4011;4095
4;2814;3169;4011;4095
4;2817;3172;4011;4095
4;2813;3163;4009;4095
4;2811;3169;4008;4095
4;2816;3171;4007;4095
4;2803;3168;4023;4095
4;2807;3173;4006;4095
4;2814;3167;4007;4095
4;2811;3166;4009;4095
4;2809;3168;4005;4095
4;2814;3168;4005;4095
4;2809;3168;4002;4095
4;2807;3166;4014;4095
4;2803;3167;4013;4095
4;2811;3169;4003;4095
4;2800;3168;4015;4095
4;2806;3166;4007;4095
4;2810;3168;4003;4095
4;2807;3169;4011;4095
4;2813;3169;4010;4095
5;2812;3166;4007;4095
5;2810;3169;4007;4095
5;2810;3169;4014;4095
5;2813;3168;4006;4095
5;2810;3171;4013;4095
5;2815;3167;4003;4095
5;2813;3168;4016;4095
5;2803;3167;4002;4095
5;2811;3167;4010;4095
5;2816;3169;4004;4095
5;2811;3171;4004;4095
5;2803;3166;4003;4095
5;2811;3167;4003;4095
5;2814;3170;4009;4095
5;2803;3162;4011;4095
5;2813;3169;4016;4095
5;2811;3170;4012;4095
5;2809;3169;4011;4095
5;2804;3164;4013;4095
5;2807;3165;4005;4095
5;2811;3167;4007;4095
5;2802;3166;4013;4095
5;2809;3165;4005;4095
5;2810;3165;4006;4095
5;2801;3161;4005;4095
5;2802;3165;4007;4095
5;2806;3166;4002;4095
5;2807;3166;4004;4095
5;2805;3163;4008;4095
5;2807;3167;4013;4095
5;2806;3166;4001;4095
5;2803;3165;4014;4095
5;2805;3166;4005;4095
5;2813;3170;4014;4095
5;2818;3177;4017;4095
5;2818;3175;4009;4095
5;2816;3170;4010;4095
5;2817;3169;4013;4095
5;2813;3168;4009;4095
5;2806;3170;4009;4095
5;2811;3171;4001;4095
5;2813;3168;4015;4095
5;2810;3168;4001;4095
5;2809;3167;4007;4095
5;2806;3167;4002;4095
5;2801;3168;4006;4095
5;2806;3165;4015;4095
5;2800;3163;4010;4095
5;2800;3164;4016;4095
5;2800;3162;4002;4095
5;2801;3164;4010;4095
5;2800;3164;4011;4095
5;2803;3165;4013;4095
5;2804;3163;4011;4095
5;2803;3162;4012;4095
5;2802;3158;4008;4095
5;2801;3162;4013;4095
5;2800;3162;4003;4095
5;2801;3158;4004;4095
5;2800;3163;3990;4095
5;2802;3158;4007;4095
5;2805;3157;4014;4095
5;2801;3162;4000;4095
5;2798;3161;4007;4095
5;2801;3163;4003;4095
5;2802;3163;4000;4095
5;2800;3161;4009;4095
5;2802;3167;4003;4095
5;2800;3162;4006;4095
5;2800;3160;4005;4095
5;2800;3164;4003;4095
5;2802;3165;4006;4095
5;2803;3165;4005;4095
5;2802;3164;4003;4095
5;2806;3165;4010;4095
5;2803;3164;4001;4095
5;2805;3168;4007;4095
5;2801;3163;4005;4095
5;2801;3162;4010;4095
5;2800;3159;4010;4095
5;2802;3163;4006;4095
5;2800;3157;4000;4095
5;2800;3159;4000;4095
5;2803;3162;4003;4095
5;2801;3158;4010;4095
5;2798;3163;4005;4095
5;2802;3162;4007;4095
5;2800;3158;3996;4095
5;2800;3155;3999;4095
5;2800;3159;4001;4095
5;2806;3162;3995;4095
5;2800;3164;4000;4095
5;2803;3165;4004;4095
5;2801;3164;4001;4095
5;2800;3160;4006;4095
5;2800;3162;4000;4095
5;2800;3163;4002;4095
5;2800;3163;4000;4095
5;2803;3164;4002;4095
5;2805;3164;3997;4095
5;2800;3164;4011;4095
5;2809;3165;3998;4095
5;2800;3164;4001;4095
5;2802;3165;4004;4095
5;2800;3162;4002;4095
5;2803;3163;4000;4095
5;2799;3164;4010;4095
5;2799;3163;3990;4095
5;2805;3165;4004;4095
5;2804;3162;3998;4095
5;2802;3162;4005;4095
5;2805;3165;4002;4095
5;2813;3166;4004;4095
5;2806;3168;4010;4095
5;2807;3166;4006;4095
5;2806;3165;3999;4095
5;2805;3167;4000;4095
5;2812;3166;4000;4095
5;2807;3166;4001;4095
5;2809;3165;3998;4095
5;2814;3168;4009;4095
5;2809;3167;4002;4095
5;2805;3167;4011;4095
5;2807;3168;4006;4095
5;2806;3166;4003;4095
5;2801;3158;4006;4095
5;2801;3163;4005;4095
5;2802;3163;3995;4095
5;2802;3168;4006;4095
5;2804;3162;4004;4095
5;2800;3165;4011;4095
5;2802;3162;4007;4095
5;2802;3162;4012;4095
5;2803;3164;4003;4095
5;2800;3163;4016;4095
5;2803;3167;4002;4095
5;2800;3163;4003;4095
5;2800;3163;4010;4095
5;2801;3159;3999;4095
5;2800;3159;4003;4095
5;2800;3161;4001;4095
5;2799;3158;4002;4095
5;2800;3158;4001;4095
5;2795;3158;3993;4095
5;2799;3162;3998;4095
5;2802;3161;4000;4095
5;2801;3159;3999;4095
5;2799;3163;4001;4095
5;2800;3159;4000;4095
5;2801;3162;4001;4095
5;2800;3162;3998;4095
5;2802;3162;4002;4095
5;2802;3165;4000;4095
5;2814;3165;3990;4095
5;2800;3161;4007;4095
5;2801;3163;3994;4095
5;2800;3163;3999;4095
