4;3497;3653;3760;3792
4;3501;3665;3777;3795
4;3510;3670;3783;3795
4;3504;3673;3786;3805
4;3519;3694;3813;3824
4;3516;3695;3808;3827
4;3535;3701;3821;3856
4;3546;3712;3827;3859
4;3549;3719;3844;3867
4;3559;3726;3856;3866
4;3567;3733;3856;3885
4;3568;3735;3856;3874
4;3569;3735;3865;3877
4;3566;3733;3859;3875
4;3568;3735;3856;3867
4;3558;3733;3858;3866
4;3568;3735;3846;3871
4;3568;3738;3853;3885
4;3583;3749;3865;3897
4;3596;3763;3877;3897
4;3607;3775;3883;3911
4;3609;3781;3891;3917
4;3600;3807;3894;3920
4;3573;3767;3901;3931
4;3568;3750;3877;3917
4;3546;3735;3856;3902
4;3520;3707;3826;3867
4;3505;3685;3803;3845
4;3490;3664;3792;3829
4;3472;3643;3771;3817
4;3450;3627;3751;3781
4;3446;3616;3742;3776
4;3434;3598;3711;3749
4;3431;3583;3711;3741
4;3414;3570;3694;3728
4;3407;3566;3691;3728
4;3396;3559;3671;3699
4;3389;3549;3673;3701
4;3376;3536;3641;3683
4;3377;3536;3648;3682
4;3371;3523;3634;3664
4;3365;3519;3632;3664
4;3366;3511;3618;3653
4;3359;3508;3625;3661
4;3355;3505;3618;3645
4;3347;3504;3611;3645
4;3347;3495;3612;3630
4;3347;3503;3613;3641
4;3349;3495;3607;3631
4;3358;3504;3621;3641
4;3354;3505;3620;3653
4;3358;3507;3627;3644
4;3346;3503;3614;3632
4;3353;3503;3609;3641
4;3356;3495;3600;3629
4;3360;3507;3613;3637
4;3355;3501;3616;3631
4;3359;3505;3620;3642
4;3369;3510;3621;3645
4;3373;3525;3638;3653
4;3386;3536;3645;3662
4;3402;3541;3659;3682
4;3408;3559;3661;3689
4;3424;3578;3689;3706
4;3438;3598;3696;3725
4;3449;3607;3715;3734
4;3465;3626;3731;3751
4;3472;3639;3745;3773
4;3494;3650;3763;3792
4;3504;3665;3779;3804
4;3518;3681;3794;3819
4;3531;3701;3809;3837
4;3548;3711;3824;3841
4;3559;3721;3829;3863
4;3568;3741;3861;3871
4;3594;3760;3862;3884
4;3591;3770;3889;3916
4;3577;3764;3881;3914
4;3537;3731;3871;3909
4;3511;3696;3824;3871
4;3486;3663;3793;3832
4;3456;3633;3761;3809
4;3439;3614;3738;3769
4;3421;3581;3706;3739
4;3393;3565;3682;3712
4;3383;3543;3665;3696
4;3376;3535;3651;3690
4;3365;3517;3637;3670
4;3351;3518;3632;3669
4;3349;3498;3627;3648
4;3344;3494;3609;3636
4;3339;3483;3602;3619
4;3337;3475;3599;3621
4;3324;3474;3591;3613
4;3333;3461;3594;3613
4;3337;3477;3579;3612
4;3339;3488;3583;3623
4;3342;3488;3597;3617
4;3345;3495;3602;3627
4;3353;3501;3610;3630
4;3361;3507;3621;3635
4;3373;3515;3632;3649
4;3378;3527;3633;3663
4;3390;3536;3645;3666
4;3399;3546;3658;3677
4;3408;3554;3670;3698
4;3424;3574;3695;3710
4;3429;3598;3696;3721
4;3443;3603;3716;3734
4;3447;3614;3728;3743
4;3474;3632;3743;3762
4;3485;3657;3759;3790
4;3504;3669;3776;3799
4;3515;3683;3792;3810
4;3530;3706;3807;3840
4;3545;3718;3824;3857
4;3563;3742;3854;3866
4;3577;3744;3863;3878
4;3599;3769;3873;3899
4;3612;3778;3902;3921
4;3600;3776;3903;3936
4;3574;3763;3891;3926
4;3537;3727;3854;3906
4;3524;3707;3841;3879
4;3501;3674;3803;3837
4;3478;3661;3792;3824
4;3465;3631;3757;3792
4;3453;3625;3748;3787
4;3433;3598;3719;3758
4;3423;3591;3712;3734
4;3405;3568;3683;3722
4;3398;3564;3682;3717
4;3388;3546;3664;3696
4;3379;3536;3655;3684
4;3369;3526;3648;3664
4;3360;3518;3632;3663
4;3350;3504;3623;3651
4;3347;3504;3614;3639
4;3344;3490;3602;3631
4;3342;3487;3601;3630
4;3333;3479;3597;3631
4;3330;3484;3599;3619
4;3340;3486;3600;3612
4;3345;3482;3603;3631
4;3342;3488;3602;3626
4;3354;3497;3606;3632
4;3349;3502;3611;3636
4;3359;3504;3619;3637
4;3356;3509;3617;3643
4;3363;3517;3630;3646
4;3366;3510;3626;3642
4;3372;3519;3628;3651
4;3378;3520;3626;3647
4;3375;3530;3638;3655
4;3383;3533;3640;3664
4;3392;3538;3648;3664
4;3397;3547;3655;3675
4;3405;3552;3667;3683
4;3408;3564;3671;3687
4;3418;3567;3669;3694
4;3424;3573;3687;3706
4;3429;3583;3696;3713
4;3441;3602;3712;3731
4;3453;3614;3716;3728
4;3470;3617;3729;3746
4;3472;3627;3734;3749
4;3477;3643;3753;3766
4;3497;3658;3759;3775
4;3504;3669;3771;3792
4;3515;3681;3792;3810
4;3513;3690;3796;3824
4;3527;3697;3813;3824
4;3549;3711;3825;3843
4;3553;3719;3826;3856
4;3563;3734;3847;3869
4;3579;3747;3869;3881
4;3605;3773;3878;3907
4;3622;3789;3902;3946
4;3626;3801;3933;3946
4;3602;3794;3914;3942
4;3598;3771;3903;3931
4;3559;3750;3877;3914
4;3536;3715;3842;3887
4;3505;3695;3819;3856
4;3494;3665;3795;3837
4;3472;3645;3776;3804
4;3455;3627;3760;3779
4;3437;3615;3718;3760
4;3428;3590;3712;3735
4;3417;3570;3700;3721
4;3404;3562;3678;3724
4;3380;3545;3667;3697
4;3377;3543;3662;3696
4;3373;3533;3652;3673
4;3371;3523;3639;3677
4;3358;3517;3632;3658
4;3362;3518;3632;3655
4;3360;3514;3632;3663
4;3361;3511;3632;3664
4;3349;3504;3619;3651
4;3349;3504;3620;3645
4;3346;3501;3617;3643
4;3346;3501;3617;3647
4;3344;3493;3617;3635
4;3340;3487;3609;3635
4;3341;3490;3601;3623
4;3344;3489;3609;3621
4;3342;3488;3602;3634
4;3348;3494;3612;3626
4;3347;3493;3609;3632
4;3346;3495;3605;3629
4;3349;3497;3616;3632
4;3331;3475;3583;3613
4;3334;3477;3582;3611
4;3339;3480;3595;3615
4;3341;3483;3600;3617
4;3351;3494;3616;3631
4;3351;3499;3615;3635
4;3360;3506;3617;3633
4;3359;3498;3619;3643
4;3370;3508;3627;3648
4;3375;3520;3634;3649
4;3382;3527;3643;3658
4;3393;3536;3659;3669
4;3399;3547;3660;3673
4;3407;3553;3662;3690
4;3414;3568;3677;3698
4;3424;3573;3687;3709
4;3432;3583;3683;3714
4;3441;3600;3703;3719
4;3451;3607;3725;3734
4;3457;3617;3721;3751
4;3467;3631;3733;3758
4;3483;3649;3750;3765
4;3494;3659;3762;3789
4;3511;3669;3778;3807
4;3524;3687;3793;3813
4;3534;3696;3815;3841
4;3550;3718;3829;3863
4;3561;3731;3847;3872
4;3590;3757;3860;3887
4;3591;3770;3883;3909
4;3578;3771;3882;3920
4;3559;3745;3866;3916
4;3521;3707;3834;3871
4;3502;3691;3814;3846
4;3471;3653;3780;3814
4;3458;3633;3758;3798
4;3434;3611;3731;3771
4;3429;3598;3714;3760
4;3407;3573;3697;3728
4;3402;3568;3687;3712
4;3387;3547;3667;3696
4;3376;3535;3659;3691
4;3358;3522;3639;3670
4;3360;3519;3636;3663
4;3349;3504;3627;3655
4;3344;3497;3611;3639
4;3337;3487;3598;3632
4;3331;3487;3599;3625
4;3327;3476;3583;3611
4;3326;3473;3590;3610
4;3319;3475;3590;3611
4;3335;3483;3591;3610
4;3335;3488;3595;3621
4;3345;3498;3603;3631
4;3356;3505;3613;3633
4;3363;3509;3622;3646
4;3367;3514;3625;3653
4;3376;3533;3647;3662
4;3392;3539;3650;3678
4;3403;3554;3676;3686
4;3423;3573;3691;3712
4;3440;3598;3698;3727
4;3457;3619;3728;3750
4;3472;3643;3751;3763
4;3493;3654;3763;3787
4;3504;3671;3792;3810
4;3522;3692;3807;3825
4;3545;3713;3825;3846
5;3555;3728;3850;3856
5;3576;3747;3860;3888
5;3594;3771;3887;3903
5;3578;3769;3886;3920
5;3544;3735;3866;3905
5;3513;3695;3826;3861
5;3485;3664;3792;3833
5;3455;3631;3755;3789
5;3438;3602;3728;3760
5;3406;3570;3697;3730
5;3394;3559;3671;3702
5;3377;3533;3648;3687
5;3373;3520;3639;3666
5;3348;3503;3618;3650
5;3342;3493;3613;3634
5;3331;3485;3600;3629
5;3328;3479;3594;3619
5;3323;3471;3578;3612
5;3325;3472;3582;3609
5;3325;3471;3575;3606
5;3330;3479;3582;3614
5;3335;3472;3593;3607
5;3344;3494;3599;3617
5;3349;3490;3608;3618
5;3350;3505;3617;3643
5;3374;3515;3626;3645
5;3377;3531;3644;3667
5;3393;3536;3659;3680
5;3402;3559;3674;3696
5;3423;3575;3683;3708
5;3441;3600;3706;3728
5;3455;3612;3717;3745
5;3472;3633;3747;3765
5;3485;3643;3760;3783
5;3507;3671;3785;3813
5;3520;3696;3805;3824
5;3545;3719;3827;3853
5;3555;3728;3850;3862
5;3573;3753;3866;3888
5;3600;3761;3892;3905
5;3569;3765;3888;3920
5;3540;3730;3857;3899
5;3498;3677;3807;3851
5;3472;3649;3769;3822
5;3429;3605;3739;3774
5;3431;3597;3717;3754
5;3407;3566;3690;3719
5;3392;3547;3665;3702
5;3375;3527;3648;3669
5;3365;3519;3638;3673
5;3347;3503;3613;3649
5;3343;3494;3605;3637
5;3336;3485;3604;3630
5;3328;3481;3599;3630
5;3339;3491;3593;3625
5;3343;3493;3597;3625
5;3346;3487;3610;3633
5;3359;3509;3619;3644
5;3371;3519;3629;3637
5;3381;3523;3644;3664
5;3395;3546;3654;3677
5;3410;3