4;3317;3459;3556;3582
4;3313;3457;3556;3581
4;3318;3471;3554;3580
4;3323;3464;3557;3575
4;3323;3462;3565;3597
4;3319;3468;3565;3583
4;3321;3465;3557;3591
4;3322;3462;3563;3580
4;3321;3466;3568;3593
4;3321;3461;3562;3582
4;3323;3459;3565;3593
4;3320;3456;3559;3595
4;3319;3463;3562;3594
4;3322;3467;3567;3598
4;3324;3468;3567;3594
4;3327;3463;3565;3594
4;3326;3471;3575;3583
4;3327;3472;3567;3602
4;3338;3472;3567;3599
4;3334;3473;3569;3606
4;3334;3479;3582;3601
4;3332;3477;3571;3603
4;3343;3485;3579;3610
4;3343;3490;3575;3605
4;3344;3488;3583;3615
4;3350;3487;3592;3610
4;3344;3487;3591;3607
4;3351;3492;3594;3615
4;3360;3499;3599;3619
4;3354;3499;3606;3625
4;3360;3509;3599;3622
4;3354;3502;3602;3616
4;3350;3504;3597;3630
4;3358;3503;3597;3632
4;3361;3504;3601;3632
4;3363;3504;3612;3638
4;3371;3514;3614;3642
4;3371;3515;3603;3633
4;3374;3515;3612;3639
4;3379;3520;3622;3642
4;3382;3533;3629;3654
4;3382;3527;3639;3653
4;3379;3534;3635;3660
4;3382;3531;3632;3650
4;3394;3537;3647;3662
4;3397;3539;3648;3664
4;3399;3548;3651;3670
4;3418;3568;3660;3683
4;3433;3593;3678;3696
4;3479;3643;3766;3787
4;3504;3666;3794;3822
4;3473;3635;3734;3760
4;3453;3610;3706;3728
4;3445;3602;3699;3725
4;3451;3598;3705;3728
4;3443;3604;3703;3728
4;3457;3618;3711;3743
4;3463;3626;3717;3734
4;3456;3622;3719;3749
4;3471;3632;3733;3758
4;3474;3632;3742;3762
4;3475;3635;3747;3765
4;3481;3647;3749;3762
4;3490;3643;3750;3776
4;3491;3651;3760;3771
4;3494;3651;3760;3777
4;3499;3659;3763;3792
4;3499;3658;3758;3785
4;3502;3675;3760;3787
4;3504;3664;3766;3787
4;3504;3664;3770;3787
4;3506;3665;3769;3791
4;3505;3664;3774;3787
4;3506;3662;3766;3792
4;3504;3664;3776;3797
4;3507;3665;3779;3793
4;3503;3664;3772;3799
4;3503;3670;3783;3807
4;3513;3671;3787;3809
4;3520;3679;3777;3811
4;3519;3682;3792;3813
4;3520;3692;3798;3811
4;3531;3695;3798;3814
4;3529;3698;3803;3824
4;3533;3701;3801;3824
4;3538;3698;3809;3824
4;3536;3705;3812;3840
4;3546;3711;3818;3838
4;3487;3643;3746;3765
4;3488;3645;3753;3763
4;3482;3652;3752;3773
4;3490;3645;3756;3774
4;3431;3577;3683;3707
4;3427;3581;3694;3712
4;3427;3578;3687;3702
4;3425;3573;3690;3703
4;3423;3571;3680;3701
4;3430;3581;3685;3710
4;3426;3573;3682;3705
4;3424;3575;3675;3707
4;3429;3578;3682;3709
4;3412;3568;3681;3702
4;3421;3571;3687;3705
4;3417;3568;3684;3703
4;3426;3577;3683;3699
4;3428;3569;3687;3708
4;3427;3574;3690;3715
4;3429;3573;3698;3718
4;3432;3578;3696;3712
4;3432;3582;3696;3728
4;3434;3583;3699;3715
4;3437;3594;3695;3712
4;3431;3583;3694;3712
4;3437;3579;3685;3707
4;3433;3589;3692;3715
4;3431;3583;3691;3710
4;3437;3594;3696;3716
4;3440;3596;3703;3723
4;3444;3600;3707;3722
4;3444;3601;3709;3727
4;3447;3604;3715;3733
4;3451;3600;3705;3726
4;3447;3604;3709;3730
4;3443;3600;3701;3721
4;3445;3600;3712;3731
4;3442;3598;3703;3728
4;3445;3600;3711;3728
4;3442;3597;3697;3719
4;3437;3598;3701;3722
4;3441;3583;3700;3721
4;3439;3581;3706;3712
4;3437;3593;3685;3712
4;3428;3580;3693;3707
4;3420;3579;3685;3701
4;3422;3580;3691;3709
4;3426;3581;3681;3699
4;3420;3570;3690;3706
4;3415;3565;3671;3695
4;3423;3567;3682;3696
4;3421;3571;3675;3699
4;3424;3568;3679;3695
4;3413;3567;3680;3703
4;3422;3571;3688;3703
4;3413;3569;3664;3696
4;3421;3563;3670;3696
4;3426;3577;3678;3705
4;3428;3574;3677;3711
4;3430;3578;3693;3710
4;3440;3579;3687;3712
4;3434;3579;3695;3714
4;3433;3581;3690;3721
4;3430;3579;3690;3712
4;3427;3572;3680;3700
4;3423;3574;3682;3707
4;3425;3573;3682;3697
4;3426;3570;3690;3696
4;3425;3575;3683;3701
4;3425;3577;3679;3698
4;3427;3578;3677;3697
4;3425;3573;3685;3699
4;3424;3577;3693;3707
4;3425;3581;3687;3712
4;3431;3580;3690;3709
4;3429;3583;3692;3719
4;3438;3583;3696;3710
4;3441;3594;3699;3719
4;3442;3604;3707;3728
4;3451;3606;3701;3726
4;3446;3608;3719;3731
4;3456;3615;3719;3743
4;3469;3621;3728;3749
4;3471;3632;3734;3761
4;3471;3629;3742;3760
4;3482;3642;3754;3770
4;3488;3645;3755;3773
4;3493;3655;3763;3778
4;3503;3665;3755;3792
4;3510;3669;3777;3797
4;3516;3671;3775;3805
4;3513;3689;3783;3813
4;3526;3696;3790;3817
4;3535;3694;3808;3823
4;3523;3698;3811;3839
4;3541;3698;3814;3842
4;3536;3702;3820;3852
4;3546;3709;3827;3846
4;3545;3721;3829;3850
4;3556;3723;3833;3855
4;3564;3726;3839;3867
4;3567;3728;3840;3867
4;3579;3747;3842;3870
4;3568;3753;3867;3877
4;3571;3749;3863;3889
4;3575;3754;3879;3903
4;3577;3747;3869;3895
4;3564;3744;3866;3905
4;3546;3739;3861;3895
4;3537;3725;3856;3889
4;3535;3713;3836;3882
4;3523;3701;3835;3870
4;3508;3686;3824;3856
4;3504;3691;3803;3856
4;3481;3668;3790;3827
4;3475;3661;3782;3813
4;3463;3643;3758;3802
4;3573;3759;3861;3900
4;3563;3747;3866;3906
4;3558;3731;3865;3907
4;3536;3722;3855;3888
4;3530;3712;3838;3883
4;3515;3694;3821;3859
4;3503;3685;3810;3851
4;3489;3665;3787;3833
4;3483;3654;3776;3823
4;3471;3642;3775;3813
4;3467;3647;3770;3807
4;3456;3625;3755;3789
4;3456;3631;3746;3779
4;3451;3616;3734;3771
4;3442;3613;3729;3774
4;3441;3599;3722;3766
4;3426;3603;3725;3754
4;3428;3599;3710;3754
4;3427;3598;3718;3753
4;3423;3583;3696;3749
4;3413;3582;3699;3732
4;3408;3575;3693;3728
4;3408;3577;3692;3735
4;3405;3566;3686;3719
4;3407;3566;3697;3719
4;3406;3563;3682;3713
4;3395;3564;3684;3714
4;3399;3561;3664;3701
4;3395;3566;3682;3703
4;3394;3554;3666;3703
4;3393;3555;3677;3711
4;3394;3557;3670;3702
4;3392;3563;3667;3702
4;3481;3663;3775;3807
4;3477;3664;3791;3834
4;3493;3667;3788;3824
4;3497;3682;3799;3853
4;3504;3694;3813;3856
4;3523;3700;3831;3869
4;3529;3719;3841;3877
4;3543;3728;3849;3886
4;3554;3735;3866;3892
4;3563;3747;3867;3907
4;3558;3743;3863;3895
4;3571;3753;3861;3903
4;3574;3750;3856;3899
4;3582;3749;3873;3904
4;3569;3752;3868;3883
4;3579;3751;3861;3882
4;3580;3751;3855;3875
4;3568;3760;3856;3869
4;3581;3745;3842;3866
4;3568;3733;3839;3877
4;3573;3728;3841;3873
4;3562;3728;3839;3859
4;3566;3730;3835;3858
4;3558;3721;3836;3855
4;3552;3722;3834;3854
4;3558;3719;3827;3853
4;3541;3711;3824;3851
4;3539;3713;3824;3846
4;3537;3707;3815;3828
4;3533;3702;3811;3842
4;3533;3694;3801;3822
4;3520;3693;3794;3814
4;3518;3681;3795;3815
4;3517;3667;3783;3807
4;3502;3665;3781;3799
4;3486;3659;3761;3788
4;3475;3647;3760;3775
4;3475;3637;3740;3762
4;3472;3632;3739;3744
4;3463;3619;3733;3749
4;3456;3614;3715;3737
4;3451;3606;3713;3742
5;3453;3605;3701;3719
5;3440;3603;3705;3726
5;3441;3599;3706;3723
5;3430;3582;3693;3717
5;3428;3577;3683;3714
5;3424;3577;3679;3699
5;3423;3570;3677;3696
5;3414;3566;3664;3686
5;3407;3555;3661;3667
5;3406;3553;3659;3675
5;3401;3551;3653;3671
5;3395;3542;3652;3669
5;3395;3541;3648;3669
5;3393;3536;3647;3664
5;3383;3535;3645;3664
5;3380;3534;3638;3653
5;3379;3524;3632;3663
5;3376;3519;3633;3647
5;3365;3517;3625;3648
5;3360;3515;3621;3645
5;3353;3507;3618;3635
5;3351;3504;3614;3632
5;3359;3504;3614;3627
5;3347;3498;3604;3628
5;3347;3499;3601;3630
5;3347;3499;3600;3627
5;3344;3498;3601;3627
5;3336;3489;3603;3623
5;3344;3487;3600;3619
5;3343;3484;3595;3614
5;3338;3481;3599;3617
5;3331;3485;3595;3611
5;3333;3472;3597;3617
5;3330;3474;3582;3603
5;3330;3489;3583;3601
5;3330;3475;3583;3607
5;3331;3475;3577;3605
5;3326;3470;3568;3600
5;3328;3472;3572;3600
5;3322;3466;3567;3599
5;3322;3466;3567;3599
5;3312;3463;3568;3599
5;3318;3466;3568;3595
5;3319;3465;3568;3599
5;3318;3473;3570;3600
5;3315;3463;3562;3593
5;3318;3466;3572;3600
5;3319;3462;3570;3598
5;3319;3472;3573;3600
5;3316;3467;3567;3603
5;3312;3467;3578;3599
5;3325;3469;3579;3603
5;3322;3471;3568;3611
5;3319;3469;3569;3604
5;3323;3467;3578;3618
5;3319;3472;3577;3605
5;3324;3475;3591;3616
5;3328;3474;3583;3614
5;3337;3485;3594;3618
5;3330;3476;3595;3617
5;3329;3478;3594;3620
5;3327;3