4;3606;3758;3883;3903
4;3543;3707;3811;3827
4;3536;3706;3797;3831
4;3537;3702;3806;3824
4;3536;3697;3805;3823
4;3535;3699;3798;3825
4;3539;3696;3793;3822
4;3523;3696;3798;3810
4;3535;3690;3792;3811
4;3530;3689;3793;3815
4;3527;3694;3794;3815
4;3525;3696;3797;3823
4;3525;3686;3790;3819
4;3536;3695;3793;3824
4;3526;3688;3797;3820
4;3535;3696;3805;3827
4;3536;3693;3802;3827
4;3535;3699;3810;3825
4;3538;3703;3801;3825
4;3551;3712;3819;3837
4;3552;3715;3819;3843
4;3552;3715;3826;3845
4;3549;3721;3826;3846
4;3563;3728;3839;3854
4;3565;3730;3836;3856
4;3562;3731;3846;3865
4;3570;3728;3839;3859
4;3567;3735;3845;3868
4;3575;3740;3843;3879
4;3568;3744;3854;3867
4;3571;3747;3851;3872
4;3567;3744;3851;3874
4;3566;3739;3854;3862
4;3581;3743;3853;3873
4;3574;3738;3843;3860
4;3577;3738;3850;3867
4;3578;3741;3846;3871
4;3583;3747;3856;3880
4;3574;3744;3854;3875
4;3590;3754;3856;3881
4;3581;3744;3856;3883
4;3590;3758;3860;3886
4;3590;3749;3856;3885
4;3600;3760;3872;3894
4;3718;3895;4020;4049
4;3699;3889;4034;4065
4;3706;3868;3983;3987
4;3717;3899;4049;4080
4;3723;3897;4031;4062
4;3673;3846;3955;3993
4;3698;3893;4048;4083
4;3669;3845;3943;3953
4;3603;3763;3883;3905
4;3600;3775;3883;3910
4;3602;3769;3875;3901
4;3605;3767;3882;3914
4;3603;3771;3879;3907
4;3600;3778;3883;3908
4;3607;3764;3869;3893
4;3600;3770;3881;3903
4;3600;3766;3862;3889
4;3600;3763;3868;3888
4;3598;3758;3862;3885
4;3590;3755;3861;3882
4;3581;3747;3853;3878
4;3583;3740;3861;3882
4;3568;3735;3844;3871
4;3566;3734;3847;3866
4;3568;3731;3839;3856
4;3563;3732;3824;3856
4;3553;3728;3825;3847
4;3554;3718;3824;3851
4;3543;3705;3820;3850
4;3549;3708;3811;3845
4;3530;3700;3810;3834
4;3536;3701;3807;3834
4;3536;3696;3803;3831
4;3536;3696;3793;3827
4;3530;3693;3796;3817
4;3530;3694;3792;3824
4;3528;3689;3789;3808
4;3523;3687;3791;3812
4;3505;3680;3782;3809
4;3518;3681;3776;3801
4;3513;3674;3776;3795
4;3504;3671;3779;3797
4;3505;3664;3765;3783
4;3504;3666;3765;3791
4;3503;3651;3762;3785
4;3502;3661;3768;3786
4;3498;3650;3751;3779
4;3489;3648;3745;3772
4;3478;3643;3743;3770
4;3479;3637;3738;3765
4;3472;3631;3735;3759
4;3474;3632;3728;3750
4;3466;3617;3725;3747
4;3467;3616;3714;3744
4;3456;3610;3703;3735
4;3453;3611;3701;3728
4;3444;3603;3702;3717
4;3440;3598;3694;3722
4;3420;3582;3689;3713
4;3426;3573;3685;3701
4;3418;3569;3667;3696
4;3422;3570;3671;3697
4;3408;3555;3664;3695
4;3413;3558;3664;3693
4;3408;3553;3655;3679
4;3405;3551;3659;3681
4;3403;3541;3650;3678
4;3395;3551;3655;3678
4;3393;3542;3648;3670
4;3394;3538;3643;3664
4;3387;3536;3642;3662
4;3393;3541;3641;3664
4;3380;3533;3632;3661
4;3385;3536;3632;3655
4;3379;3532;3622;3659
4;3381;3534;3632;3658
4;3377;3522;3623;3648
4;3373;3526;3619;3655
4;3374;3514;3619;3652
4;3373;3521;3626;3651
4;3376;3524;3619;3654
4;3381;3529;3630;3654
4;3366;3521;3623;3649
4;3373;3524;3624;3653
4;3371;3520;3627;3653
4;3373;3523;3627;3661
4;3376;3522;3629;3655
4;3382;3527;3634;3661
4;3375;3525;3632;3664
4;3382;3533;3637;3664
4;3379;3534;3635;3664
4;3391;3536;3635;3673
4;3387;3541;3635;3677
4;3392;3539;3649;3676
4;3385;3536;3641;3679
4;3391;3550;3657;3681
4;3389;3548;3648;3682
4;3404;3552;3658;3692
4;3401;3553;3656;3698
4;3394;3558;3669;3697
4;3403;3558;3664;3701
4;3411;3567;3679;3708
4;3411;3562;3677;3711
4;3415;3571;3682;3712
4;3424;3571;3692;3723
4;3426;3590;3685;3723
4;3428;3595;3693;3730
4;3438;3593;3710;3744
4;3430;3598;3710;3743
4;3442;3604;3717;3749
4;3443;3605;3710;3749
4;3451;3613;3719;3760
4;3454;3618;3728;3765
4;3456;3619;3739;3770
4;3458;3622;3741;3770
4;3462;3634;3747;3790
4;3461;3631;3742;3782
4;3472;3648;3739;3791
4;3476;3647;3750;3796
4;3484;3659;3774;3810
4;3479;3656;3775;3819
4;3495;3666;3783;3824
4;3488;3667;3789;3822
4;3504;3675;3794;3824
4;3512;3675;3795;3824
4;3514;3685;3807;3839
4;3509;3685;3792;3842
4;3517;3688;3811;3850
4;3507;3690;3805;3853
4;3524;3698;3810;3843
4;3518;3691;3813;3852
4;3527;3706;3820;3863
4;3520;3700;3821;3857
4;3522;3703;3823;3859
4;3527;3698;3835;3866
4;3536;3719;3839;3873
4;3537;3723;3841;3886
4;3543;3733;3855;3904
4;3556;3737;3863;3905
4;3568;3750;3881;3920
4;3570;3760;3891;3925
4;3600;3776;3920;3946
4;3612;3792;3921;3952
4;3623;3803;3927;3970
4;3632;3806;3934;3964
4;3639;3823;3934;3963
4;3639;3818;3939;3962
4;3643;3818;3921;3942
4;3644;3805;3914;3934
4;3625;3794;3908;3942
4;3616;3788;3893;3925
4;3617;3777;3893;3916
4;3604;3775;3881;3911
4;3595;3764;3880;3913
4;3599;3750;3869;3888
4;3579;3747;3859;3883
4;3571;3734;3850;3873
4;3552;3732;3839;3856
4;3547;3714;3828;3846
4;3556;3712;3819;3841
4;3541;3699;3813;3835
4;3537;3700;3802;3824
4;3525;3690;3790;3821
4;3522;3681;3791;3808
4;3519;3677;3778;3805
4;3503;3665;3764;3793
4;3504;3659;3760;3786
4;3482;3661;3751;3777
4;3479;3647;3750;3774
4;3475;3637;3747;3760
4;3470;3627;3731;3757
4;3463;3626;3725;3738
4;3457;3615;3724;3742
4;3445;3605;3709;3728
4;3455;3599;3701;3727
4;3442;3600;3699;3727
4;3440;3593;3697;3711
4;3437;3579;3693;3711
4;3429;3578;3677;3712
4;3424;3568;3671;3696
4;3418;3563;3674;3702
4;3408;3562;3664;3693
4;3413;3563;3664;3681
4;3408;3555;3657;3686
4;3396;3549;3655;3682
4;3398;3554;3659;3678
4;3399;3543;3655;3677
4;3395;3538;3643;3674
4;3394;3536;3650;3669
4;3393;3539;3646;3664
4;3387;3536;3643;3671
4;3391;3537;3638;3664
4;3389;3537;3634;3664
4;3381;3530;3633;3662
4;3382;3532;3633;3663
4;3378;3526;3633;3657
4;3377;3526;3632;3655
4;3373;3521;3626;3646
4;3372;3529;3631;3664
4;3370;3529;3623;3648
4;3369;3525;3625;3654
4;3373;3521;3621;3655
4;3375;3520;3620;3655
4;3371;3516;3629;3654
4;3376;3525;3633;3663
4;3380;3531;3634;3664
4;3383;3536;3646;3675
4;3382;3531;3645;3665
4;3389;3536;3643;3681
4;3394;3542;3657;3679
4;3396;3543;3664;3686
4;3397;3552;3665;3695
4;3409;3561;3670;3703
4;3409;3566;3679;3709
4;3421;3575;3689;3724
4;3419;3579;3680;3735
4;3427;3597;3706;3739
4;3430;3603;3703;3742
4;3443;3602;3719;3759
4;3440;3609;3729;3757
4;3450;3619;3737;3775
4;3450;3628;3734;3769
4;3465;3632;3747;3781
4;3469;3635;3751;3792
4;3485;3654;3762;3801
4;3472;3651;3767;3802
4;3493;3664;3780;3818
4;3498;3670;3789;3827
4;3511;3691;3808;3842
4;3518;3705;3814;3842
4;3543;3719;3841;3886
4;3550;3728;3850;3886
4;3571;3753;3876;3926
4;3579;3763;3895;3940
4;3614;3792;3917;3954
4;3615;3795;3926;3952
5;3632;3808;3930;3966
5;3638;3817;3935;3958
5;3642;3820;3932;3954
5;3638;3814;3926;3955
5;3648;3811;3917;3939
5;3643;3815;3915;3935
5;3639;3798;3910;3931
5;3631;3806;3915;3934
5;3631;3787;3906;3929
5;3634;3796;3898;3935
5;3622;3789;3899;3921
5;3622;3792;3901;3923
5;3621;3788;3894;3933
5;3623;3786;3891;3931
5;3612;3777;3888;3920
5;3610;3780;3887;3917
5;3609;3773;3889;3913
5;3605;3773;3880;3903
5;3600;3764;3883;3902
5;3596;3767;3870;3897
5;3583;3759;3866;3888
5;3594;3751;3865;3887
5;3570;3749;3847;3886
5;3574;3739;3854;3873
5;3574;3733;3856;3877
5;3569;3742;3845;3863
5;3569;3738;3847;3869
5;3562;3731;3834;3866
5;3559;3723;3825;3850
5;3550;3718;3821;3848
5;3547;3709;3819;3838
5;3545;3707;3817;3838
5;3539;3696;3810;3821
5;3539;3697;3798;3824
5;3522;3693;3787;3823
5;3531;3694;3799;3815
5;3524;3687;3793;3811
5;3523;3684;3790;3809
5;3513;3678;3780;3804
5;3519;3683;3777;3809
5;3515;3678;3781;3807
5;3518;3671;3786;3803
5;3509;3673;3777;3799
5;3511;3664;3775;3804
5;3514;3665;3776;3793
5;3513;3673;3776;3797
5;3504;3664;3774;3794
5;3501;3670;3770;3796
5;3505;3661;3769;3798
5;3507;3662;3766;3788
5;3502;3663;3764;3785
5;3502;3654;3759;3786
5;3500;3648;3759;3782
5;3492;3659;3759;3786
5;3495;3649;3761;3777
5;3499;3645;3756;3783
5;3491;3654;3755;3778
5;3498;3652;3759;3772
5;3486;3648;3757;3773
5;3493;3651;3749;3773
5;3489;3646;3755;3783
5;3493;3646;3756;3775
5;3490;3649;3749;3770
5;3492;3654;3751;3782
5;3495;3659;3747;3768
5;3494;3646;3751;3778
5;3489;3649;3761;3774
5;3501;3652;3762;3780
5;3497;3653;3757;3782
5;3501;3650;3763;3785
5;3501;3653;3760;3786
5;3504;3663;3760;3792
5;3504;3661;3762;3787
5;3504;3664;3766;3792
5;3505;3666;3767;3783
5;3510;3679;3767;3799
5;3507;3664;3774;3791
5;3504;3679;3787;3801
5;3515;3669;3777;3792
5;3515;3679;3788;3807
5;3523;3679;3782;3803
5;3522;3679;3782;3812
5;3522;3680;3789;3806
5;3521;3683;3789;3815
5;3530;3681;3791;3814
5;3525;3690;3795;3813
5;3524;3686;3792;3809
5;3529;3693;3794;3818
5;3529;3692;3792;3813
5;3533;3697;3805;3826
5;3533;3696;3803;3824
5;3536;3697;3804;3838
5;3539;3701;3815;3840
5;3550;3718;3814;3841
5;3548;3710;3820;3839
5;3551;3723;3824;3855
5;3567;3717;3841;3856
5;3568;3739;3839;3868
5;3575;3741;3843;3866
5;3575;3742;3845;3872
5;3583;3742;3857;3873
5;3600;3747;3856;3883
5;3593;3753;3866;3890
5;3597;3760;3873;3898
5;3600;3760;3874;3890
5;3611;3766;3872;3910
5;3611;3763;3884;3905
5;3611;3769;3888;3913
5;3611;3773;3895;3909
5;3620;3783;3888;3920
5;3609;3778;3888;3926
5;3610;3787;3895;3920
5;3622;3781;3902;3925
5;3623;3782;3907;3924
5;3621;3783;3901;3921
5;3630;3792;3907;3925
5;3626;3801;3905;3932
5;3641;3795;3917;3933
5;3630;3795;3917;3939
5;3639;3810;3923;3945
5;3648;3805;3914;3940
5;3646;3820;3930;3953
5;3633;3813;3926;3952
5;3645;3819;3936;3967
5;3632;3810;3943;3965
5;3635;3818;3934;3966
5;3634;3811;3930;3962
5;3629;3807;3931;3955
5;3629;3807;3945;3966
5;3613;3793;3925;3969
5;3625;3794;3931;3954
5;3608;3783;3914;3951
5;3602;3782;3905;3953
5;3593;3773;3904;3945
5;3600;3770;3888;3939
5;3570;3755;3893;3927
5;3579;3760;3891;3928
5;3565;3753;3877;3920
5;3573;3760;3882;3931
5;3567;3751;3881;3917
5;3568;3755;3885;3923
5;3559;3746;3877;3920
5;3572;3747;3879;3920
5;3562;3757;3875;3920
5;3568;3756;3879;3920
5;3557;3749;3878;3907
5;3570;3751;3887;3922
5;3553;3744;3871;3915
5;3568;3751;3872;3920
5;3557;3742;3871;3913
5;3566;3755;3877;3932
5;3557;3742;3865;3908
5;3567;3743;3870;3921
5;3558;3739;3865;3907
5;3563;3743;3873;3914
5;3553;3735;3857;3907
5;3564;3739;3862;3910
