1;4080;3899;3826;4095
1;4095;3899;3808;4095
1;4095;3902;3792;4095
1;4095;3911;3758;4095
1;4090;3910;3797;4095
1;4095;3909;3790;4095
1;4095;3919;3803;4095
1;4095;3917;3760;4095
1;4095;3909;3813;4095
1;4095;3910;3829;4095
1;4095;3919;3842;4095
1;4095;3918;3785;4095
1;4095;3922;3815;4095
1;4095;3926;3771;4095
1;4095;3921;3845;4095
1;4095;3934;3773;4095
1;4095;3936;3794;4095
1;4095;3933;3835;4095
1;4095;3932;3875;4095
1;4095;3932;3854;4095
1;4095;3938;3844;4095
1;4095;3937;3853;4095
1;4095;3939;3857;4095
1;4095;3952;3835;4095
1;4095;3951;3840;4095
1;4095;3955;3824;4095
1;4095;3942;3809;4095
1;4095;3949;3791;4095
1;4095;3969;3782;4095
1;4095;3952;3769;4095
1;4095;3955;3818;4095
1;4095;3951;3795;4095
1;4095;3949;3825;4095
1;4095;3955;3844;4095
1;4095;3963;3890;4095
1;4095;3963;3872;4095
1;4095;3947;3887;4095
1;4095;3957;3861;4095
1;4095;3972;3887;4095
1;4095;3955;3877;4095
1;4095;3947;3884;4095
1;4095;3955;3842;4095
1;4095;3947;3829;4095
1;4095;3947;3842;4095
1;4095;3953;3798;4095
1;4095;3955;3773;4095
1;4095;3925;3779;4095
1;4095;3930;3728;4095
1;4095;3934;3795;4095
1;4095;3931;3763;4095
1;4095;3921;3791;4095
1;4095;3923;3729;4095
1;4095;3919;3760;4095
1;4095;3935;3747;4095
1;4095;3917;3760;4095
1;4095;3901;3768;4095
1;4095;3913;3757;4095
1;4095;3923;3702;4095
1;4095;3920;3755;4095
1;4095;3925;3791;4095
1;4095;3920;3792;4095
1;4095;3915;3774;4095
1;4095;3913;3784;4095
1;4095;3918;3759;4095
1;4095;3915;3824;4095
1;4095;3931;3840;4095
1;4095;3905;3851;4095
1;4095;3911;3866;4095
1;4095;3920;3858;4095
1;4095;3919;3885;4095
1;4095;3917;3856;4095
1;4095;3921;3855;4095
1;4095;3905;3871;4095
1;4095;3905;3840;4095
1;4095;3893;3791;4095
1;4095;3919;3851;4095
1;4095;3915;3843;4095
1;4095;3917;3846;4095
1;4095;3907;3811;4095
1;4095;3918;3844;4095
1;4095;3923;3854;4095
1;4095;3916;3789;4095
1;4095;3893;3831;4095
1;4095;3912;3784;4095
1;4095;3909;3872;4095
1;4095;3905;3882;4095
1;4095;3907;3885;4095
1;4095;3910;3898;4095
1;4091;3915;3853;4095
1;4095;3915;3889;4095
1;4095;3918;3893;4095
1;4095;3918;3921;4095
1;4095;3913;3910;4095
1;4095;3910;3937;4095
1;4095;3907;3917;4095
1;4095;3917;3913;4095
1;4095;3923;3918;4095
1;4095;3927;3889;4095
1;4095;3911;3910;4095
1;4095;3920;3871;4095
1;4095;3919;3917;4095
1;4095;3919;3938;4095
1;4095;3925;3919;4095
1;4095;3910;3910;4095
1;4095;3925;3920;4095
1;4095;3922;3899;4095
1;4095;3954;3887;4095
1;4095;3921;3931;4095
1;4095;3945;3892;4095
1;4095;3930;3921;4095
1;4095;3926;3865;4095
1;4095;3931;3910;4095
1;4095;3937;3894;4095
1;4095;3939;3915;4095
1;4095;3948;3890;4095
1;4095;3939;3931;4095
1;4095;3941;3903;4095
1;4095;3952;3915;4095
1;4095;3941;3876;4095
1;4095;3952;3937;4095
1;4095;3945;3875;4095
1;4095;3949;3879;4095
1;4095;3952;3888;4095
1;4095;3949;3949;4095
1;4095;3951;3909;4095
1;4095;3954;3882;4095
1;4095;3959;3877;4095
1;4095;3961;3915;4095
1;4095;3952;3882;4095
1;4095;3957;3925;4095
1;4095;3952;3930;4095
1;4095;3955;3955;4095
1;4095;3959;3877;4095
1;4095;3957;3915;4095
1;4095;3964;3884;4095
1;4095;3968;3950;4095
1;4095;3970;3920;4095
1;4095;3963;3969;4095
1;4095;3971;3858;4095
1;4095;3959;3934;4095
1;4095;3968;3879;4095
1;4095;3963;3902;4095
1;4095;3961;3865;4095
1;4095;3954;3887;4095
1;4095;3952;3869;4095
1;4095;3955;3920;4095
1;4095;3946;3890;4095
1;4095;3957;3875;4095
1;4095;3940;3923;4095
1;4095;3937;3937;4095
1;4095;3930;3855;4095
1;4095;3935;3909;4095
1;4095;3923;3835;4095
1;4095;3919;3887;4095
1;4095;3931;3873;4095
1;4095;3907;3825;4095
1;4095;3919;3824;4095
1;4095;3927;3855;4095
1;4095;3915;3877;4095
1;4095;3920;3894;4095
1;4095;3919;3877;4095
1;4095;3917;3898;4095
1;4095;3912;3888;4095
1;4095;3907;3895;4095
1;4095;3913;3887;4095
1;4095;3914;3884;4095
1;4091;3919;3891;4095
1;4091;3913;3877;4095
1;4095;3911;3877;4095
1;4095;3920;3901;4095
1;4095;3921;3907;4095
1;4080;3920;3898;4095
1;4095;3909;3905;4095
1;4095;3913;3911;4095
1;4095;3921;3882;4095
1;4095;3904;3905;4095
1;4091;3893;3882;4095
1;4095;3906;3874;4095
1;4095;3913;3824;4095
1;4095;3900;3883;4095
1;4095;3911;3878;4095
1;4095;3918;3863;4095
1;4095;3918;3862;4095
1;4095;3906;3849;4095
1;4095;3920;3869;4095
1;4095;3919;3822;4095
1;4095;3916;3888;4095
1;4095;3920;3829;4095
1;4095;3915;3895;4095
1;4095;3920;3877;4095
1;4095;3919;3863;4095
1;4095;3918;3867;4095
1;4095;3926;3851;4095
1;4095;3937;3817;4095
1;4095;3926;3844;4095
1;4095;3933;3771;4095
1;4095;3920;3815;4095
1;4095;3931;3792;4095
1;4095;3933;3839;4095
1;4095;3932;3812;4095
1;4095;3938;3847;4095
1;4095;3941;3792;4095
1;4095;3932;3867;4095
1;4095;3932;3905;4095
1;4095;3937;3879;4095
1;4095;3949;3872;4095
1;4095;3941;3911;4095
1;4095;3952;3874;4095
1;4095;3937;3899;4095
1;4095;3947;3878;4095
1;4095;3952;3905;4095
1;4095;3953;3919;4095
1;4095;3952;3937;4095
1;4095;3955;3853;4095
1;4095;3958;3955;4095
1;4095;3967;3929;4095
1;4095;3971;3956;4095
1;4095;3971;3920;4095
1;4095;3964;3971;4095
1;4095;3979;3921;4095
1;4095;3976;3909;4095
1;4095;3975;3871;4095
1;4095;3959;3853;4095
1;4095;3967;3870;4095
1;4095;3951;3866;4095
1;4095;3971;3856;4095
1;4095;3971;3890;4095
1;4095;3971;3854;4095
1;4095;3972;3907;4095
1;4095;3969;3870;4095
1;4095;3969;3824;4095
1;4095;3999;3856;4095
1;4095;3968;3921;4095
1;4095;3955;3860;4095
1;4095;3965;3875;4095
1;4095;3954;3810;4095
1;4095;3965;3856;4095
1;4095;3963;3844;4095
1;4095;3951;3814;4095
1;4095;3959;3830;4095
1;4095;3969;3836;4095
1;4095;3952;3840;4095
1;4095;3955;3839;4095
1;4095;3942;3846;4095
1;4095;3941;3881;4095
1;4095;3932;3821;4095
1;4095;3938;3808;4095
1;4095;3946;3773;4095
1;4095;3922;3793;4095
1;4095;3937;3789;4095
1;4095;3932;3811;4095
1;4095;3935;3783;4095
1;4095;3929;3810;4095
1;4095;3921;3775;4095
1;4095;3921;3808;4095
1;4095;3923;3797;4095
1;4095;3920;3823;4095
1;4095;3920;3840;4095
1;4095;3925;3841;4095
1;4095;3915;3824;4095
1;4095;3920;3824;4095
1;4095;3919;3849;4095
1;4093;3914;3843;4095
1;4095;3925;3867;4095
1;4094;3924;3861;4095
1;4095;3920;3903;4095
1;4095;3920;3854;4095
1;4095;3920;3843;4095
1;4095;3919;3808;4095
1;4095;3910;3839;4095
1;4095;3909;3839;4095
1;4095;3924;3845;4095
1;4095;3918;3821;4095
1;4095;3917;3830;4095
1;4095;3920;3796;4095
1;4095;3925;3835;4095
1;4095;3920;3829;4095
1;4095;3926;3808;4095
1;4095;3921;3840;4095
1;4095;3922;3868;4095
1;4095;3921;3822;4095
1;4095;3935;3835;4095
1;4095;3929;3801;4095
1;4095;3929;3802;4095
1;4095;3932;3794;4095
1;4095;3930;3846;4095
1;4095;3931;3845;4095
1;4095;3951;3873;4095
1;4095;3945;3833;4095
1;4095;3934;3862;4095
1;4095;3951;3859;4095
1;4095;3930;3862;4095
1;4095;3936;3856;4095
1;4095;3945;3828;4095
1;4095;3939;3862;4095
1;4095;3943;3879;4095
1;4095;3938;3876;4095
1;4095;3955;3891;4095
1;4095;3950;3898;4095
1;4095;3963;3895;4095
1;4095;3957;3887;4095
1;4095;3959;3920;4095
1;4095;3967;3900;4095
1;4095;3947;3888;4095
1;4095;3965;3883;4095
1;4095;3973;3907;4095
1;4095;3952;3888;4095
1;4095;3975;3921;4095
1;4095;3984;3871;4095
1;4095;3972;3933;4095
1;4095;3977;3889;4095
1;4095;3966;3873;4095
1;4095;3967;3920;4095
1;4095;3950;3950;4095
1;4095;3958;3892;4095
1;4095;3963;3923;4095
1;4095;3947;3881;4095
1;4095;3948;3923;4095
1;4095;3942;3915;4095
1;4095;3949;3902;4095
2;4095;3939;3915;4095
2;4095;3947;3915;4095
2;4095;3948;3915;4095
2;4095;3945;3909;4095
2;4095;3946;3888;4095
2;4095;3937;3908;4095
2;4095;3933;3857;4095
2;4095;3939;3884;4095
2;4095;3918;3872;4095
2;4095;3920;3857;4095
2;4095;3920;3856;4095
2;4095;3929;3882;4095
2;4095;3941;3883;4095
2;4095;3932;3875;4095
2;4095;3924;3879;4095
2;4095;3919;3900;4095
2;4095;3921;3888;4095
2;4095;3926;3888;4095
2;4095;3924;3893;4095
2;4095;3919;3879;4095
2;4095;3921;3881;4095
2;4095;3935;3887;4095
2;4095;3910;3888;4095
2;4095;3935;3842;4095
2;4095;3920;3841;4095
2;4095;3920;3847;4095
2;4095;3920;3843;4095
2;4095;3919;3861;4095
2;4095;3915;3826;4095
2;4095;3909;3866;4095
2;4095;3917;3870;4095
2;4095;3926;3833;4095
2;4095;3907;3890;4095
2;4095;3905;3856;4095
2;4094;3909;3891;4095
2;4095;3917;3895;4095
2;4095;3915;3899;4095
2;4095;3921;3886;4095
2;4095;3911;3840;4095
2;4095;3920;3865;4095
2;4095;3914;3870;4095
2;4095;3920;3853;4095
2;4095;3926;3882;4095
2;4095;3929;3895;4095
2;4095;3920;3911;4095
2;4095;3920;3922;4095
2;4095;3922;3925;4095
2;4095;3922;3920;4095
2;4095;3915;3874;4095
2;4095;3925;3858;4095
2;4095;3922;3874;4095
2;4095;3951;3835;4095
2;4095;3935;3870;4095
2;4095;3949;3895;4095
2;4095;3937;3907;4095
2;4095;3927;3872;4095
2;4095;3945;3950;4095
2;4095;3941;3904;4095
2;4095;3920;3875;4095
2;4095;3952;3857;4095
2;4095;3951;3911;4095
2;4095;3943;3905;4095
2;4095;3954;3893;4095
2;4095;3954;3920;4095
2;4095;3955;3952;4095
2;4095;3952;3953;4095
2;4095;3958;4022;4095
2;4095;3952;3997;4095
2;4095;3959;4007;4095
2;4095;3955;3994;4095
2;4095;3954;3985;4095
2;4095;3963;3943;4095
2;4095;3965;3995;4095
2;4095;3966;3983;4095
2;4095;3983;3990;4095
2;4095;3962;3982;4095
2;4095;3977;3993;4095
2;4095;3954;3989;4095
2;4095;3979;4014;4095
2;4095;3975;3982;4095
2;4095;3977;3995;4095
2;4095;3970;3958;4095
2;4095;3978;3984;4095
2;4095;3981;3970;4095
2;4095;3971;3995;4095
2;4095;3981;3986;4095
2;4095;3971;4018;4095
2;4095;3922;3993;4095
2;4095;3957;3991;4095
2;4095;3962;3983;4095
2;4095;3955;3974;4095
2;4095;3945;3950;4095
2;4095;3950;3961;4095
2;4095;3952;3984;4095
2;4095;3942;3984;4095
2;4095;3943;3959;4095
2;4095;3932;4001;4095
2;4095;3939;3957;4095
2;4095;3927;3947;4095
2;4095;3938;3931;4095
2;4095;3905;3964;4095
2;4095;3924;3959;4095
2;4095;3918;3962;4095
2;4095;3936;3964;4095
2;4095;3925;3954;4095
2;4095;3916;3958;4095
2;4095;3926;3953;4095
2;4095;3930;3970;4095
2;4095;3926;3965;4095
2;4095;3920;3925;4095
2;4095;3927;3952;4095
2;4095;3922;3947;4095
2;4095;3923;3952;4095
2;4095;3929;3955;4095
2;4095;3910;3973;4095
2;4095;3922;3958;4095
2;4095;3933;3951;4095
2;4095;3938;3965;4095
2;4095;3945;3952;4095
2;4095;3931;3962;4095
2;4095;3927;3966;4095
2;4095;3934;3978;4095
2;4095;3922;3969;4095
2;4095;3930;3982;4095
2;4095;3933;3976;4095
2;4095;3943;3997;4095
2;4095;3950;3972;4095
2;4095;3949;4000;4095
2;4095;3946;3984;4095
2;4095;3949;4001;4095
2;4095;3930;4003;4095
2;4095;3957;3995;4095
2;4095;3945;4025;4095
2;4095;3953;3998;4095
2;4095;3949;4007;4095
2;4095;3952;4023;4095
2;4095;3957;4028;4095
2;4095;3947;4035;4095
2;4095;3953;4058;4095
2;4095;3952;4051;4095
2;4095;3964;4023;4095
2;4095;3973;4048;4095
2;4095;3967;4039;4095
2;4095;3955;4060;4095
2;4095;3977;4043;4095
2;4095;3974;4063;4095
2;4095;3985;4068;4095
2;4095;3983;4070;4095
2;4095;3983;4058;4095
2;4095;3985;4042;4095
2;4095;3979;4038;4095
2;4095;4002;4049;4095
2;4095;3963;4030;4095
2;4095;3961;4047;4095
2;4095;3947;4031;4095
2;4095;3970;4048;4095
2;4095;3947;4039;4095
2;4095;3954;4053;4095
2;4095;3953;4011;4095
2;4095;3961;4046;4095
2;4095;3951;4015;4095
2;4095;3951;4044;4095
2;4095;3940;4016;4095
2;4095;3941;3997;4095
2;4095;3950;3987;4095
2;4095;3939;4028;4095
2;4095;3952;4026;4095
2;4095;3955;4047;4095
2;4095;3952;4017;4095
2;4095;3947;4017;4095
2;4095;3931;4009;4095
2;4095;3937;4027;4095
2;4095;3933;4003;4095
2;4095;3941;4020;4095
2;4095;3924;4010;4095
2;4095;3939;4006;4095
2;4095;3932;4007;4095
2;4095;3930;4048;4095
2;4095;3938;3982;4095
2;4095;3923;4034;4095
2;4095;3934;4011;4095
2;4095;3935;4010;4095
2;4095;3937;4016;4095
2;4095;3953;4013;4095
2;4095;3920;3997;4095
2;4095;3922;3995;4095
2;4095;3922;3993;4095
2;4095;3925;4016;4095
2;4095;3915;4004;4095
2;4095;3919;4000;4095
2;4095;3923;4002;4095
2;4095;3922;4026;4095
2;4095;3924;4004;4095
2;4095;3923;4011;4095
2;4095;3935;3991;4095
2;4095;3926;3984;4095
2;4095;3927;4011;4095
2;4095;3919;4003;4095
2;4095;3933;3999;4095
2;4095;3919;4009;4095
2;4095;3930;4010;4095
2;4095;3929;3990;4095
2;4095;3929;4016;4095
2;4095;3929;3994;4095
2;4095;3930;4011;4095
2;4095;3934;4017;4095
2;4095;3931;4018;4095
2;4095;3946;4010;4095
2;4095;3939;4010;4095
2;4095;3940;4024;4095
2;4095;3946;4007;4095
2;4095;3935;4016;4095
2;4095;3935;4015;4095
2;4095;3933;4009;4095
2;4095;3931;4021;4095
2;4095;3955;4017;4095
2;4095;3946;4033;4095
2;4095;3942;4019;4095
2;4095;3933;4030;4095
2;4095;3938;4018;4095
2;4095;3963;4051;4095
2;4095;3957;4022;4095
2;4095;3957;4039;4095
2;4095;3957;3993;4095
2;4095;3963;4016;4095
2;4095;3940;4048;4095
2;4095;3969;4048;4095
2;4095;3972;4039;4095
2;4095;3952;4046;4095
2;4095;3954;4039;4095
2;4095;3952;4049;4095
2;4095;3953;4038;4095
3;4095;3971;4048;4095
3;4095;3979;4039;4095
3;4095;3967;4057;4095
3;4095;3982;4048;4095
3;4095;3978;4060;4095
3;4095;3989;4046;4095
3;4095;3984;4066;4095
3;4095;3967;4049;4095
3;4095;3991;4075;4095
3;4095;3969;4055;4095
3;4095;3991;4065;4095
3;4095;3984;4070;4095
3;4095;3982;4082;4095
3;4095;4002;4061;4095
3;4095;3986;4081;4095
3;4095;3988;4034;4095
3;4095;3978;4086;4095
3;4095;3970;4065;4095
3;4095;3973;4070;4095
3;4095;3967;4037;4095
3;4095;3968;4061;4095
3;4095;3971;4038;4095
3;4095;3955;4049;4095
3;4095;3963;4033;4095
3;4095;3968;4028;4095
3;4095;3953;4017;4095
3;4095;3954;4039;4095
3;4095;3957;4017;4095
3;4095;3951;4032;4095
3;4095;3939;4009;4095
3;4095;3948;4016;4095
3;4095;3946;4007;4095
3;4095;3942;4016;4095
3;4095;3952;3991;4095
3;4095;3941;4003;4095
3;4095;3942;4015;4095
3;4095;3935;4023;4095
3;4095;3927;4001;4095
3;4095;3913;4000;4095
3;4095;3941;3993;4095
3;4095;3934;4002;4095
3;4095;3947;4010;4095
3;4095;3938;4001;4095
3;4095;3935;3996;4095
3;4095;3925;3997;4095
3;4095;3920;3988;4095
3;4095;3933;3994;4095
3;4095;3939;4000;4095
3;4095;3927;3990;4095
3;4095;3922;3995;4095
3;4095;3927;3981;4095
3;4095;3923;3990;4095
3;4095;3921;3984;4095
3;4095;3925;3999;4095
3;4095;3931;3966;4095
3;4095;3933;4007;4095
3;4095;3927;4007;4095
3;4095;3935;4013;4095
3;4095;3926;4016;4095
3;4095;3924;4010;4095
3;4095;3935;3995;4095
3;4095;3922;4027;4095
3;4095;3920;3997;4095
3;4095;3935;4016;4095
3;4095;3935;4016;4095
3;4095;3925;3995;4095
3;4095;3929;4017;4095
3;4095;3917;4016;4095
3;4095;3930;4010;4095
3;4095;3930;3987;4095
3;4095;3933;4010;4095
3;4095;3933;3994;4095
3;4095;3942;4005;4095
3;4095;3941;4009;4095
3;4095;3936;3999;4095
3;4095;3923;4029;4095
3;4095;3935;4006;4095
3;4095;3922;4019;4095
3;4095;3946;4007;4095
3;4095;3933;4016;4095
3;4095;3929;3994;4095
3;4095;3940;4028;4095
3;4095;3938;4023;4095
3;4095;3942;4030;4095
3;4095;3933;4027;4095
3;4095;3937;4034;4095
3;4095;3919;4001;4095
3;4095;3943;4026;4095
3;4095;3943;4019;4095
3;4095;3931;4043;4095
3;4095;3927;4016;4095
3;4095;3952;4029;4095
3;4095;3949;4046;4095
3;4095;3927;4053;4095
3;4095;3939;4041;4095
3;4095;3952;4063;4095
3;4095;3950;4042;4095
3;4095;3951;4055;4095
3;4095;3955;4048;4095
3;4095;3966;4072;4095
3;4095;3969;4070;4095
3;4095;3958;4068;4095
3;4095;3948;4063;4095
3;4095;3965;4055;4095
3;4095;3963;4062;4095
3;4095;3982;4070;4095
3;4095;3977;4063;4095
3;4095;3969;4078;4095
3;4095;3972;4047;4095
3;4095;3984;4083;4095
3;4095;3979;4065;4095
3;4095;3984;4083;4095
3;4095;3967;4072;4095
3;4095;3987;4076;4095
3;4095;3966;4048;4095
3;4095;3974;4077;4095
3;4095;3952;4020;4095
3;4095;3963;4048;4095
3;4095;3970;4042;4095
3;4095;3953;4051;4095
3;4095;3954;4039;4095
3;4095;3949;4045;4095
3;4095;3926;4039;4095
3;4095;3931;4045;4095
3;4095;3955;4042;4095
3;4095;3938;4037;4095
3;4095;3924;4042;4095
3;4095;3923;4049;4095
3;4095;3920;4035;4095
3;4095;3926;4039;4095
3;4095;3927;4027;4095
3;4095;3926;4036;4095
3;4095;3924;4005;4095
3;4095;3937;4015;4095
3;4095;3919;4018;4095
3;4095;3930;4031;4095
3;4095;3922;4019;4095
3;4095;3933;4020;4095
3;4095;3923;4016;4095
3;4095;3932;4001;4095
3;4095;3910;4025;4095
3;4095;3921;4041;4095
3;4095;3934;4027;4095
3;4095;3931;4026;4095
3;4095;3933;4005;4095
3;4095;3927;4023;4095
3;4095;3926;4021;4095
3;4095;3935;4030;4095
3;4095;3936;4037;4095
3;4095;3946;4019;4095
3;4095;3951;4028;4095
3;4095;3947;4016;4095
3;4095;3921;4045;4095
3;4095;3945;4021;4095
3;4095;3934;4044;4095
3;4095;3946;4035;4095
3;4095;3953;4033;4095
3;4095;3955;4055;4095
3;4095;3943;4059;4095
3;4095;3952;4039;4095
3;4095;3957;4034;4095
3;4095;3947;4032;4095
3;4095;3970;4069;4095
3;4095;3967;4041;4095
3;4095;3963;4063;4095
3;4095;3980;4055;4095
3;4095;3967;4048;4095
3;4095;3984;4062;4095
3;4095;3969;4077;4095
3;4095;3979;4049;4095
3;4095;3983;4079;4095
3;4095;3977;4054;4095
3;4095;3995;4091;4095
3;4095;3997;4082;4095
3;4095;3991;4095;4095
3;4095;3967;4065;4095
3;4095;3984;4095;4095
3;4095;3967;4068;4095
3;4095;3957;4063;4095
3;4095;3967;4058;4095
3;4095;3962;4067;4095
3;4095;3951;4070;4095
3;4095;3956;4065;4095
3;4095;3950;4054;4095
3;4095;3954;4061;4095
3;4095;3934;4044;4095
3;4095;3950;4031;4095
3;4095;3952;4035;4095
3;4095;3936;4048;4095
3;4095;3952;4020;4095
3;4095;3949;4043;4095
3;4095;3937;4038;4095
3;4095;3934;4030;4095
3;4095;3943;4031;4095
3;4095;3931;4038;4095
3;4095;3937;4029;4095
3;4095;3925;4029;4095
3;4095;3939;4028;4095
3;4095;3922;4032;4095
3;4095;3932;4052;4095
3;4095;3942;4045;4095
3;4095;3938;4007;4095
3;4095;3927;4035;4095
3;4095;3921;4020;4095
3;4095;3923;4028;4095
3;4095;3919;4027;4095
3;4095;3923;4019;4095
3;4095;3919;4029;4095
3;4095;3921;4007;4095
3;4095;3926;4045;4095
3;4095;3950;4042;4095
3;4095;3922;4025;4095
3;4095;3931;4033;4095
3;4095;3937;4031;4095
3;4095;3920;4051;4095
3;4095;3953;4036;4095
3;4095;3929;4028;4095
3;4095;3930;4047;4095
3;4095;3943;4038;4095
3;4095;3958;4065;4095
3;4095;3951;4051;4095
3;4095;3950;4062;4095
3;4095;3955;4068;4095
3;4095;3953;4074;4095
3;4095;3964;4063;4095
3;4095;3959;4077;4095
3;4095;3952;4070;4095
3;4095;3972;4070;4095
3;4095;3972;4071;4095
3;4095;3966;4089;4095
3;4095;3980;4085;4095
3;4095;3957;4095;4095
3;4095;3989;4074;4095
3;4095;3970;4095;4095
3;4095;3989;4062;4095
3;4095;3991;4080;4095
3;4095;3984;4085;4095
3;4095;3983;4081;4095
3;4095;3970;4078;4095
3;4095;3966;4078;4095
4;4095;3966;4074;4095
4;4095;3952;4062;4095
4;4095;3953;4049;4095
4;4095;3953;4063;4095
4;4095;3947;4005;4095
4;4095;3953;4062;4095
4;4095;3951;4017;4095
4;4095;3945;4039;4095
4;4095;3943;4043;4095
4;4095;3934;4050;4095
4;4095;3932;4026;4095
4;4095;3941;4039;4095
4;4095;3919;4038;4095
4;4095;3935;4054;4095
4;4095;3930;4041;4095
4;4095;3931;4048;4095
4;4095;3931;4047;4095
4;4095;3921;4031;4095
4;4095;3920;4045;4095
4;4095;3937;4048;4095
4;4095;3913;4026;4095
4;4095;3920;4033;4095
4;4095;3914;4043;4095
4;4095;3930;4038;4095
4;4095;3923;4036;4095
4;4095;3921;4032;4095
4;4095;3930;4032;4095
4;4095;3931;4033;4095
4;4095;3925;4038;4095
4;4095;3923;4035;4095
4;4095;3937;4035;4095
4;4095;3930;4040;4095
4;4095;3927;4031;4095
4;4095;3933;4037;4095
4;4095;3922;4040;4095
4;4095;3937;4045;4095
4;4095;3952;4055;4095
4;4095;3935;4048;4095
4;4095;3930;4069;4095
4;4095;3950;4058;4095
4;4095;3937;4078;4095
4;4095;3946;4069;4095
4;4095;3949;4086;4095
4;4095;3936;4073;4095
4;4095;3938;4092;4095
4;4095;3946;4070;4095
4;4095;3952;4077;4095
4;4095;3954;4082;4095
4;4095;3948;4094;4095
4;4095;3958;4078;4095
4;4095;3949;4081;4095
4;4095;3966;4095;4095
4;4095;3955;4089;4095
4;4095;3954;4086;4095
4;4095;3955;4095;4095
4;4095;3938;4086;4095
4;4095;3966;4095;4095
4;4095;3963;4095;4095
4;4095;3977;4095;4095
4;4095;3969;4095;4095
4;4095;3974;4095;4095
4;4095;3971;4095;4095
4;4095;3961;4095;4095
4;4095;3971;4095;4095
4;4095;3959;4095;4095
4;4095;3975;4095;4095
4;4095;3979;4095;4095
4;4095;3979;4095;4095
4;4095;3984;4095;4095
4;4095;3981;4095;4095
4;4095;3984;4095;4095
4;4095;3978;4095;4095
4;4095;3984;4095;4095
4;4095;3980;4095;4095
4;4095;3991;4095;4095
4;4095;3991;4095;4095
4;4095;3979;4095;4095
4;4095;4008;4095;4095
4;4095;3978;4095;4095
4;4095;3993;4093;4095
4;4095;3968;4095;4095
4;4095;3974;4095;4095
4;4095;3965;4095;4095
4;4095;3965;4095;4095
4;4095;3948;4095;4095
4;4095;3954;4086;4095
4;4095;3952;4095;4095
4;4095;3938;4091;4095
4;4095;3948;4088;4095
4;4095;3956;4081;4095
4;4095;3943;4095;4095
4;4095;3937;4095;4095
4;4095;3935;4071;4095
4;4095;3937;4071;4095
4;4095;3925;4080;4095
4;4095;3934;4075;4095
4;4095;3952;4079;4095
4;4095;3937;4068;4095
4;4095;3931;4091;4095
4;4095;3931;4080;4095
4;4095;3927;4080;4095
4;4095;3915;4069;4095
4;4095;3936;4062;4095
4;4095;3925;4065;4095
4;4095;3927;4061;4095
4;4095;3925;4055;4095
4;4095;3923;4065;4095
4;4095;3922;4057;4095
4;4095;3924;4075;4095
4;4095;3916;4043;4095
4;4095;3937;4066;4095
4;4095;3917;4046;4095
4;4095;3931;4055;4095
4;4093;3919;4075;4095
4;4095;3932;4055;4095
4;4095;3918;4058;4095
4;4095;3925;4065;4095
4;4095;3919;4074;4095
4;4095;3927;4063;4095
4;4095;3925;4066;4095
4;4095;3929;4063;4095
4;4095;3933;4055;4095
4;4095;3923;4057;4095
4;4095;3931;4065;4095
4;4095;3923;4049;4095
4;4095;3921;4079;4095
4;4095;3938;4076;4095
4;4095;3938;4085;4095
4;4095;3942;4062;4095
4;4095;3932;4069;4095
4;4095;3934;4093;4095
4;4095;3934;4083;4095
4;4095;3938;4079;4095
4;4095;3945;4079;4095
4;4095;3941;4080;4095
4;4095;3943;4093;4095
4;4095;3955;4092;4095
4;4095;3951;4095;4095
4;4095;3950;4091;4095
4;4095;3952;4089;4095
4;4095;3938;4095;4095
4;4095;3952;4095;4095
4;4095;3953;4095;4095
4;4095;3962;4095;4095
4;4095;3973;4095;4095
4;4095;3962;4095;4095
4;4095;3956;4095;4095
4;4095;3967;4095;4095
4;4095;3979;4095;4095
4;4095;3975;4095;4095
4;4095;3979;4095;4095
4;4095;3984;4095;4095
4;4095;3991;4095;4095
4;4095;3978;4095;4095
4;4095;3984;4095;4095
4;4095;3988;4095;4095
4;4095;3984;4095;4095
4;4095;3984;4095;4095
4;4095;3962;4092;4095
4;4095;3965;4095;4095
4;4095;3965;4095;4095
4;4095;3955;4095;4095
4;4095;3958;4082;4095
4;4095;3958;4095;4095
4;4095;3951;4077;4095
4;4095;3963;4095;4095
4;4095;3952;4080;4095
4;4095;3939;4086;4095
4;4095;3936;4077;4095
4;4095;3946;4080;4095
4;4095;3946;4064;4095
4;4095;3931;4081;4095
4;4095;3936;4066;4095
4;4095;3933;4089;4095
4;4095;3935;4061;4095
4;4095;3920;4079;4095
4;4095;3931;4055;4095
4;4095;3923;4076;4095
4;4095;3926;4063;4095
4;4095;3920;4060;4095
4;4095;3926;4059;4095
4;4095;3927;4073;4095
4;4095;3920;4069;4095
4;4095;3920;4069;4095
4;4095;3920;4069;4095
4;4095;3921;4074;4095
4;4095;3921;4052;4095
4;4095;3929;4069;4095
4;4095;3929;4057;4095
4;4095;3916;4055;4095
4;4095;3925;4070;4095
4;4095;3925;4058;4095
4;4095;3931;4051;4095
4;4095;3936;4055;4095
4;4095;3931;4063;4095
4;4095;3923;4065;4095
4;4095;3925;4065;4095
4;4095;3927;4075;4095
4;4095;3923;4079;4095
4;4095;3927;4087;4095
4;4095;3930;4067;4095
4;4095;3918;4080;4095
4;4095;3937;4084;4095
4;4095;3931;4084;4095
4;4095;3935;4075;4095
4;4095;3936;4079;4095
4;4095;3935;4094;4095
4;4095;3929;4078;4095
4;4095;3938;4080;4095
4;4095;3937;4093;4095
4;4095;3933;4081;4095
4;4095;3952;4095;4095
4;4095;3935;4091;4095
4;4095;3955;4083;4095
4;4095;3953;4091;4095
4;4095;3947;4082;4095
4;4095;3924;4089;4095
4;4095;3936;4093;4095
4;4095;3948;4086;4095
4;4095;3938;4089;4095
4;4095;3940;4089;4095
4;4095;3943;4093;4095
4;4095;3939;4095;4095
4;4095;3935;4095;4095
4;4095;3952;4095;4095
4;4095;3937;4095;4095
4;4095;3952;4095;4095
4;4095;3957;4093;4095
4;4095;3943;4095;4095
4;4095;3943;4095;4095
4;4095;3951;4095;4095
4;4095;3952;4095;4095
4;4095;3950;4095;4095
4;4095;3957;4089;4095
4;4095;3947;4091;4095
4;4095;3958;4095;4095
4;4095;3968;4095;4095
4;4095;3954;4095;4095
4;4095;3959;4095;4095
4;4095;3967;4095;4095
4;4095;3959;4095;4095
4;4095;3966;4089;4095
4;4095;3968;4095;4095
4;4095;3956;4095;4095
4;4095;3968;4095;4095
4;4095;3969;4095;4095
4;4095;3968;4095;4095
4;4095;3968;4095;4095
4;4095;3977;4095;4095
4;4095;3967;4089;4095
4;4095;3974;4095;4095
4;4095;3961;4095;4095
4;4095;3982;4095;4095
4;4095;3966;4095;4095
4;4095;3968;4095;4095
4;4095;3983;4095;4095
4;4095;3970;4095;4095
4;4095;3984;4095;4095
4;4095;3990;4095;4095
4;4095;3985;4095;4095
4;4095;3979;4095;4095
4;4095;3978;4095;4095
4;4095;4001;4095;4095
4;4095;3986;4095;4095
4;4095;3988;4095;4095
4;4095;3985;4095;4095
4;4095;3986;4095;4095
4;4095;3975;4095;4095
4;4095;3968;4095;4095
4;4095;3984;4095;4095
4;4095;3979;4095;4095
4;4095;3973;4095;4095
4;4095;3970;4095;4095
4;4095;3972;4095;4095
4;4095;3952;4095;4095
4;4095;3957;4095;4095
4;4095;3957;4085;4095
4;4095;3952;4095;4095
4;4095;3952;4095;4095
4;4095;3958;4095;4095
4;4095;3945;4095;4095
4;4095;3946;4086;4095
4;4095;3938;4095;4095
4;4095;3947;4082;4095
5;4095;3941;4082;4095
5;4095;3934;4087;4095
5;4095;3949;4095;4095
5;4095;3952;4087;4095
5;4095;3953;4095;4095
5;4095;3940;4091;4095
5;4095;3932;4095;4095
5;4095;3933;4091;4095
5;4095;3935;4095;4095
5;4095;3933;4081;4095
5;4095;3929;4079;4095
5;4095;3934;4095;4095
5;4095;3918;4089;4095
5;4095;3931;4078;4095
5;4095;3938;4087;4095
5;4095;3923;4083;4095
5;4095;3929;4093;4095
5;4095;3930;4085;4095
5;4095;3916;4082;4095
5;4095;3931;4080;4095
5;4095;3924;4080;4095
5;4095;3926;4068;4095
5;4095;3915;4079;4095
5;4095;3931;4080;4095
5;4095;3921;4071;4095
5;4095;3919;4080;4095
5;4095;3934;4080;4095
5;4095;3927;4083;4095
5;4095;3923;4081;4095
5;4095;3940;4077;4095
5;4095;3922;4080;4095
5;4095;3914;4086;4095
5;4095;3930;4085;4095
5;4095;3937;4080;4095
5;4095;3936;4086;4095
5;4095;3929;4093;4095
5;4095;3926;4095;4095
5;4095;3945;4085;4095
5;4095;3932;4089;4095
5;4095;3937;4095;4095
5;4095;3947;4092;4095
5;4095;3936;4094;4095
5;4095;3950;4075;4095
5;4095;3943;4095;4095
5;4095;3934;4095;4095
5;4095;3943;4084;4095
5;4095;3930;4094;4095
5;4095;3947;4094;4095
5;4095;3956;4095;4095
5;4095;3942;4095;4095
5;4095;3961;4095;4095
5;4095;3952;4095;4095
5;4095;3953;4095;4095
5;4095;3971;4095;4095
5;4095;3968;4095;4095
5;4095;3962;4095;4095
5;4095;3983;4095;4095
5;4095;3973;4095;4095
5;4095;3970;4095;4095
5;4095;3971;4095;4095
5;4095;3968;4095;4095
5;4095;3982;4095;4095
5;4095;3969;4095;4095
5;4095;3983;4095;4095
5;4095;3984;4095;4095
5;4093;3988;4095;4095
5;4095;3981;4095;4095
5;4095;3970;4095;4095
5;4095;3994;4095;4095
5;4095;3984;4095;4095
5;4095;3979;4095;4095
5;4095;3982;4095;4095
5;4095;3980;4095;4095
5;4095;3981;4095;4095
5;4095;3974;4095;4095
5;4095;3984;4095;4095
5;4095;3973;4095;4095
5;4095;3966;4095;4095
5;4095;3968;4095;4095
5;4095;3961;4095;4095
5;4095;3966;4095;4095
5;4095;3957;4095;4095
5;4095;3954;4095;4095
5;4095;3949;4095;4095
5;4095;3954;4087;4095
5;4095;3952;4095;4095
5;4095;3952;4095;4095
5;4095;3950;4095;4095
5;4095;3947;4094;4095
5;4095;3939;4087;4095
5;4095;3933;4095;4095
5;4095;3935;4093;4095
5;4095;3936;4092;4095
5;4095;3946;4095;4095
5;4095;3938;4070;4095
5;4095;3939;4080;4095
5;4095;3937;4089;4095
5;4095;3938;4086;4095
5;4095;3920;4075;4095
5;4095;3930;4087;4095
5;4095;3931;4093;4095
5;4095;3933;4081;4095
5;4095;3933;4071;4095
5;4095;3943;4085;4095
5;4095;3931;4095;4095
5;4095;3928;4080;4095
5;4095;3925;4086;4095
5;4095;3938;4080;4095
5;4095;3929;4077;4095
5;4095;3938;4075;4095
5;4095;3936;4081;4095
5;4095;3947;4077;4095
5;4095;3936;4083;4095
5;4095;3934;4072;4095
5;4095;3943;4093;4095
5;4095;3925;4087;4095
5;4095;3921;4095;4095
5;4095;3935;4095;4095
5;4095;3931;4090;4095
5;4095;3943;4095;4095
5;4095;3929;4086;4095
5;4095;3935;4080;4095
5;4095;3936;4095;4095
5;4095;3947;4095;4095
5;4095;3950;4095;4095
5;4095;3941;4095;4095
5;4095;3934;4095;4095
5;4095;3933;4078;4095
5;4095;3947;4095;4095
5;4095;3943;4089;4095
5;4095;3937;4095;4095
5;4095;3951;4095;4095
5;4095;3946;4095;4095
5;4095;3952;4095;4095
5;4095;3952;4095;4095
5;4095;3952;4095;4095
5;4095;3950;4095;4095
5;4095;3942;4091;4095
5;4095;3952;4095;4095
5;4095;3943;4095;4095
5;4095;3952;4095;4095
5;4095;3952;4095;4095
5;4095;3952;4094;4095
5;4095;3951;4095;4095
5;4095;3955;4095;4095
5;4095;3965;4095;4095
5;4095;3953;4095;4095
5;4095;3969;4095;4095
5;4095;3953;4095;4095
5;4095;3961;4095;4095
5;4095;3955;4095;4095
5;4095;3952;4095;4095
5;4095;3954;4095;4095
5;4095;3974;4095;4095
5;4095;3983;4095;4095
5;4095;3968;4095;4095
5;4095;3972;4095;4095
