1;4095;4032;3164;4095
1;4095;4034;2930;4095
1;4095;4031;3152;4095
1;4095;4037;2918;4095
1;4095;4021;3273;4095
1;4095;4016;2962;4095
1;4095;4016;3104;4095
1;4095;4023;2958;4095
1;4095;4019;3247;4095
1;4095;4034;2922;4095
1;4095;4029;3194;4095
1;4095;4018;2928;4095
1;4095;4032;3863;4095
1;4095;4043;2512;4095
1;4095;4032;3824;4095
1;4095;4025;2507;4095
1;4095;4037;3552;4095
1;4095;4031;2501;4095
1;4095;4061;4095;4095
1;4095;4069;1582;4095
1;4095;4067;4095;4095
1;4095;4053;1562;4095
1;4095;4064;4095;4095
1;4095;4069;1514;4095
1;4095;4062;4095;4095
1;4095;4070;1397;4095
1;4095;4081;4095;4095
1;4095;4063;1480;4095
1;4095;4078;4095;4095
1;4095;4062;1482;4095
1;4095;4055;4095;4095
1;4095;4075;1456;4095
1;4095;4054;4095;4095
1;4095;4069;1561;4095
1;4095;4067;4095;4095
1;4095;4062;1385;4095
1;4095;4069;4095;4095
1;4095;4062;1526;4095
1;4095;4075;4095;4095
1;4095;4058;1392;4095
1;4095;4058;4095;4095
1;4095;4044;1807;4095
1;4095;4046;4095;4095
1;4095;4049;1904;4095
1;4095;4054;4095;4095
1;4095;4046;1929;4095
1;4095;4057;4095;4095
1;4095;4049;1934;4095
1;4095;4047;4095;4095
1;4095;4038;1911;4095
1;4095;4047;4095;4095
1;4095;4055;1834;4095
1;4095;4025;4095;4095
1;4095;4042;2132;4095
1;4095;4018;4001;4095
1;4095;4032;2673;4095
1;4095;4027;3519;4095
1;4095;4029;2802;4095
1;4095;4020;3451;4095
1;4095;4034;2928;4095
1;4095;4019;3002;4095
1;4095;4027;3184;4095
1;4095;4022;3023;4095
1;4095;4045;3179;4095
1;4095;4095;2974;4095
1;4095;4030;3282;4095
1;4095;4029;2950;4095
1;4095;4018;3328;4095
1;4095;4028;2920;4095
1;4095;4048;3330;4095
1;4095;4032;2898;4095
1;4095;4045;3329;4095
1;4095;4031;2896;4095
1;4095;4034;3243;4095
1;4095;4023;2857;4095
1;4095;4032;3162;4095
1;4095;4027;2831;4095
1;4095;4022;3293;4095
1;4095;4048;2495;4095
1;4095;4036;3558;4095
1;4095;4043;2434;4095
1;4095;4069;4095;4095
1;4095;4058;1287;4095
1;4095;4066;4095;4095
1;4095;4077;1247;4095
1;4095;4086;4095;4095
1;4095;4083;1284;4095
1;4095;4080;4095;4095
1;4095;4074;1264;4095
1;4095;4080;4095;4095
1;4095;4078;1291;4095
1;4095;4085;4095;4095
1;4095;4062;1184;4095
1;4095;4079;4095;4095
1;4095;4067;1174;4095
1;4095;4071;4095;4095
1;4095;4070;1185;4095
1;4095;4079;4095;4095
1;4095;4085;1280;4095
1;4095;4078;4095;4095
1;4095;4083;1399;4095
1;4095;4087;4095;4095
1;4095;4083;1341;4095
1;4095;4071;4095;4095
1;4095;4063;1184;4095
1;4095;4083;4095;4095
1;4095;4069;1279;4095
1;4095;4091;4095;4095
1;4095;4072;1392;4095
1;4095;4063;4095;4095
1;4095;4078;1375;4095
1;4095;4072;4095;4095
1;4095;4053;1315;4095
1;4095;4065;4095;4095
1;4095;4048;1714;4095
1;4095;4062;4095;4095
1;4095;4062;1557;4095
1;4095;4047;4095;4095
1;4095;4049;1755;4095
1;4095;4053;4095;4095
1;4095;4032;1219;4095
1;4095;4076;4095;4095
1;4095;4045;1542;4095
1;4095;4066;4095;4095
1;4095;4063;1629;4095
1;4095;4065;4095;4095
1;4095;4035;1575;4095
1;4095;4048;4095;4095
1;4095;4048;1306;4095
1;4095;4046;4095;4095
1;4095;4047;1453;4095
1;4095;4048;4095;4095
1;4095;4038;1315;4095
1;4095;4065;4095;4095
1;4095;4044;1443;4095
1;4095;4054;4095;4095
1;4095;4049;1666;4095
1;4095;4038;4095;4095
1;4095;4038;1406;4095
1;4095;4032;4095;4095
1;4095;4035;1703;4095
1;4095;4044;4095;4095
1;4095;4036;1689;4095
1;4095;4042;4095;4095
1;4095;4036;1838;4095
1;4095;4033;4095;4095
1;4095;4031;1889;4095
1;4095;4030;4095;4095
1;4095;4022;1964;4095
1;4095;4029;4058;4095
1;4095;4018;2045;4095
1;4095;4034;3950;4095
1;4095;4026;2208;4095
1;4095;4043;3855;4095
1;4095;4018;2443;4095
1;4095;4032;3781;4095
1;4095;4029;2434;4095
1;4095;4026;3638;4095
1;4095;4032;2433;4095
1;4095;4027;3522;4095
1;4095;4025;2805;4095
1;4095;4023;3392;4095
1;4095;4026;2841;4095
1;4095;4016;3271;4095
1;4095;4042;3226;4095
1;4095;4055;2277;4095
1;4095;4048;4095;4095
1;4095;4016;2027;4095
1;4095;4090;4095;4095
1;4095;4094;1570;4095
1;4095;4077;4095;4095
1;4095;4052;1756;4095
1;4095;4054;4095;4095
1;4095;4061;1482;4095
1;4095;4046;4095;4095
1;4095;4027;2170;4095
1;4095;4042;4095;4095
1;4095;4021;2532;4095
1;4095;4011;3696;4095
1;4095;4017;2331;4095
1;4095;4022;3543;4095
1;4095;4018;2593;4095
1;4095;4023;2929;4095
1;4095;4047;3127;4095
1;4095;4032;2800;4095
1;4095;4043;3415;4095
1;4095;4041;2722;4095
1;4095;4033;3553;4095
1;4095;4031;2593;4095
1;4095;4041;3760;4095
1;4095;4038;2507;4095
1;4095;4034;3571;4095
1;4095;4043;2480;4095
1;4095;4037;3821;4095
1;4095;4016;2331;4095
1;4095;4048;4063;4095
1;4095;4031;2163;4095
1;4095;4043;4058;4095
1;4095;4045;2074;4095
1;4095;4051;4095;4095
1;4095;4041;1966;4095
1;4095;4058;4095;4095
1;4095;4049;1842;4095
1;4095;4059;4095;4095
1;4095;4064;1760;4095
1;4095;4048;4095;4095
1;4095;4051;1671;4095
1;4095;4071;4095;4095
1;4095;4087;1661;4095
1;4095;4071;4095;4095
1;4095;4058;1475;4095
1;4095;4082;4095;4095
1;4095;4080;1507;4095
1;4095;4069;4095;4095
1;4095;4077;1470;4095
1;4095;4019;4095;4095
1;4095;4045;1394;4095
1;4095;4022;4095;4095
1;4095;4071;1269;4095
1;4095;4053;4095;4095
1;4095;4054;1231;4095
1;4095;4048;4095;4095
1;4095;4051;1424;4095
1;4095;4041;4095;4095
1;4095;4065;1344;4095
1;4095;4069;4095;4095
1;4095;4049;1468;4095
1;4095;4061;4095;4095
1;4095;4048;1666;4095
1;4095;4042;4095;4095
1;4095;4048;1655;4095
1;4095;4045;4095;4095
1;4095;4019;2165;4095
1;4095;4031;3963;4095
1;4095;4029;2599;4095
1;4095;4032;3378;4095
1;4095;4021;2650;4095
1;4095;4021;3360;4095
1;4095;4027;2599;4095
1;4095;4022;3318;4095
1;4095;4037;2494;4095
1;4095;4016;3181;4095
1;4095;4030;2553;4095
1;4095;4038;3237;4095
1;4095;4022;2519;4095
1;4095;4027;3197;4095
1;4095;4034;2774;4095
1;4095;4023;3220;4095
1;4095;4034;2934;4095
1;4095;4031;2811;4095
1;4095;4023;2902;4095
1;4095;4031;2834;4095
1;4095;4036;3340;4095
1;4095;4064;1599;4095
1;4095;4076;4095;4095
1;4095;4077;1417;4095
1;4095;4087;4095;4095
1;4095;4065;1126;4095
1;4095;4071;4095;4095
1;4095;4062;1285;4095
1;4095;4068;4095;4095
1;4095;4037;1361;4095
1;4095;4059;4095;4095
1;4095;4051;1649;4095
1;4095;4037;4095;4095
1;4095;4048;1584;4095
1;4095;4051;4095;4095
1;4095;4047;1485;4095
1;4095;4048;4095;4095
1;4095;4050;1623;4095
1;4095;4061;4095;4095
1;4095;4048;2089;4095
1;4095;4048;4095;4095
1;4095;4061;1460;4095
1;4095;4067;4095;4095
1;4095;4030;1782;4095
1;4095;4041;4095;4095
1;4095;4031;2000;4095
1;4095;4055;4095;4095
1;4095;4043;2042;4095
1;4095;4057;4095;4095
1;4095;4030;2194;4095
1;4095;4045;4095;4095
1;4095;4040;1957;4095
1;4095;4044;4095;4095
1;4095;4048;1434;4095
1;4095;4046;4095;4095
1;4095;4045;1323;4095
1;4095;4048;4095;4095
1;4095;4048;1495;4095
1;4095;4051;4095;4095
1;4095;4070;1258;4095
1;4095;4091;4095;4095
1;4095;4028;861;4095
1;4095;4061;4095;4095
1;4095;4049;1136;4095
1;4095;4058;4095;4095
1;4095;4077;1115;4095
1;4095;4065;4095;4095
1;4095;4045;1654;4095
1;4095;4048;4095;4095
1;4095;4049;1322;4095
1;4095;4067;4095;4095
1;4095;4048;1229;4095
1;4095;4045;4095;4095
1;4095;4050;892;4095
1;4095;4054;4095;4095
1;4095;4053;1350;4095
1;4095;4050;4095;4095
1;4095;4056;1291;4095
1;4095;4067;4095;4095
1;4095;4049;944;4095
1;4095;4073;4095;4095
1;4095;4071;1113;4095
1;4095;4077;4095;4095
1;4095;4074;973;4095
1;4095;4079;4095;4095
1;4095;4066;1243;4095
1;4095;4091;4095;4095
1;4095;4095;1187;4095
2;4095;4095;4095;4095
2;4095;4062;1325;4095
2;4095;4061;4095;4095
2;4095;4041;1714;4095
2;4095;4092;4095;4095
2;4095;4070;1628;4095
2;4095;4061;4095;4095
2;4095;4051;2064;4095
2;4095;4065;4095;4095
2;4095;4051;2125;4095
2;4095;4047;3770;4095
2;4095;4036;2480;4095
2;4095;4043;3475;4095
2;4095;4032;2611;4095
2;4095;4032;3473;4095
2;4095;4045;2692;4095
2;4095;4042;3330;4095
2;4095;4026;2814;4095
2;4095;4027;2833;4095
2;4095;4036;2885;4095
2;4095;4029;2843;4095
2;4095;4006;3071;4095
2;4095;4055;3063;4095
2;4095;4044;2768;4095
2;4095;4032;3328;4095
2;4095;4042;2549;4095
2;4095;4047;3333;4095
2;4095;4027;2739;4095
2;4095;4033;2989;4095
2;4095;4043;2582;4095
2;4095;4055;3221;4095
2;4095;4036;2645;4095
2;4095;4043;3184;4095
2;4095;4039;2385;4095
2;4095;4041;3477;4095
2;4095;4039;2541;4095
2;4095;4027;3207;4095
2;4095;4040;2624;4095
2;4095;4032;3009;4095
2;4095;4032;2745;4095
2;4095;4037;2959;4095
2;4095;4038;2858;4095
2;4095;4031;3041;4095
2;4095;4031;3024;4095
2;4095;4030;2991;4095
2;4095;4035;3114;4095
2;4095;4033;2931;4095
2;4095;4030;3296;4095
2;4095;4027;2850;4095
2;4095;4032;3398;4095
2;4095;4023;2832;4095
2;4095;4030;3687;4095
2;4095;4031;2949;4095
2;4095;4018;3371;4095
2;4095;4022;2928;4095
2;4095;4031;3530;4095
2;4095;4042;2775;4095
2;4095;4025;3666;4095
2;4095;4027;2619;4095
2;4095;4030;3822;4095
2;4095;4037;2672;4095
2;4095;4032;3893;4095
2;4095;4038;2901;4095
2;4095;4030;3150;4095
2;4095;4031;3383;4095
2;4095;4022;3223;4095
2;4095;4028;3122;4095
2;4095;4016;3323;4095
2;4095;4013;3133;4095
2;4095;4021;3435;4095
2;4095;4028;3324;4095
2;4095;4027;3142;4095
2;4095;4017;3034;4095
2;4042;4018;3302;4095
2;4095;4028;3023;4095
2;4095;4025;3444;4095
2;4095;4031;3045;4095
2;4095;4027;3581;4095
2;4095;4019;2983;4095
2;4095;4033;3760;4095
2;4095;4027;2892;4095
2;4095;4026;3831;4095
2;4095;4020;2723;4095
2;4095;4030;3973;4095
2;4095;4033;2598;4095
2;4095;4030;4083;4095
2;4095;4034;2864;4095
2;4095;4051;4095;4095
2;4095;4047;2545;4095
2;4095;4034;4095;4095
2;4095;4037;2579;4095
2;4095;4016;4095;4095
2;4095;4048;2326;4095
2;4095;4048;4095;4095
2;4095;4051;2173;4095
2;4095;4031;4095;4095
2;4095;4045;2398;4095
2;4095;4046;4095;4095
2;4095;4035;2461;4095
2;4095;4048;4095;4095
2;4095;4033;2245;4095
2;4095;4042;4095;4095
2;4095;4030;2587;4095
2;4095;4037;3792;4095
2;4095;4027;2674;4095
2;4095;4019;3917;4095
2;4095;4043;2568;4095
2;4095;4032;4095;4095
2;4095;4041;2436;4095
2;4095;4031;4095;4095
2;4095;4042;2417;4095
2;4095;4031;4095;4095
2;4095;4033;2406;4095
2;4095;4051;4095;4095
2;4095;4043;2317;4095
2;4095;4039;4095;4095
2;4095;4044;2122;4095
2;4095;4054;4095;4095
2;4095;4056;2079;4095
2;4095;4070;4095;4095
2;4095;4060;2111;4095
2;4095;4070;4095;4095
2;4095;4061;2103;4095
2;4095;4072;4095;4095
2;4095;4065;2028;4095
2;4095;4078;4095;4095
2;4095;4059;2043;4095
2;4095;4080;4095;4095
2;4095;4067;2182;4095
2;4095;4086;4095;4095
2;4095;4083;2254;4095
2;4095;4080;4095;4095
2;4095;4070;2007;4095
2;4095;4078;4095;4095
2;4095;4052;2320;4095
2;4095;4067;4095;4095
2;4095;4046;2354;4095
2;4095;4065;4095;4095
2;4095;4052;2217;4095
2;4095;4070;4095;4095
2;4095;4050;2111;4095
2;4095;4069;4095;4095
2;4095;4041;2349;4095
2;4095;4059;4095;4095
2;4095;4042;2463;4095
2;4095;4042;4095;4095
2;4095;4053;2608;4095
2;4095;4050;4095;4095
2;4095;4046;2225;4095
2;4095;4057;4095;4095
2;4095;4049;2246;4095
2;4095;4053;4095;4095
2;4095;4048;2430;4095
2;4095;4064;4095;4095
2;4095;4053;1974;4095
2;4095;4073;4095;4095
2;4095;4048;2165;4095
2;4095;4044;4095;4095
2;4095;4053;2492;4095
2;4095;4046;3931;4095
2;4095;4033;2571;4095
2;4095;4034;3782;4095
2;4095;4016;2709;4095
2;4095;4040;3648;4095
2;4095;4022;2825;4095
2;4095;4036;3539;4095
2;4095;4019;2938;4095
2;4095;4033;3376;4095
2;4095;4026;3037;4095
2;4095;4011;3243;4095
2;4095;4040;3190;4095
2;4095;4020;3151;4095
2;4095;4032;3262;4095
2;4095;4029;3021;4095
2;4095;4035;3407;4095
2;4095;4016;2906;4095
2;4095;4032;3511;4095
2;4095;4018;2931;4095
2;4095;4035;3152;4095
2;4095;4023;3703;4095
2;4095;4039;2859;4095
2;4095;4039;3487;4095
2;4095;4033;2715;4095
2;4095;4057;4095;4095
2;4095;4047;2411;4095
2;4095;4048;4095;4095
2;4095;4048;2572;4095
2;4095;4071;4095;4095
2;4095;4057;2224;4095
2;4095;4063;4095;4095
2;4095;4058;2153;4095
2;4095;4058;4095;4095
2;4095;4082;2203;4095
2;4095;4051;4095;4095
2;4095;4043;2362;4095
2;4095;4049;4095;4095
2;4095;4050;2582;4095
2;4095;4058;4095;4095
2;4095;4039;2627;4095
2;4095;4035;4043;4095
2;4095;4059;2701;4095
2;4095;4048;3696;4095
2;4095;4037;2688;4095
2;4095;4038;3593;4095
2;4095;4048;2750;4095
2;4095;4039;3450;4095
2;4095;4035;2797;4095
2;4095;4043;3327;4095
2;4095;4035;2869;4095
2;4095;4032;3024;4095
2;4095;4041;2893;4095
2;4095;4038;3263;4095
2;4095;4034;3011;4095
2;4095;4026;3120;4095
2;4095;4041;3083;4095
2;4095;4039;2879;4095
2;4095;4037;3184;4095
2;4095;4043;2980;4095
2;4095;4038;3195;4095
2;4095;4016;2810;4095
2;4095;4032;3341;4095
2;4095;4030;2944;4095
2;4095;4032;3393;4095
2;4095;4035;2706;4095
2;4095;4023;3458;4095
2;4095;4039;2730;4095
2;4095;4037;3522;4095
2;4095;4038;2701;4095
2;4095;4032;3662;4095
2;4095;4028;2582;4095
2;4095;4031;3708;4095
2;4095;4027;2640;4095
3;4095;4042;3827;4095
3;4095;4045;2569;4095
3;4095;4049;3886;4095
3;4095;4031;2618;4095
3;4095;4035;3527;4095
3;4095;4017;2603;4095
3;4095;4027;3537;4095
3;4095;4041;2766;4095
3;4095;4031;3689;4095
3;4095;4032;3029;4095
3;4095;4048;3258;4095
3;4095;4051;3191;4095
3;4095;4033;2993;4095
3;4095;4050;3167;4095
3;4095;4049;2999;4095
3;4095;4053;3513;4095
3;4095;4053;2663;4095
3;4095;4045;3530;4095
3;4095;4032;2736;4095
3;4095;4037;3571;4095
3;4095;4045;2795;4095
3;4095;4030;3302;4095
3;4095;4035;2871;4095
3;4095;4039;3183;4095
3;4095;4016;2981;4095
3;4095;4047;3184;4095
3;4095;4032;3066;4095
3;4095;4038;3111;4095
3;4095;4033;3155;4095
3;4095;4030;3137;4095
3;4095;4035;3218;4095
3;4095;4039;2912;4095
3;4095;4037;3342;4095
3;4095;4033;2901;4095
3;4095;4034;3489;4095
3;4095;4030;2862;4095
3;4095;4042;3632;4095
3;4095;4035;2650;4095
3;4095;4016;3297;4095
3;4095;4090;3034;4095
3;4095;4046;2629;4095
3;4095;4048;3387;4095
3;4095;4048;2361;4095
3;4095;4046;3931;4095
3;4095;4044;2515;4095
3;4095;4047;3709;4095
3;4095;4048;2619;4095
3;4095;4048;3491;4095
3;4095;4041;2690;4095
3;4095;4061;3309;4095
3;4095;4042;2755;4095
3;4095;4030;3270;4095
3;4095;4026;2858;4095
3;4095;4023;2778;4095
3;4095;4039;2993;4095
3;4095;4035;2944;4095
3;4095;4034;3108;4095
3;4095;4046;2762;4095
3;4095;4029;3263;4095
3;4095;4037;2819;4095
3;4095;4035;3357;4095
3;4095;4044;2645;4095
3;4095;4027;3552;4095
3;4095;4032;2466;4095
3;4095;4041;3686;4095
3;4095;4027;2470;4095
3;4095;4032;3835;4095
3;4095;4038;2525;4095
3;4095;4046;3921;4095
3;4095;4047;2576;4095
3;4095;4033;4006;4095
3;4095;4038;2412;4095
3;4095;4030;3698;4095
3;4095;4026;2577;4095
3;4095;4048;3793;4095
3;4095;4041;2487;4095
3;4095;4030;3376;4095
3;4095;4041;3063;4095
3;4095;4043;2640;4095
3;4095;4047;3289;4095
3;4095;4043;2752;4095
3;4095;4041;3153;4095
3;4095;4043;2863;4095
3;4095;4047;3022;4095
3;4095;4045;2965;4095
3;4095;4032;2898;4095
3;4095;4038;3089;4095
3;4095;4032;2943;4095
3;4095;4013;3175;4095
3;4095;4044;2854;4095
3;4095;4030;3274;4095
3;4095;4034;2704;4095
3;4095;4032;3424;4095
3;4095;4030;2555;4095
3;4095;4034;3535;4095
3;4095;4013;2473;4095
3;4095;4028;3658;4095
3;4095;4031;2619;4095
3;4095;4030;3728;4095
3;4095;4037;2285;4095
3;4095;4043;3813;4095
3;4095;4038;2281;4095
3;4095;4031;3872;4095
3;4095;4028;2320;4095
3;4095;4051;3943;4095
3;4095;4047;2256;4095
3;4095;4049;4042;4095
3;4095;4042;2256;4095
3;4095;4048;4095;4095
3;4095;4044;2147;4095
3;4095;4047;4095;4095
3;4095;4048;2221;4095
3;4095;4039;4095;4095
3;4095;4057;2128;4095
3;4095;4028;4016;4095
3;4095;4041;2316;4095
3;4095;4021;4095;4095
3;4095;4034;2281;4095
3;4095;4045;4095;4095
3;4095;4048;2215;4095
3;4095;4048;4095;4095
3;4095;4043;2167;4095
3;4095;4038;3866;4095
3;4095;4048;2443;4095
3;4095;4027;3459;4095
3;4095;4021;2423;4095
3;4095;4043;3620;4095
3;4095;4034;2485;4095
3;4095;4032;3735;4095
3;4095;4030;2357;4095
3;4095;4048;3767;4095
3;4095;4037;2325;4095
3;4095;4043;3481;4095
3;4095;4043;2832;4095
3;4095;4047;3152;4095
3;4095;4047;2751;4095
3;4095;4031;3275;4095
3;4095;4043;2774;4095
3;4095;4044;3344;4095
3;4095;4022;2658;4095
3;4095;4037;3522;4095
3;4095;4041;2672;4095
3;4095;4038;3632;4095
3;4095;4035;2554;4095
3;4095;4047;3716;4095
3;4095;4033;2579;4095
3;4095;4051;3782;4095
3;4095;4037;2353;4095
3;4095;4035;3344;4095
3;4095;4044;2620;4095
3;4095;4044;3405;4095
3;4095;4045;2559;4095
3;4095;4042;3472;4095
3;4095;4036;2430;4095
3;4095;4044;3628;4095
3;4095;4057;2480;4095
3;4095;4049;3744;4095
3;4095;4048;2631;4095
3;4095;4041;3322;4095
3;4095;4047;2747;4095
3;4095;4045;3456;4095
3;4095;4048;2427;4095
3;4095;4034;3583;4095
3;4095;4040;2372;4095
3;4095;4050;3760;4095
3;4095;4048;2353;4095
3;4095;4049;3873;4095
3;4095;4035;2274;4095
3;4095;4048;3976;4095
3;4095;4047;2298;4095
3;4095;4048;4081;4095
3;4095;4047;2234;4095
3;4095;4028;4095;4095
3;4095;4057;2221;4095
3;4095;4050;4095;4095
3;4095;4059;2186;4095
3;4095;4051;4095;4095
3;4095;4061;2138;4095
3;4095;4061;4095;4095
3;4095;4054;2125;4095
3;4095;4061;4095;4095
3;4095;4037;2031;4095
3;4095;4063;4095;4095
3;4095;4058;1844;4095
3;4095;4061;4095;4095
3;4095;4067;1869;4095
3;4095;4080;4095;4095
3;4095;4075;1803;4095
3;4095;4085;4095;4095
3;4095;4079;1773;4095
3;4095;4063;4095;4095
3;4095;4071;1802;4095
3;4095;4038;4095;4095
3;4095;4073;1746;4095
3;4095;4080;4095;4095
3;4095;4059;2002;4095
3;4095;4062;4095;4095
3;4095;4046;1884;4095
3;4095;4053;4095;4095
3;4095;4042;1654;4095
3;4095;4046;3809;4095
3;4095;4052;1776;4095
3;4095;4051;3898;4095
3;4095;4047;2014;4095
3;4095;4048;3519;4095
3;4095;4032;2118;4095
3;4095;4048;3665;4095
3;4095;4048;1809;4095
3;4095;4054;3798;4095
3;4095;4048;1932;4095
3;4095;4050;3909;4095
3;4095;4053;2015;4095
3;4095;4050;4002;4095
3;4095;4053;2386;4095
3;4095;4062;4095;4095
3;4095;4052;2166;4095
3;4095;4048;3821;4095
3;4095;4050;2480;4095
3;4095;4048;3886;4095
3;4095;4053;2554;4095
3;4095;4048;4022;4095
3;4095;4051;2371;4095
3;4095;4049;4095;4095
3;4095;4071;2381;4095
3;4095;4055;3853;4095
3;4095;4044;2775;4095
3;4095;4048;3439;4095
3;4095;4031;2579;4095
3;4095;4042;3104;4095
3;4095;4050;2959;4095
3;4095;4054;3166;4095
3;4095;4045;2839;4095
3;4095;4022;3226;4095
3;4095;4041;2731;4095
3;4095;4043;3312;4095
3;4095;4048;2572;4095
3;4095;4055;3393;4095
3;4095;4048;2605;4095
3;3994;4051;3504;4095
3;4095;4045;2571;4095
4;4095;4048;3553;4095
4;4095;4061;2582;4095
4;4095;4050;3691;4095
4;4095;4059;2604;4095
4;4095;4048;3731;4095
4;4095;4053;2403;4095
4;4095;4053;3858;4095
4;4095;4050;2335;4095
4;4095;4047;3494;4095
4;4095;4050;2416;4095
4;4095;4047;3632;4095
4;4095;4063;2416;4095
4;4095;4051;3710;4095
4;4095;4053;2338;4095
4;4095;4049;3833;4095
4;4095;4050;2426;4095
4;4095;4060;3904;4095
4;4095;4051;2399;4095
4;4095;4051;3452;4095
4;4095;4050;2571;4095
4;4095;4059;3549;4095
4;4095;4043;2511;4095
4;4095;4053;3632;4095
4;4095;4059;2463;4095
4;4095;4046;3665;4095
4;4095;4059;2346;4095
4;4095;4051;3153;4095
4;4095;4053;2901;4095
4;4095;4043;2800;4095
4;4095;4042;2835;4095
4;4095;4049;2943;4095
4;4095;4048;2672;4095
4;4095;4036;3035;4095
4;4095;4051;2742;4095
4;4095;4048;3151;4095
4;4095;4048;2572;4095
4;4095;4049;3246;4095
4;4095;4069;2812;4095
4;4095;4058;2870;4095
4;4095;4050;2793;4095
4;4095;4054;2925;4095
4;4095;4064;2807;4095
4;4095;4046;2977;4095
4;4095;4049;2637;4095
4;4095;4050;3003;4095
4;4095;4079;2942;4095
4;4095;4049;3010;4095
4;4095;4069;2683;4095
4;4095;4062;3043;4095
4;4095;4054;2666;4095
4;4095;4044;3159;4095
4;4095;4041;2512;4095
4;4095;4052;3262;4095
4;4095;4053;2524;4095
4;4095;4047;3313;4095
4;4095;4050;2409;4095
4;4095;4047;3415;4095
4;4095;4044;2275;4095
4;4095;4046;3540;4095
4;4095;4061;2021;4095
4;4095;4043;3646;4095
4;4095;4034;2020;4095
4;4095;4059;3778;4095
4;4095;4051;2058;4095
4;4095;4044;3869;4095
4;4095;4052;2053;4095
4;4095;4050;3952;4095
4;4095;4058;1936;4095
4;4095;4051;4092;4095
4;4095;4049;1991;4095
4;4095;4054;4095;4095
4;4095;4055;1623;4095
4;4095;4052;4095;4095
4;4095;4062;1562;4095
4;4095;4061;4095;4095
4;4095;4061;1364;4095
4;4095;4064;4095;4095
4;4095;4054;1295;4095
4;4095;4077;4095;4095
4;4095;4073;1287;4095
4;4095;4080;4095;4095
4;4095;4066;854;4095
4;4095;4095;4095;4095
4;4095;4076;702;4095
4;4095;4058;4095;4095
4;4095;4051;848;4095
4;4095;4080;4095;4095
4;4095;4084;804;4095
4;4095;4081;4095;4095
4;4095;4090;939;4095
4;4095;4081;4095;4095
4;4095;4079;992;4095
4;4095;4089;4095;4095
4;4095;4079;1189;4095
4;4095;4068;4095;4095
4;4095;4059;1297;4095
4;4095;4070;4095;4095
4;4095;4066;1451;4095
4;4095;4078;4095;4095
4;4095;4069;1069;4095
4;4095;4083;4095;4095
4;4095;4069;992;4095
4;4095;4095;4095;4095
4;4095;4079;1206;4095
4;4095;4075;4095;4095
4;4095;4073;1137;4095
4;4095;4060;4095;4095
4;4095;4064;1426;4095
4;4095;4080;4095;4095
4;4095;4073;1422;4095
4;4095;4075;4095;4095
4;4095;4071;1516;4095
4;4095;4064;4095;4095
4;4095;4075;1807;4095
4;4095;4048;3931;4095
4;4095;4078;2119;4095
4;4095;4061;3994;4095
4;4095;4065;1937;4095
4;4095;4063;4095;4095
4;4095;4062;1771;4095
4;4095;4048;3728;4095
4;4095;4048;1851;4095
4;4095;4061;3825;4095
4;4095;4055;1923;4095
4;4095;4062;3902;4095
4;4095;4061;1968;4095
4;4095;4060;3519;4095
4;4095;4063;2166;4095
4;4095;4061;3659;4095
4;4095;4061;2425;4095
4;4095;4058;3206;4095
4;4095;4064;2163;4095
4;4095;4048;2915;4095
4;4095;4060;2517;4095
4;4095;4063;2522;4095
4;4095;4067;2896;4095
4;4095;4060;2621;4095
4;4095;4067;2711;4095
4;4095;4058;2694;4095
4;4095;4062;2720;4095
4;4095;4053;2739;4095
4;4095;4060;2685;4095
4;4095;4054;2814;4095
4;4095;4055;2726;4095
4;4095;4071;2890;4095
4;4095;4056;2512;4095
4;4095;4037;2939;4095
4;4095;4035;2443;4095
4;4095;4023;3091;4095
4;4095;4025;2387;4095
4;4095;4035;2650;4095
4;4095;4030;2637;4095
4;4095;4044;2753;4095
4;4095;4037;2655;4095
4;4095;4029;2822;4095
4;4095;4016;2491;4095
4;4095;4018;2864;4095
4;4095;4031;2512;4095
4;4095;4029;2957;4095
4;4095;4031;2352;4095
4;4095;4035;3018;4095
4;4095;4026;1754;4095
4;4095;4036;3078;4095
4;4095;4032;1809;4095
4;4095;4034;3123;4095
4;4095;4027;1789;4095
4;4095;4031;3168;4095
4;4095;4041;1893;4095
4;4095;4028;3190;4095
4;4095;4022;1911;4095
4;4095;4031;2815;4095
4;4095;4048;2781;4095
4;4095;4015;2470;4095
4;4095;4035;2743;4095
4;4095;4065;1687;4095
4;4095;4071;3839;4095
4;4095;4036;1753;4095
4;4095;4059;3313;4095
4;4095;4047;1985;4095
4;4095;4080;4095;4095
4;4095;4061;1146;4095
4;4095;4066;4095;4095
4;4095;4075;1291;4095
4;4095;4069;4095;4095
4;4095;4048;1417;4095
4;4095;4052;4095;4095
4;4095;4048;1543;4095
4;4095;4070;4095;4095
4;4095;4065;1808;4095
4;4095;4047;4095;4095
4;4095;4067;2030;4095
4;4095;4059;4095;4095
4;4095;4041;2145;4095
4;4095;4066;4095;4095
4;4095;4054;2282;4095
4;4095;4048;3824;4095
4;4095;4035;2471;4095
4;4095;4059;3811;4095
4;4095;4031;2541;4095
4;4095;4035;3487;4095
4;4095;4034;2626;4095
4;4095;4029;3295;4095
4;4095;4056;2021;4095
4;4095;4045;4095;4095
4;4095;4047;1442;4095
4;4095;4084;4095;4095
4;4095;4080;1382;4095
4;4095;4050;4095;4095
4;4095;4043;1609;4095
4;4095;4054;4095;4095
4;4095;4044;1479;4095
4;4095;4095;4095;4095
4;4095;4043;1798;4095
4;4095;4026;4095;4095
4;4095;4030;2272;4095
4;4095;4029;3984;4095
4;4095;4030;2222;4095
4;4095;4023;4092;4095
4;4095;4028;2256;4095
4;4095;4029;4095;4095
4;4095;4047;2164;4095
4;4095;4047;4095;4095
4;4095;4039;2162;4095
4;4095;4029;4095;4095
4;4095;4037;1989;4095
4;4095;4045;4095;4095
4;4095;4035;1833;4095
4;4095;4016;4095;4095
4;4095;4039;1876;4095
4;4095;4042;4095;4095
4;4095;4039;2174;4095
4;4095;4046;4095;4095
4;4095;4044;2176;4095
4;4095;4048;4095;4095
4;4095;4018;2157;4095
4;4095;4039;4095;4095
4;4095;4053;2083;4095
4;4095;4051;4095;4095
4;4095;4042;1984;4095
4;4095;4051;4095;4095
4;4095;4050;2035;4095
4;4095;4058;4095;4095
4;4095;4039;1974;4095
4;4095;4064;4095;4095
4;4095;4050;1883;4095
4;4095;4048;4095;4095
4;4095;4030;1940;4095
4;4095;4054;4095;4095
4;4095;4068;1775;4095
4;4095;4074;4095;4095
4;4095;4062;1871;4095
4;4095;4081;4095;4095
4;4095;4067;1915;4095
4;4095;4081;4095;4095
4;4095;4048;1771;4095
4;4095;4071;4095;4095
4;4095;4064;1846;4095
4;4095;4080;4095;4095
4;4095;4063;1661;4095
4;4095;4069;4095;4095
4;4095;4075;1829;4095
4;4095;4080;4095;4095
4;4095;4074;1745;4095
4;4095;4081;4095;4095
4;4095;4080;1728;4095
4;4095;4074;4095;4095
4;4095;4094;1904;4095
4;4095;4073;4095;4095
4;4095;4053;1739;4095
4;4095;4067;4095;4095
4;4095;4048;1854;4095
4;4095;4066;4095;4095
4;4095;4073;1633;4095
4;4095;4092;4095;4095
4;4095;4067;1579;4095
4;4095;4081;4095;4095
4;4095;4073;1650;4095
4;4095;4070;4095;4095
4;4079;4060;1806;4095
4;4095;4074;4095;4095
4;4095;4059;1930;4095
4;4095;4085;4095;4095
4;4095;4071;1778;4095
4;4095;4067;4095;4095
5;4095;4076;1677;4095
5;4095;4080;4095;4095
5;4095;4065;1680;4095
5;4095;4070;4095;4095
5;4095;4080;1819;4095
5;4095;4046;4095;4095
5;4095;4056;1966;4095
5;4095;4062;4095;4095
5;4095;4067;1831;4095
5;4095;4059;4095;4095
5;4095;4061;1938;4095
5;4095;4069;4095;4095
5;4095;4064;1702;4095
5;4095;4053;4095;4095
5;4095;4037;1918;4095
5;4095;4053;4095;4095
5;4095;4053;1730;4095
5;4095;4048;4095;4095
5;4095;4029;2288;4095
5;4095;4053;4095;4095
5;4095;4027;2233;4095
5;4095;4035;4095;4095
5;4095;4032;2640;4095
5;4095;4031;3323;4095
5;4095;4029;2842;4095
5;4095;4027;3315;4095
5;4095;4029;2833;4095
5;4095;4029;3312;4095
5;4095;4016;2879;4095
5;4095;4028;3312;4095
5;4061;4030;3279;4095
5;4095;4028;2955;4095
5;4095;4004;3247;4095
5;4095;4021;3023;4095
5;4095;4019;3135;4095
5;4095;4030;3056;4095
5;4095;4039;3536;4095
5;4095;4043;2288;4095
5;4095;4042;4095;4095
5;4095;4042;2425;4095
5;4095;4048;4031;4095
5;4095;4048;2513;4095
5;4095;4039;3822;4095
5;4095;4067;1855;4095
5;4095;4080;4095;4095
5;4095;4066;1439;4095
5;4095;4081;4095;4095
5;4095;4075;1438;4095
5;4095;4083;4095;4095
5;4095;4078;1600;4095
5;4095;4055;4095;4095
5;4095;4059;1686;4095
5;4095;4063;4095;4095
5;4095;4054;1662;4095
5;4095;4064;4095;4095
5;4095;4047;1684;4095
5;4095;4095;4095;4095
5;4095;4061;1587;4095
5;4095;4050;4095;4095
5;4095;4059;1665;4095
5;4095;4067;4095;4095
5;4095;4035;1758;4095
5;4095;4063;4095;4095
5;4095;4032;1855;4095
5;4095;4058;4095;4095
5;4095;4049;1748;4095
5;4095;4054;4095;4095
5;4095;4061;1646;4095
5;4095;4058;4095;4095
5;4095;4049;1670;4095
5;4095;4053;4095;4095
5;4095;4065;1564;4095
5;4095;4061;4095;4095
5;4095;4042;1505;4095
5;4095;4068;4095;4095
5;4095;4058;1545;4095
5;4095;4070;4095;4095
5;4095;4075;1396;4095
5;4095;4071;4095;4095
5;4095;4080;1311;4095
5;4095;4064;4095;4095
5;4095;4081;1351;4095
5;4095;4087;4095;4095
5;4095;4067;1346;4095
5;4095;4065;4095;4095
5;4095;4055;1360;4095
5;4095;4059;4095;4095
5;4095;4065;1670;4095
5;4095;4046;4095;4095
5;4095;4030;1840;4095
5;4095;4043;4095;4095
5;4095;4035;2102;4095
5;4095;4037;4095;4095
5;4095;4029;1968;4095
5;4095;4048;4095;4095
5;4095;4032;2064;4095
5;4095;4030;4023;4095
5;4095;4033;2475;4095
5;4095;4030;4067;4095
5;4095;4035;2432;4095
5;4095;4038;4095;4095
5;4095;4030;2320;4095
5;4095;4042;4095;4095
5;4095;4035;2090;4095
5;4095;4047;4095;4095
5;4095;4041;2030;4095
5;4095;4059;4095;4095
5;4095;4034;2218;4095
5;4095;4045;4095;4095
5;4095;4042;2098;4095
5;4095;4037;4095;4095
5;4095;4045;2032;4095
5;4095;4036;4095;4095
5;4095;4055;1919;4095
5;4095;4037;4095;4095
5;4095;4030;1898;4095
5;4095;4050;4095;4095
5;4095;4039;1839;4095
5;4095;4039;4095;4095
5;4095;4046;1741;4095
5;4095;4055;4095;4095
5;4095;4033;1772;4095
5;4095;4016;4095;4095
5;4095;4039;1711;4095
5;4095;4063;4095;4095
5;4095;4050;1146;4095
5;4095;4053;4095;4095
5;4095;4018;941;4095
5;4095;4066;4095;4095
5;4095;4045;818;4095
5;4095;4067;4095;4095
5;4095;4070;797;4095
5;4095;4069;4095;4095
5;4095;4063;793;4095
5;4095;4076;4095;4095
5;4095;4071;790;4095
5;4095;4069;4095;4095
5;4095;4063;740;4095
5;4095;4080;4095;4095
5;4095;4067;717;4095
5;4095;4075;4095;4095
5;4095;4075;750;4095
5;4095;4090;4095;4095
5;4095;4069;883;4095
5;4095;4095;4095;4095
5;4095;4082;959;4095
5;4095;4075;4095;4095
5;4095;4061;1168;4095
5;4095;4091;4095;4095
5;4095;4081;784;4095
5;4095;4080;4095;4095
5;4095;4082;942;4095
5;4095;4080;4095;4095
5;4095;4080;1088;4095
5;4095;4079;4095;4095
5;4095;4067;887;4095
5;4095;4066;4095;4095
