1;4095;4067;4095;4095
1;4095;4075;1698;4095
1;4095;4095;4095;4095
1;4095;4083;1456;4095
1;4095;4084;4095;4095
1;4095;4082;1577;4095
1;4095;4080;4095;4095
1;4095;4093;1404;4095
1;4095;4071;4095;4095
1;4095;4063;1676;4095
1;4095;4083;4095;4095
1;4095;4047;1795;4095
1;4095;4058;4095;4095
1;4095;4055;1917;4095
1;4095;4075;4095;4095
1;4095;4066;1863;4095
1;4095;4038;4095;4095
1;4095;4061;1855;4095
1;4095;4049;4095;4095
1;4095;4057;1980;4095
1;4095;4077;4095;4095
1;4095;4039;1935;4095
1;4095;4038;4095;4095
1;4095;4060;1963;4095
1;4095;4051;4095;4095
1;4095;4061;1908;4095
1;4095;4053;4095;4095
1;4095;4037;2095;4095
1;4095;4057;4095;4095
1;4095;4044;2159;4095
1;4095;4048;4095;4095
1;4095;4046;2014;4095
1;4095;4031;4050;4095
1;4095;4034;2206;4095
1;4095;4048;3968;4095
1;4095;4032;2274;4095
1;4095;4043;3860;4095
1;4095;4039;2257;4095
1;4095;4035;3749;4095
1;4095;4037;2268;4095
1;4095;4034;3606;4095
1;4095;4067;2340;4095
1;4095;4031;3478;4095
1;4095;4033;2458;4095
1;4095;4033;3327;4095
1;4095;4038;2581;4095
1;4095;4032;3217;4095
1;4095;4048;2491;4095
1;4095;4018;3120;4095
1;4095;4044;2704;4095
1;4095;4038;2993;4095
1;4095;4036;2977;4095
1;4095;4039;2842;4095
1;4095;4047;3107;4095
1;4095;4049;2679;4095
1;4095;4061;3165;4095
1;4095;4050;2543;4095
1;4095;4063;3182;4095
1;4095;4050;2436;4095
1;4095;4059;3707;4095
1;4095;4059;2149;4095
1;4095;4076;4095;4095
1;4095;4065;1814;4095
1;4095;4088;4095;4095
1;4095;4069;1583;4095
1;4095;4071;4095;4095
1;4095;4080;1387;4095
1;4095;4077;4095;4095
1;4095;4082;1401;4095
1;4095;4095;4095;4095
1;4095;4091;1470;4095
1;4095;4095;4095;4095
1;4095;4053;1475;4095
1;4095;4087;4095;4095
1;4095;4078;1373;4095
1;4095;4093;4095;4095
1;4095;4086;1491;4095
1;4095;4081;4095;4095
1;4095;4075;1647;4095
1;4095;4077;4095;4095
1;4095;4063;1408;4095
1;4095;4072;4095;4095
1;4095;4069;1575;4095
1;4095;4071;4095;4095
1;4095;4049;1785;4095
1;4095;4066;4095;4095
1;4095;4031;1663;4095
1;4095;4062;4095;4095
1;4095;4038;1840;4095
1;4095;4059;4095;4095
1;4095;4048;1749;4095
1;4095;4048;4095;4095
1;4095;4051;1887;4095
1;4095;4061;4095;4095
1;4095;4044;1938;4095
1;4095;4048;4095;4095
1;4095;4037;2100;4095
1;4095;4040;3627;4095
1;4095;4048;2463;4095
1;4095;4026;3530;4095
1;4095;4039;2463;4095
1;4095;4046;2945;4095
1;4095;4058;3419;4095
1;4095;4054;2429;4095
1;4095;4065;3465;4095
1;4095;4055;2245;4095
1;4095;4054;4095;4095
1;4095;4083;1650;4095
1;4095;4079;4095;4095
1;4095;4086;1451;4095
1;4095;4087;4095;4095
1;4095;4079;1755;4095
1;4095;4091;4095;4095
1;4095;4086;1613;4095
1;4095;4075;4095;4095
1;4095;4069;1797;4095
1;4095;4093;4095;4095
1;4095;4069;1642;4095
1;4095;4075;4095;4095
1;4095;4063;1974;4095
1;4095;4069;4095;4095
1;4095;4055;1989;4095
1;4095;4045;4095;4095
1;4095;4053;1958;4095
1;4095;4032;4095;4095
1;4095;4049;2086;4095
1;4095;4062;4095;4095
1;4095;4048;2151;4095
1;4095;4049;4095;4095
1;4095;4043;2000;4095
1;4095;4031;4080;4095
1;4095;4032;2176;4095
1;4095;4048;3957;4095
1;4095;4029;2433;4095
1;4095;4029;3858;4095
1;4095;4029;2480;4095
1;4095;4029;3629;4095
1;4095;4037;2553;4095
1;4095;4032;3408;4095
1;4095;4042;2674;4095
1;4095;4034;3247;4095
1;4095;4048;3046;4095
1;4095;4039;2663;4095
1;4095;4058;3151;4095
1;4095;4055;2465;4095
1;4095;4061;3743;4095
1;4095;4053;2225;4095
1;4095;4065;4095;4095
1;4095;4083;1574;4095
1;4095;4089;4095;4095
1;4095;4085;1821;4095
1;4095;4071;4095;4095
1;4095;4087;1748;4095
1;4095;4068;4095;4095
1;4095;4061;1808;4095
1;4095;4071;4095;4095
1;4095;4053;1871;4095
1;4095;4041;4095;4095
1;4095;4067;1890;4095
1;4095;4032;4095;4095
1;4095;4033;2358;4095
1;4095;4039;3472;4095
1;4095;4047;2645;4095
1;4095;4048;3295;4095
1;4095;4041;2788;4095
1;4095;4038;3148;4095
1;4095;4034;2854;4095
1;4095;4033;2990;4095
1;4095;4035;3152;4095
1;4095;4033;2814;4095
1;4095;4048;3151;4095
1;4095;4047;2693;4095
1;4095;4048;3403;4095
1;4095;4061;2559;4095
1;4095;4059;3559;4095
1;4095;4058;2445;4095
1;4095;4054;3935;4095
1;4095;4060;2132;4095
1;4095;4065;4095;4095
1;4095;4055;1880;4095
1;4095;4091;4095;4095
1;4095;4034;1776;4095
1;4095;4075;4095;4095
1;4095;4074;1690;4095
1;4095;4084;4095;4095
1;4095;4081;1632;4095
1;4095;4095;4095;4095
1;4095;4083;1604;4095
1;4095;4080;4095;4095
1;4095;4077;1488;4095
1;4095;4080;4095;4095
1;4095;4067;1490;4095
1;4095;4080;4095;4095
1;4095;4068;1763;4095
1;4095;4054;4095;4095
1;4095;4053;1936;4095
1;4095;4043;4095;4095
1;4095;4042;2403;4095
1;4095;4042;3120;4095
1;4095;4050;3402;4095
1;4095;4059;2517;4095
1;4095;4050;3408;4095
1;4095;4052;2375;4095
1;4095;4057;3813;4095
1;4095;4070;1488;4095
1;4095;4093;4095;4095
1;4095;4071;1381;4095
1;4095;4077;4095;4095
1;4095;4065;1477;4095
1;4095;4095;4095;4095
1;4095;4031;1926;4095
1;4095;4075;4095;4095
1;4095;4049;1872;4095
1;4095;4054;4095;4095
1;4095;4047;1962;4095
1;4095;4047;4095;4095
1;4095;4032;2158;4095
1;4095;4034;4016;4095
1;4095;4027;2317;4095
1;4095;4040;3873;4095
1;4095;4036;2382;4095
1;4095;4048;3772;4095
1;4095;4033;2348;4095
1;4095;4043;3571;4095
1;4095;4048;2433;4095
1;4095;4048;3423;4095
1;4095;4042;2756;4095
1;4095;4047;3162;4095
1;4095;4030;2719;4095
1;4095;4035;3079;4095
1;4095;4034;2852;4095
1;4095;4046;2928;4095
1;4095;4051;3003;4095
1;4095;4048;2795;4095
1;4095;4032;3248;4095
1;4095;4050;2669;4095
1;4095;4051;3302;4095
1;4095;4054;2475;4095
1;4095;4048;3350;4095
1;4095;4050;2313;4095
1;4095;4051;4095;4095
1;4095;3963;2037;4095
1;4095;4051;4095;4095
1;4095;4058;1786;4095
1;4095;4072;4095;4095
1;4095;4074;1691;4095
1;4095;4071;4095;4095
1;4095;4080;1520;4095
1;4095;4095;4095;4095
1;4095;4079;1447;4095
1;4095;4095;4095;4095
1;4095;4095;1665;4095
1;4095;4095;4095;4095
1;4095;4080;1719;4095
1;4095;4080;4095;4095
1;4095;4084;1584;4095
1;4095;4080;4095;4095
1;4095;4081;1523;4095
1;4095;4090;4095;4095
1;4095;4071;1921;4095
1;4095;4053;4095;4095
1;4095;4071;1657;4095
1;4095;4065;4095;4095
1;4095;4071;1792;4095
1;4095;4044;4095;4095
1;4095;4067;1999;4095
1;4095;4074;4095;4095
1;4095;4057;1963;4095
1;4095;4055;4095;4095
1;4095;4046;2071;4095
1;4095;4045;4095;4095
1;4095;4048;2054;4095
1;4095;4048;4095;4095
1;4095;4050;2220;4095
1;4095;4055;4095;4095
1;4095;4041;2379;4095
1;4095;4039;3952;4095
1;4095;4048;2355;4095
1;4095;4034;3803;4095
1;4095;4034;2358;4095
1;4095;4037;3615;4095
1;4095;4037;2593;4095
1;4095;4062;3475;4095
1;4095;4043;2720;4095
1;4095;4042;3281;4095
1;4095;4038;2715;4095
1;4095;4036;3237;4095
1;4095;4041;2815;4095
1;4095;4036;3127;4095
1;4095;4043;2979;4095
1;4095;4044;2946;4095
1;4095;4055;2928;4095
1;4095;4037;2890;4095
1;4095;4045;3230;4095
1;4095;4055;2786;4095
1;4095;4069;3099;4095
1;4095;4035;2686;4095
1;4095;4037;3079;4095
1;4095;4046;2610;4095
1;4095;4053;3387;4095
1;4095;4055;2499;4095
1;4095;4050;3566;4095
1;4095;4068;2416;4095
1;4095;4095;3728;4095
1;4095;4067;2176;4095
1;4095;4067;4095;4095
1;4095;4050;2030;4095
1;4095;4070;4095;4095
1;4095;4069;1794;4095
1;4095;4065;4095;4095
1;4095;4061;1565;4095
1;4095;4089;4095;4095
1;4095;4080;1883;4095
1;4095;4095;4095;4095
1;4095;4070;1566;4095
1;4095;4083;4095;4095
1;4095;4061;1781;4095
1;4095;4064;4095;4095
1;4095;4047;1997;4095
1;4095;4062;4070;4095
2;4095;4064;2175;4095
2;4095;4054;3984;4095
2;4095;4038;2379;4095
2;4095;4033;3357;4095
2;4095;4042;2772;4095
2;4095;4046;3233;4095
2;4095;4045;2794;4095
2;4095;4032;3087;4095
2;4095;4042;2781;4095
2;4095;4042;2965;4095
2;4095;4048;3059;4095
2;4095;4066;2451;4095
2;4095;4052;4048;4095
2;4095;4049;2361;4095
2;4095;4074;4095;4095
2;4095;4048;2110;4095
2;4095;4048;4095;4095
2;4095;4065;2014;4095
2;4095;4080;4095;4095
2;4095;4087;1630;4095
2;4095;4087;4095;4095
2;4095;4093;1757;4095
2;4095;4087;4095;4095
2;4095;4069;1859;4095
2;4095;4045;4095;4095
2;4095;4048;2110;4095
2;4095;4054;4095;4095
2;4095;4038;2231;4095
2;4095;4048;4095;4095
2;4095;4054;2287;4095
2;4095;4048;4095;4095
2;4095;4051;2026;4095
2;4095;4048;4095;4095
2;4095;4047;2192;4095
2;4095;4046;4095;4095
2;4095;4035;2512;4095
2;4095;4047;3622;4095
2;4095;4036;2402;4095
2;4095;4016;3515;4095
2;4095;3974;2509;4095
2;4095;4048;3371;4095
2;4095;4036;2849;4095
2;4095;4050;3237;4095
2;4095;4030;2865;4095
2;4095;4047;3135;4095
2;4095;4046;3015;4095
2;4095;4042;3063;4095
2;4095;4034;2932;4095
2;4095;4047;3008;4095
2;4095;4044;2973;4095
2;4095;4043;3031;4095
2;4095;4058;3120;4095
2;4095;4034;2990;4095
2;4095;4043;2966;4095
2;4095;4050;2907;4095
2;4095;4059;3098;4095
2;4095;4055;2903;4095
2;4095;4037;3291;4095
2;4095;4054;2838;4095
2;4095;4048;2965;4095
2;4095;4050;2722;4095
2;4095;4050;3297;4095
2;4095;4061;2634;4095
2;4095;4046;3663;4095
2;4095;4063;2550;4095
2;4095;4054;3811;4095
2;4095;4037;2270;4095
2;4095;4065;4095;4095
2;4095;4066;1946;4095
2;4095;3999;4095;4095
2;4095;4069;1919;4095
2;4095;4083;4095;4095
2;4095;4062;1831;4095
2;4095;4095;4095;4095
2;4095;4067;1705;4095
2;4095;4087;4095;4095
2;4095;4079;1584;4095
2;4095;4083;4095;4095
2;4095;4079;1904;4095
2;4095;4078;4095;4095
2;4095;4081;1906;4095
2;4095;4066;4095;4095
2;4095;4063;2127;4095
2;4095;4079;4095;4095
2;4095;4044;1977;4095
2;4095;4048;3933;4095
2;4095;4048;2422;4095
2;4095;4035;3847;4095
2;4095;4053;2476;4095
2;4095;4043;3719;4095
2;4095;4042;2503;4095
2;4095;4034;3633;4095
2;4095;4039;2791;4095
2;4095;4045;3485;4095
2;4095;4045;2709;4095
2;4095;4037;3315;4095
2;4095;4041;2910;4095
2;4095;4031;3205;4095
2;4095;4037;2826;4095
2;4095;4048;3123;4095
2;4095;4050;2941;4095
2;4095;4053;3025;4095
2;4095;4044;2793;4095
2;4095;4047;2850;4095
2;4095;4061;3020;4095
2;4095;4048;2813;4095
2;4095;4052;3231;4095
2;4095;4057;2718;4095
2;4095;4046;3355;4095
2;4095;4063;2665;4095
2;4095;4046;3372;4095
2;4095;4061;2555;4095
2;4095;4066;3693;4095
2;4095;4079;2423;4095
2;4095;4051;3850;4095
2;4095;4058;2227;4095
2;4095;4080;4095;4095
2;4095;4048;1985;4095
2;4095;4080;4095;4095
2;4095;4071;1827;4095
2;4095;4080;4095;4095
2;4095;4080;1631;4095
2;4095;4081;4095;4095
2;4095;4086;1808;4095
2;4095;4095;4095;4095
2;4095;4085;1761;4095
2;4095;4087;4095;4095
2;4095;4095;1651;4095
2;4095;4095;4095;4095
2;4095;4094;1845;4095
2;4095;4077;4095;4095
2;4095;4080;1856;4095
2;4095;4092;4095;4095
2;4095;4086;1965;4095
2;4095;4077;4095;4095
2;4095;4091;1865;4095
2;4095;4086;4095;4095
2;4095;4077;1872;4095
2;4095;4070;4095;4095
2;4095;4061;1989;4095
2;4095;4077;4095;4095
2;4095;4055;1876;4095
2;4095;4086;4095;4095
2;4095;3988;2448;4095
2;4095;3989;4095;4095
2;4095;3990;2570;4095
2;4095;3971;4095;4095
2;4095;3969;2286;4095
2;4095;3981;4095;4095
2;4095;3969;2393;4095
2;4095;3975;4095;4095
2;4095;3984;2398;4095
2;4095;3991;4095;4095
2;4095;3975;2463;4095
2;4095;3984;4095;4095
2;4095;3991;2491;4095
2;4095;3989;4095;4095
2;4095;3968;2469;4095
2;4095;3975;4095;4095
2;4095;3972;2490;4095
2;4095;3979;4095;4095
2;4095;3980;2383;4095
2;4095;3983;4095;4095
2;4095;3977;2605;4095
2;4095;3969;4009;4095
2;4095;3954;2713;4095
2;4095;3967;3952;4095
2;4095;3959;2928;4095
2;4095;3966;3811;4095
2;4095;3968;2713;4095
2;4095;3989;3792;4095
2;4095;3969;2875;4095
2;4095;3969;3694;4095
2;4095;3955;2746;4095
2;4095;3965;3511;4095
2;4095;3974;2945;4095
2;4095;3959;3473;4095
2;4095;3978;3095;4095
2;4095;3963;3356;4095
2;4095;3977;3088;4095
2;4095;3965;3282;4095
2;4095;3964;2982;4095
2;4095;3973;3186;4095
2;4095;3984;3373;4095
2;4095;3968;3093;4095
2;4095;3974;3470;4095
2;4095;3989;3007;4095
2;4095;4015;3163;4095
2;4095;3999;2913;4095
2;4095;3971;3599;4095
2;4095;3986;2832;4095
2;4095;3961;3642;4095
2;4095;3975;2785;4095
2;4095;3989;3792;4095
2;4095;3975;2690;4095
2;4095;3955;4007;4095
2;4095;3977;2694;4095
2;4095;3984;3831;4095
2;4095;3984;2672;4095
2;4095;3985;4094;4095
2;4095;3967;2548;4095
2;4095;3984;4039;4095
2;4095;3984;2589;4095
2;4095;3986;4095;4095
2;4095;3981;2527;4095
2;4095;4003;4095;4095
2;4095;3984;2416;4095
2;4095;3994;4095;4095
2;4095;3997;2451;4095
2;4095;4003;4095;4095
2;4095;4014;2255;4095
2;4095;4016;4095;4095
2;4095;4001;2130;4095
2;4095;4000;4095;4095
2;4095;3988;2221;4095
2;4095;4009;4095;4095
2;4095;4011;1788;4095
2;4095;4017;4095;4095
2;4095;4016;2096;4095
2;4095;4016;4095;4095
2;4095;4016;2213;4095
2;4095;4011;4095;4095
2;4095;4015;1897;4095
2;4095;4016;4095;4095
2;4095;4014;2249;4095
2;4095;4005;4095;4095
2;4095;3978;1983;4095
2;4095;4007;4095;4095
2;4095;4009;2071;4095
2;4095;4019;4095;4095
2;4095;4010;2191;4095
2;4095;3989;4095;4095
3;4095;3999;2308;4095
3;4095;3986;4095;4095
3;4095;3966;2620;4095
3;4095;3953;3717;4095
3;4095;3977;3211;4095
3;4095;3970;2727;4095
3;4095;3984;3762;4095
3;4095;3984;2675;4095
3;4095;3980;3705;4095
3;4095;3994;2659;4095
3;4095;3984;4050;4095
3;4095;3999;2630;4095
3;4095;3986;3984;4095
3;4095;3984;2463;4095
3;4095;4002;4095;4095
3;4095;3991;2359;4095
3;4095;3984;4095;4095
3;4095;3992;2255;4095
3;4095;3994;4095;4095
3;4095;3998;2156;4095
3;4095;4000;4095;4095
3;4095;3998;2315;4095
3;4095;4018;4095;4095
3;4095;3997;1898;4095
3;4095;4014;4095;4095
3;4095;4006;1843;4095
3;4095;4027;4095;4095
3;4095;4015;1766;4095
3;4095;4026;4095;4095
3;4095;4016;1956;4095
3;4095;4024;4095;4095
3;4095;4019;1860;4095
3;4095;4023;4095;4095
3;4095;3992;2267;4095
3;4095;4026;4095;4095
3;4095;4025;2114;4095
3;4095;4024;4095;4095
3;4095;4011;2175;4095
3;4095;4017;4095;4095
3;4095;4027;1979;4095
3;4095;4013;4095;4095
3;4095;4017;1993;4095
3;4095;3990;4095;4095
3;4095;3983;2189;4095
3;4095;3984;4095;4095
3;4095;3974;2269;4095
3;4095;4029;4095;4095
3;4095;3984;2204;4095
3;4095;3993;4095;4095
3;4095;3974;2219;4095
3;4095;3971;4095;4095
3;4095;3972;2665;4095
3;4095;3980;3651;4095
3;4095;3971;3056;4095
3;4095;3967;3062;4095
3;4095;3968;3257;4095
3;4095;3970;2935;4095
3;4095;3968;3295;4095
3;4095;3979;2815;4095
3;4095;3982;3412;4095
3;4095;3982;2736;4095
3;4095;3984;3890;4095
3;4095;3982;2626;4095
3;4095;3984;4095;4095
3;4095;3984;2537;4095
3;4095;3986;3905;4095
3;4095;3984;2529;4095
3;4095;3994;4045;4095
3;4095;3989;2350;4095
3;4095;3991;4095;4095
3;4095;3981;2109;4095
3;4095;4000;4095;4095
3;4095;3994;2158;4095
3;4095;4015;4095;4095
3;4095;4014;2225;4095
3;4095;4010;4095;4095
3;4095;4027;1971;4095
3;4095;4007;4095;4095
3;4095;3997;1927;4095
3;4095;4029;4095;4095
3;4095;4016;2290;4095
3;4095;4022;4095;4095
3;4095;4021;2145;4095
3;4095;4047;4095;4095
3;4095;4022;2119;4095
3;4095;4018;4095;4095
3;4095;4016;1974;4095
3;4095;4020;4095;4095
3;4095;4016;1936;4095
3;4095;4028;4095;4095
3;4095;4006;2221;4095
3;4095;4016;4095;4095
3;4095;4010;1880;4095
3;4095;4019;4095;4095
3;4095;3993;1997;4095
3;4095;4034;4095;4095
3;4095;4015;2045;4095
3;4095;4016;4095;4095
3;4095;4002;1940;4095
3;4095;4012;4095;4095
3;4095;4010;2390;4095
3;4095;4000;4095;4095
3;4095;4006;2327;4095
3;4095;4005;4095;4095
3;4095;3998;2231;4095
3;4095;4001;4095;4095
3;4095;3961;2189;4095
3;4095;3982;4095;4095
3;4095;3974;2343;4095
3;4095;3982;4095;4095
3;4095;3979;2325;4095
3;4095;3967;4071;4095
3;4095;3970;2809;4095
3;4095;3970;3494;4095
3;4095;3963;2882;4095
3;4095;3983;2954;4095
3;4095;3977;3207;4095
3;4095;3979;2899;4095
3;4095;3975;3518;4095
3;4095;3981;2869;4095
3;4095;3979;3305;4095
3;4095;3982;2748;4095
3;4095;3979;3604;4095
3;4095;3984;2724;4095
3;4095;3982;3591;4095
3;4095;3997;2122;4095
3;4095;3992;4095;4095
3;4095;3994;2071;4095
3;4095;4010;4095;4095
3;4095;3996;2317;4095
3;4095;4002;4095;4095
3;4095;4002;1776;4095
3;4095;4022;4095;4095
3;4095;4019;1577;4095
3;4095;4025;4095;4095
3;4095;4016;1744;4095
3;4095;4016;4095;4095
3;4095;3997;1857;4095
3;4095;4018;4095;4095
3;4095;4011;2076;4095
3;4095;3988;4095;4095
3;4095;3977;2158;4095
3;4095;3982;4095;4095
3;4095;3984;2255;4095
3;4095;3973;4095;4095
3;4095;3983;2437;4095
3;4095;3984;4095;4095
3;4095;3979;2339;4095
3;4095;3959;4095;4095
3;4095;3971;2098;4095
3;4095;3984;4095;4095
3;4095;4001;2443;4095
3;4095;3982;4095;4095
3;4095;3973;2527;4095
3;4095;3974;4095;4095
3;4095;3975;2507;4095
3;4095;3973;4084;4095
3;4095;3987;2482;4095
3;4095;3972;4049;4095
3;4095;3975;2624;4095
3;4095;3974;4018;4095
3;4095;3974;2566;4095
3;4095;3983;3973;4095
3;4095;3991;2493;4095
3;4095;3983;3862;4095
3;4095;3970;2583;4095
3;4095;3962;3809;4095
3;4095;3974;2654;4095
3;4095;3969;3760;4095
3;4095;3952;2668;4095
3;4095;3971;3643;4095
3;4095;3971;2855;4095
3;4095;3972;3579;4095
3;4095;3974;2845;4095
3;4095;3973;3500;4095
3;4095;3962;2694;4095
3;4095;3957;3419;4095
3;4095;3975;3013;4095
3;4095;3981;2640;4095
3;4095;3978;3583;4095
3;4095;3980;2594;4095
3;4095;3984;3684;4095
3;4095;3987;2669;4095
3;4095;3975;3744;4095
3;4095;3964;2523;4095
3;4095;3998;3925;4095
3;4095;3985;2512;4095
3;4095;3973;3831;4095
3;4095;4000;2542;4095
3;4095;3984;4095;4095
3;4095;3982;2398;4095
3;4095;4005;4095;4095
3;4095;3973;2253;4095
3;4095;3993;4095;4095
3;4095;3997;2335;4095
3;4095;3999;4095;4095
3;4095;3993;2237;4095
3;4095;4016;4095;4095
3;4095;3991;2374;4095
3;4095;3984;4095;4095
3;4095;3985;2157;4095
3;4095;4005;4095;4095
3;4095;3988;2043;4095
3;4095;4002;4095;4095
3;4095;3998;2065;4095
3;4095;4003;4095;4095
3;4095;3990;2029;4095
3;4095;4003;4095;4095
3;4095;3967;1973;4095
3;4095;3995;4095;4095
3;4095;3993;1921;4095
3;4095;4005;4095;4095
3;4095;3999;1793;4095
3;4095;4027;4095;4095
3;4095;4031;1963;4095
3;4095;4029;4095;4095
3;4095;4008;1763;4095
3;4095;4049;4095;4095
3;4095;4021;2032;4095
3;4095;4031;4095;4095
3;4095;4017;2055;4095
3;4095;4032;4095;4095
3;4095;4018;1701;4095
3;4095;4024;4095;4095
3;4095;4041;1906;4095
3;4095;4016;4095;4095
3;4095;4016;1934;4095
3;4095;4016;4095;4095
3;4095;4000;2301;4095
3;4095;4016;4095;4095
3;4095;4016;1897;4095
3;4095;4018;4095;4095
3;4095;4010;1821;4095
3;4095;4016;4095;4095
3;4095;4023;1847;4095
3;4095;4010;4095;4095
3;4095;3998;1891;4095
3;4095;4019;4095;4095
3;4095;4048;2063;4095
3;4095;4021;4095;4095
4;4095;4016;2092;4095
4;4095;4024;4095;4095
4;4095;4003;1838;4095
4;4095;4007;4095;4095
4;4095;3979;2163;4095
4;4095;4001;4095;4095
4;4095;3984;2290;4095
4;3963;3985;4095;4095
4;4095;3975;2723;4095
4;4095;3968;3620;4095
4;4095;3973;2674;4095
4;4095;3965;3594;4095
4;4095;3994;2720;4095
4;4095;3975;3521;4095
4;4095;3974;2875;4095
4;4095;3973;3442;4095
4;4095;3979;2679;4095
4;4095;3967;3365;4095
4;4095;3966;2778;4095
4;4095;3965;3290;4095
4;4095;3965;2913;4095
4;4095;3971;3248;4095
4;4095;3971;2831;4095
4;4095;3984;3226;4095
4;4095;3958;2855;4095
4;4095;3969;3172;4095
4;4095;3967;2928;4095
4;4095;3978;3123;4095
4;4095;3969;3004;4095
4;4095;3978;3133;4095
4;4095;3966;2903;4095
4;4095;3975;3056;4095
4;4095;3979;3049;4095
4;4095;3978;3021;4095
4;4095;3968;3035;4095
4;4095;3904;3007;4095
4;4095;3978;3099;4095
4;4095;3984;2954;4095
4;4095;3970;3024;4095
4;4095;3979;2896;4095
4;4095;3970;3129;4095
4;4095;3969;2832;4095
4;4095;3983;3719;4095
4;4095;3987;2401;4095
4;4095;3935;3777;4095
4;4095;3984;2458;4095
4;4095;3987;4095;4095
4;4095;3986;2347;4095
4;4095;3987;4095;4095
4;4095;3986;2325;4095
4;4095;4004;4095;4095
4;4095;4016;2059;4095
4;4095;4039;4095;4095
4;4095;4003;2031;4095
4;4095;3991;4095;4095
4;4095;3987;2270;4095
4;4095;3969;4095;4095
4;4095;3991;2138;4095
4;4095;4002;4095;4095
4;4095;3978;2288;4095
4;4095;3999;4095;4095
4;4095;3966;2305;4095
4;4095;3985;4095;4095
4;4095;3982;2219;4095
4;4095;3977;4095;4095
4;4095;3982;2206;4095
4;4095;3984;4095;4095
4;4095;3982;2238;4095
4;4095;3980;4095;4095
4;4095;3978;2112;4095
4;4095;3983;4095;4095
4;4095;3978;2433;4095
4;4095;3979;4095;4095
4;4095;3973;2640;4095
4;4095;3967;4095;4095
4;4095;3977;2246;4095
4;4095;3986;4095;4095
4;4095;3958;2237;4095
4;4095;3986;4095;4095
4;4095;3977;2371;4095
4;4095;3975;4095;4095
4;4095;3973;2387;4095
4;4095;3970;4066;4095
4;4095;3979;2697;4095
4;4095;3977;4030;4095
4;4095;3968;2443;4095
4;4095;3982;3983;4095
4;4095;3983;2423;4095
4;4095;3979;3985;4095
4;4095;3971;2585;4095
4;4095;3969;3922;4095
4;4095;3973;2670;4095
4;4095;3984;3891;4095
4;4095;3968;2678;4095
4;4095;3968;3824;4095
4;4095;3970;2759;4095
4;4095;3968;3797;4095
4;4095;3979;2535;4095
4;4095;3968;3779;4095
4;4095;3953;2500;4095
4;4095;3977;3728;4095
4;4095;3967;2624;4095
4;4095;3967;3643;4095
4;4095;3955;2615;4095
4;4095;3973;3623;4095
4;4095;3968;2701;4095
4;4095;3979;3598;4095
4;4095;3967;2881;4095
4;4095;3967;3522;4095
4;4095;3974;2786;4095
4;4095;3981;3470;4095
4;4095;3970;2855;4095
4;4095;3963;3431;4095
4;4095;3975;2913;4095
4;4095;3970;3315;4095
4;4095;3972;2886;4095
4;4095;3969;3229;4095
4;4095;3967;2970;4095
4;4095;3966;3213;4095
4;4095;3957;2848;4095
4;4095;3974;3181;4095
4;4095;3982;2927;4095
4;4095;3967;3168;4095
4;4095;3983;3006;4095
4;4095;3959;3210;4095
4;4095;3970;3111;4095
4;4095;3975;3152;4095
4;4095;3983;3045;4095
4;4095;3965;3166;4095
4;4095;3976;3069;4095
4;4095;3975;3185;4095
4;4095;3973;2942;4095
4;4095;3984;3150;4095
4;4095;3968;2906;4095
4;4095;3965;3167;4095
4;4095;3967;3174;4095
4;4095;3969;3170;4095
4;4095;3973;2974;4095
4;4095;3974;3127;4095
4;4095;3985;2960;4095
4;4095;3971;3105;4095
4;4095;3972;3123;4095
4;4095;3975;3099;4095
4;4095;3961;3104;4095
4;4095;3962;3113;4095
4;4095;3974;3133;4095
4;4095;3971;3058;4095
4;4095;3952;2969;4095
4;4095;3975;3085;4095
4;4095;3962;2963;4095
4;4095;3972;3107;4095
4;4095;3969;2987;4095
4;4095;3979;3136;4095
4;4095;3979;3234;4095
4;4095;3975;3131;4095
4;4095;3973;3043;4095
4;4095;3952;3123;4095
4;4095;3982;3090;4095
4;4095;3968;3191;4095
4;4095;3977;2992;4095
4;4095;3978;3180;4095
4;4095;3973;3041;4095
4;4095;3977;3093;4095
4;4095;3985;3087;4095
4;4095;3967;3037;4095
4;4095;3971;3088;4095
4;4095;3973;3083;4095
4;4095;3973;3040;4095
4;4095;3974;3065;4095
4;4095;3968;3026;4095
4;4095;3978;3104;4095
4;4095;3968;3150;4095
4;4095;3973;3120;4095
4;4095;3979;3462;4095
4;4095;3979;2697;4095
4;4095;3979;3459;4095
4;4095;3983;2735;4095
4;4095;3985;3415;4095
4;4095;3966;2693;4095
4;4095;3968;3612;4095
4;4095;3977;2691;4095
4;4095;3984;3491;4095
4;4095;3978;2724;4095
4;4095;3989;3709;4095
4;4095;3983;2659;4095
4;4095;3978;3521;4095
4;4095;3968;2638;4095
4;4095;3983;3445;4095
4;4095;3984;2658;4095
4;4095;3984;3633;4095
4;4095;3950;2619;4095
4;4095;3969;3965;4095
4;4095;3984;2659;4095
4;4095;4003;4095;4095
4;4095;3995;2192;4095
4;4095;4032;4095;4095
4;4095;3995;1909;4095
4;4095;4020;4095;4095
4;4095;4010;2014;4095
4;4095;4016;4095;4095
4;4095;4001;1931;4095
4;4095;4021;4095;4095
4;4095;4000;1825;4095
4;4095;4026;4095;4095
4;4095;3984;2058;4095
4;4095;4016;4095;4095
4;4095;4003;2059;4095
4;4095;4004;4095;4095
4;4095;4003;1983;4095
4;4095;4016;4095;4095
4;4095;3993;1969;4095
4;4095;4026;4095;4095
4;4095;3981;1946;4095
4;4095;3985;4095;4095
4;4095;4010;1991;4095
4;4095;4023;4095;4095
4;4095;4014;1908;4095
4;4095;4002;4095;4095
4;4095;3995;1931;4095
4;4095;4013;4095;4095
4;4095;4007;2059;4095
4;4095;4007;4095;4095
4;4095;3990;2131;4095
4;4095;3999;4095;4095
4;4095;4007;2006;4095
4;4095;4015;4095;4095
4;4095;3986;2021;4095
4;4095;4013;4095;4095
4;4095;3984;2265;4095
4;4095;3995;4095;4095
4;4095;3991;2243;4095
4;4095;3995;4095;4095
4;4095;3982;2448;4095
4;4095;3996;4095;4095
4;4095;3987;2393;4095
4;4095;3986;4095;4095
4;4095;3990;2568;4095
4;4095;4002;4095;4095
4;4095;3984;2243;4095
4;4095;3965;4095;4095
4;4095;3984;2421;4095
4;4095;3979;4095;4095
4;4095;3983;2256;4095
4;4095;3989;4095;4095
4;4095;3986;2341;4095
4;4095;3983;4095;4095
4;4095;3987;2226;4095
4;4095;3995;4095;4095
4;4095;3981;2387;4095
4;4095;3983;4095;4095
4;4095;3984;2448;4095
4;4095;3979;4095;4095
4;4095;3984;2643;4095
4;4095;3979;4095;4095
4;4095;3977;2305;4095
4;4095;3979;4095;4095
4;4095;3973;2432;4095
4;4095;3980;4095;4095
4;4095;3971;2730;4095
4;4095;3966;4095;4095
4;4095;3971;2530;4095
4;4095;3977;4048;4095
4;4095;3977;2815;4095
4;4095;3978;3999;4095
4;4095;3975;2527;4095
4;4095;3970;3927;4095
4;4095;3958;2801;4095
4;4095;3978;3808;4095
4;4095;3970;2599;4095
4;4095;3969;3767;4095
4;4095;3967;2959;4095
4;4095;3970;3654;4095
4;4095;3969;2921;4095
4;4095;3966;3569;4095
4;4095;3965;2758;4095
4;4095;3973;3483;4095
4;4095;3969;2807;4095
4;4095;3974;2989;4095
4;4095;3976;3264;4095
4;4095;3980;2551;4095
4;4095;3985;3629;4095
4;4095;3986;2544;4095
4;4095;3993;4038;4095
4;4095;3968;2611;4095
5;4095;3985;4095;4095
5;4095;3999;1943;4095
5;4095;4017;4095;4095
5;4095;4013;1808;4095
5;4095;4022;4095;4095
5;4095;4022;1707;4095
5;4095;4026;4095;4095
5;4095;4035;2106;4095
5;4095;4031;4095;4095
5;4095;4026;1789;4095
5;4095;4055;4095;4095
5;4095;3988;1743;4095
5;4095;4004;4095;4095
5;4095;4005;2014;4095
5;4095;3991;4095;4095
5;4095;3990;1961;4095
5;4095;3983;4095;4095
5;4095;3975;2059;4095
5;4095;3984;4095;4095
5;4095;3982;2127;4095
5;4095;3974;4095;4095
5;4095;3984;2612;4095
5;4095;3969;4095;4095
5;4095;3982;2385;4095
5;4095;3984;4086;4095
5;4095;3981;2688;4095
5;4095;3976;4040;4095
5;4095;3971;2260;4095
5;4095;3970;4013;4095
5;4095;3988;2525;4095
5;4095;3978;3968;4095
5;4095;3966;2614;4095
5;4095;3963;3883;4095
5;4095;3968;2766;4095
5;4095;3969;3888;4095
5;4095;3952;2654;4095
5;4095;3969;3856;4095
5;4095;3974;2973;4095
5;4095;3979;3755;4095
5;4095;3970;2660;4095
5;4095;3980;3593;4095
5;4095;3984;2903;4095
5;4095;3981;3455;4095
5;4095;3975;2768;4095
5;4095;3982;3349;4095
5;4095;3979;2886;4095
5;4095;3969;3209;4095
5;4095;3973;3205;4095
5;4095;3972;3184;4095
5;4095;3977;3058;4095
5;4095;3974;3088;4095
5;4095;3971;3215;4095
5;4095;3969;2986;4095
5;4095;3981;3306;4095
5;4095;3974;2879;4095
5;4095;3977;3525;4095
5;4095;3962;2833;4095
5;4095;3984;3216;4095
5;4095;3979;2768;4095
5;4095;3982;3354;4095
5;4095;3984;2672;4095
5;4095;3990;3611;4095
5;4095;3982;2656;4095
5;4095;3975;3777;4095
5;4095;3984;2576;4095
5;4095;3987;3649;4095
5;4095;3989;2526;4095
5;4095;3984;3812;4095
5;4095;3984;2418;4095
5;4095;3984;4095;4095
5;4095;3993;2320;4095
5;4095;3999;4095;4095
5;4095;3997;1956;4095
5;4095;4002;4095;4095
5;4095;4009;1955;4095
5;4095;4021;4095;4095
5;4095;3991;1834;4095
5;4095;4022;4095;4095
5;4095;3982;1690;4095
5;4095;4023;4095;4095
5;4095;4019;1931;4095
5;4095;4018;4095;4095
5;4095;4016;1794;4095
5;4095;4026;4095;4095
5;4095;4021;1661;4095
5;4095;4023;4095;4095
5;4095;4015;1999;4095
5;4095;4036;4095;4095
5;4095;4022;1742;4095
5;4095;4025;4095;4095
5;4095;4019;1804;4095
5;4095;4006;4095;4095
5;4095;3998;2032;4095
5;4095;3995;4095;4095
5;4095;4011;1729;4095
5;4095;3987;4095;4095
5;4095;4015;2095;4095
5;4095;4002;4095;4095
5;4095;4007;2061;4095
5;4095;3999;4095;4095
5;4095;4004;2046;4095
5;4095;4015;4095;4095
5;4095;4007;2186;4095
5;4095;4002;4095;4095
5;4095;3993;2099;4095
5;4095;3982;4095;4095
5;4095;3999;2097;4095
5;4095;3993;4095;4095
5;4095;3988;2043;4095
5;4095;4017;4095;4095
5;4095;3990;2447;4095
5;4095;3984;4095;4095
5;4095;4007;2277;4095
5;4095;3990;4095;4095
5;4095;3972;2245;4095
5;4095;3984;4095;4095
5;4095;3989;2185;4095
5;4095;3995;4095;4095
5;4095;3968;2434;4095
5;4095;3986;4095;4095
5;4095;3987;2268;4095
5;4095;3982;3920;4095
5;4095;3959;2496;4095
5;4095;3970;3824;4095
5;4095;3963;2771;4095
5;4095;3955;3706;4095
5;4095;3975;3094;4095
5;4095;3979;3136;4095
5;4095;3964;3088;4095
5;4095;3979;2993;4095
5;4095;3979;3210;4095
5;4095;3988;2653;4095
5;4095;4000;4095;4095
5;4095;3987;2541;4095
5;4095;4007;4095;4095
5;4095;4016;2070;4095
5;4095;4022;4095;4095
5;4095;4018;1954;4095
5;4095;4018;4095;4095
5;4095;4019;2157;4095
5;4095;4026;4095;4095
5;4095;4022;1962;4095
5;4095;4029;4095;4095
5;4095;4003;1809;4095
5;4095;4025;4095;4095
5;4095;4023;2069;4095
5;4095;4016;4095;4095
5;4095;4027;1840;4095
5;4095;4031;4095;4095
5;4095;4015;1906;4095
5;4095;4017;4095;4095
5;4095;4016;2083;4095
5;4095;4016;4095;4095
5;4095;4003;2039;4095
5;4095;3985;4095;4095
5;4095;3993;2126;4095
5;4095;4005;4095;4095
