5;3390;3554;3654;3673
5;3390;3542;3649;3665
5;3388;3537;3647;3669
5;3386;3537;3639;3663
5;3391;3539;3649;3671
5;3389;3537;3641;3667
5;3393;3546;3648;3677
5;3387;3537;3649;3668
5;3390;3536;3648;3677
5;3387;3548;3646;3666
5;3388;3542;3650;3669
5;3385;3541;3649;3671
5;3386;3541;3648;3669
5;3377;3536;3645;3664
5;3391;3541;3643;3679
5;3382;3537;3649;3655
5;3382;3539;3654;3677
5;3381;3536;3648;3674
5;3385;3542;3654;3674
5;3383;3539;3648;3667
5;3387;3536;3662;3669
5;3383;3539;3651;3664
5;3389;3539;3655;3676
5;3390;3541;3645;3671
5;3394;3550;3658;3677
5;3390;3539;3649;3673
5;3391;3543;3653;3675
5;3392;3546;3655;3676
5;3387;3538;3648;3678
5;3385;3538;3652;3675
5;3389;3543;3648;3675
5;3390;3542;3653;3677
5;3393;3542;3658;3683
