5;3423;3591;3705;3728
5;3419;3576;3689;3719
5;3424;3594;3693;3723
5;3416;3575;3696;3720
5;3423;3575;3709;3731
5;3421;3579;3691;3723
5;3421;3580;3697;3730
5;3419;3583;3683;3722
5;3425;3583;3696;3728
5;3425;3582;3696;3731
5;3426;3591;3703;3735
5;3430;3597;3701;3745
5;3423;3596;3713;3731
5;3425;3598;3707;3738
5;3437;3598;3718;3745
5;3429;3600;3701;3743
5;3441;3598;3713;3747
5;3431;3595;3718;3748
5;3433;3600;3712;3743
5;3433;3606;3712;3733
5;3440;3600;3716;3743
5;3429;3600;3705;3733
5;3427;3601;3708;3734
5;3431;3593;3697;3733
5;3429;3593;3699;3735
5;3418;3590;3697;3728
5;3435;3593;3696;3738
5;3431;3591;3701;3735
5;3433;3595;3701;3741
5;3436;3599;3711;3737
5;3438;3598;3725;3745
5;3430;3598;3709;3749
5;3440;3602;3722;3758
