1;3286;3029;3891;4031
1;3286;3026;3883;4021
1;3282;3025;3886;4019
1;3283;3025;3888;4030
1;3282;3025;3888;4016
1;3283;3025;3888;4029
1;3281;3025;3887;4021
1;3281;3026;3885;4023
1;3283;3023;3881;4028
1;3286;3026;3889;4027
1;3289;3026;3889;4025
1;3282;3024;3879;4029
1;3284;3025;3883;4023
1;3282;3025;3883;4021
1;3280;3026;3881;4023
1;3289;3024;3889;4023
1;3283;3024;3885;4021
1;3282;3024;3888;4023
1;3285;3026;3888;4023
1;3291;3029;3888;4027
1;3290;3030;3890;4039
1;3291;3026;3886;4027
1;3287;3031;3882;4031
1;3298;3030;3891;4035
1;3294;3033;3891;4031
1;3295;3029;3893;4032
1;3293;3030;3895;4031
1;3294;3031;3900;4024
1;3286;3029;3892;4021
1;3290;3031;3896;4027
1;3295;3031;3890;4035
1;3292;3027;3889;4030
1;3291;3030;3892;4039
1;3293;3030;3894;4027
1;3294;3030;3898;4029
1;3290;3028;3894;4030
1;3293;3031;3898;4027
1;3295;3038;3895;4030
1;3297;3032;3891;4033
1;3295;3039;3899;4031
1;3295;3039;3900;4028
1;3294;3030;3898;4031
1;3295;3033;3903;4028
1;3297;3035;3892;4034
1;3297;3035;3901;4027
1;3298;3035;3892;4031
1;3295;3038;3898;4041
1;3294;3037;3892;4035
1;3295;3040;3888;4037
1;3297;3037;3897;4046
1;3295;3035;3895;4030
1;3293;3038;3892;4034
1;3297;3033;3893;4032
1;3295;3036;3903;4035
1;3291;3034;3895;4033
1;3293;3033;3898;4032
1;3293;3033;3887;4041
1;3293;3031;3892;4039
1;3297;3033;3901;4038
1;3296;3036;3894;4042
1;3295;3030;3891;4031
1;3297;3034;3898;4035
1;3294;3035;3897;4023
1;3293;3029;3895;4047
1;3295;3036;3894;4034
1;3297;3035;3888;4038
1;3295;3038;3892;4037
1;3293;3039;3891;4030
1;3295;3038;3901;4032
1;3297;3036;3891;4032
1;3299;3039;3903;4029
1;3297;3044;3889;4039
1;3298;3044;3903;4029
1;3295;3039;3900;4029
1;3295;3039;3890;4031
1;3299;3045;3900;4031
1;3301;3039;3888;4029
1;3297;3033;3890;4032
1;3295;3037;3895;4034
1;3295;3036;3898;4034
1;3296;3035;3897;4038
1;3295;3032;3891;4037
1;3296;3031;3890;4039
1;3293;3033;3893;4029
1;3294;3035;3902;4039
1;3293;3035;3895;4037
1;3295;3037;3894;4032
1;3293;3034;3895;4033
1;3297;3031;3897;4039
1;3299;3033;3897;4033
1;3286;3031;3890;4034
1;3296;3034;3895;4043
1;3301;3037;3899;4035
1;3298;3039;3892;4043
1;3301;3033;3893;4032
1;3299;3041;3904;4038
1;3301;3034;3898;4041
1;3299;3040;3897;4030
1;3299;3040;3895;4033
1;3302;3038;3909;4035
1;3297;3039;3894;4031
1;3295;3041;3895;4043
1;3301;3040;3904;4049
1;3303;3039;3901;4036
1;3302;3041;3899;4031
1;3301;3041;3899;4036
1;3302;3040;3899;4033
1;3307;3043;3903;4035
1;3302;3042;3903;4039
1;3299;3043;3893;4044
1;3305;3042;3905;4045
1;3300;3043;3898;4038
1;3305;3045;3905;4048
1;3297;3037;3901;4034
1;3297;3035;3903;4032
1;3300;3040;3904;4038
1;3299;3034;3893;4036
1;3300;3033;3906;4033
1;3296;3033;3905;4036
1;3297;3027;3894;4046
1;3295;3026;3897;4038
1;3294;3031;3890;4029
1;3293;3031;3908;4033
1;3293;3032;3893;4035
1;3291;3029;3895;4037
1;3291;3029;3896;4029
1;3288;3026;3897;4038
1;3287;3029;3898;4033
1;3285;3027;3895;4031
1;3292;3027;3891;4031
1;3303;3027;3895;4027
1;3307;3029;3904;4032
1;3310;3031;3898;4035
1;3313;3031;3897;4041
1;3318;3035;3902;4032
1;3317;3037;3905;4034
1;3319;3038;3913;4046
1;3315;3031;3904;4039
1;3313;3029;3904;4036
1;3312;3031;3899;4040
1;3312;3032;3902;4030
1;3312;3031;3899;4027
1;3313;3034;3892;4037
1;3313;3024;3895;4034
1;3313;3031;3905;4034
1;3312;3031;3903;4038
1;3316;3031;3896;4038
1;3316;3031;3891;4032
1;3312;3030;3906;4037
1;3312;3027;3901;4038
1;3312;3037;3891;4037
1;3324;3036;3907;4035
1;3315;3034;3903;4036
1;3318;3030;3903;4032
1;3315;3034;3895;4034
1;3315;3034;3905;4034
1;3315;3033;3902;4045
1;3315;3034;3905;4036
1;3312;3030;3903;4047
1;3315;3031;3898;4047
1;3317;3033;3898;4042
1;3312;3024;3907;4029
1;3312;3034;3901;4038
1;3312;3029;3899;4032
1;3313;3025;3893;4034
1;3312;3023;3888;4023
1;3311;3024;3889;4031
1;3310;3025;3888;4023
1;3304;3024;3882;4032
1;3308;3024;3887;4027
1;3309;3024;3891;4039
1;3306;3023;3889;4026
1;3307;3024;3900;4027
1;3303;3024;3887;4023
1;3306;3024;3889;4030
1;3307;3024;3883;4023
1;3303;3024;3889;4040
1;3299;3024;3895;4034
1;3310;3024;3890;4038
1;3306;3027;3888;4029
1;3309;3021;3888;4030
1;3310;3024;3891;4031
1;3307;3022;3888;4041
1;3307;3022;3888;4032
1;3311;3022;3898;4028
1;3306;3021;3889;4023
1;3305;3022;3888;4031
1;3307;3024;3888;4027
1;3307;3024;3891;4026
1;3309;3024;3889;4025
1;3308;3024;3899;4030
1;3303;3024;3897;4031
1;3309;3024;3895;4034
1;3308;3024;3888;4035
1;3307;3024;3888;4033
1;3307;3022;3895;4042
1;3311;3025;3901;4033
1;3312;3024;3892;4031
1;3312;3024;3894;4029
1;3309;3024;3895;4026
1;3310;3024;3893;4027
1;3310;3024;3904;4027
1;3310;3019;3895;4032
1;3309;3024;3897;4038
1;3309;3024;3889;4030
1;3311;3024;3893;4034
1;3310;3027;3893;4036
1;3309;3024;3899;4031
1;3307;3025;3889;4038
1;3307;3022;3890;4032
1;3309;3023;3894;4034
1;3310;3024;3895;4026
1;3307;3024;3889;4039
1;3309;3024;3888;4032
1;3312;3024;3897;4039
1;3309;3024;3889;4028
1;3312;3024;3891;4029
1;3313;3024;3894;4031
1;3311;3024;3898;4041
1;3311;3026;3900;4048
1;3315;3024;3899;4047
1;3312;3024;3894;4032
1;3312;3026;3891;4027
1;3313;3027;3895;4031
1;3315;3027;3898;4046
1;3313;3025;3888;4032
1;3312;3026;3901;4043
1;3313;3025;3898;4041
1;3312;3027;3895;4034
1;3312;3026;3900;4037
1;3312;3024;3897;4043
1;3312;3027;3897;4030
1;3311;3026;3907;4034
1;3310;3029;3901;4034
1;3312;3024;3891;4041
1;3307;3024;3892;4034
1;3310;3026;3891;4035
1;3309;3025;3901;4034
1;3307;3025;3903;4043
1;3308;3024;3889;4038
1;3309;3024;3891;4030
1;3308;3024;3897;4031
1;3309;3019;3891;4033
1;3312;3026;3901;4042
1;3311;3024;3897;4037
1;3312;3021;3895;4034
1;3310;3027;3894;4048
1;3311;3024;3892;4036
1;3311;3025;3898;4038
1;3311;3024;3895;4031
1;3306;3024;3895;4037
1;3308;3020;3895;4039
1;3308;3025;3892;4039
1;3311;3024;3902;4034
1;3310;3025;3893;4034
1;3311;3024;3894;4030
1;3311;3029;3898;4039
1;3311;3024;3899;4037
1;3311;3026;3898;4033
1;3311;3024;3906;4048
1;3312;3027;3899;4032
1;3312;3025;3891;4032
1;3312;3028;3895;4034
1;3312;3025;3896;4034
1;3312;3024;3911;4035
1;3312;3024;3897;4033
1;3313;3027;3893;4035
1;3312;3027;3902;4027
1;3313;3024;3899;4043
1;3312;3025;3898;4036
1;3310;3024;3899;4031
1;3312;3024;3897;4043
1;3312;3025;3903;4048
1;3312;3024;3897;4035
1;3308;3021;3896;4036
1;3313;3023;3901;4037
1;3312;3025;3900;4039
1;3312;3024;3898;4048
1;3311;3025;3897;4041
1;3312;3024;3894;4033
1;3311;3026;3897;4036
1;3312;3025;3896;4039
1;3312;3024;3900;4034
1;3310;3024;3891;4031
1;3310;3027;3899;4034
1;3312;3024;3903;4043
1;3312;3025;3897;4038
1;3312;3026;3892;4035
1;3312;3027;3897;4033
1;3312;3026;3897;4041
1;3312;3024;3898;4031
1;3310;3025;3901;4038
1;3310;3024;3894;4035
1;3309;3025;3898;4030
1;3309;3024;3900;4039
1;3312;3027;3905;4047
1;3310;3024;3893;4043
1;3308;3022;3894;4029
1;3311;3027;3900;4032
1;3310;3024;3899;4038
1;3312;3024;3902;4037
1;3312;3024;3898;4047
1;3312;3024;3903;4042
1;3312;3026;3898;4036
1;3310;3024;3900;4033
1;3314;3026;3899;4034
1;3312;3026;3907;4045
1;3312;3026;3897;4032
1;3313;3027;3910;4048
1;3312;3029;3901;4048
1;3318;3026;3901;4038
1;3318;3025;3902;4036
1;3312;3024;3911;4048
1;3312;3027;3895;4038
1;3317;3030;3891;4047
1;3312;3027;3903;4037
1;3311;3026;3897;4047
1;3312;3029;3903;4041
1;3312;3027;3897;4045
1;3312;3025;3899;4051
2;3312;3024;3899;4038
2;3312;3025;3893;4035
2;3312;3024;3901;4047
2;3312;3027;3900;4034
2;3312;3027;3897;4036
2;3311;3024;3897;4038
2;3312;3026;3897;4041
2;3311;3024;3902;4045
2;3312;3025;3898;4041
2;3312;3026;3900;4042
2;3313;3026;3900;4039
2;3311;3027;3899;4036
2;3312;3028;3893;4031
2;3312;3027;3895;4032
2;3312;3022;3893;4036
2;3312;3026;3899;4039
2;3312;3026;3895;4037
2;3312;3026;3902;4038
2;3315;3026;3900;4033
2;3311;3024;3903;4038
2;3313;3028;3902;4048
2;3312;3024;3901;4049
2;3312;3030;3904;4038
2;3315;3027;3893;4034
2;3313;3028;3904;4043
2;3314;3029;3907;4049
2;3296;3030;3899;4036
2;3295;3029;3910;4042
2;3291;3029;3899;4049
2;3291;3031;3894;4042
2;3294;3029;3903;4046
2;3293;3025;3899;4043
2;3299;3031;3901;4034
2;3293;3031;3902;4046
2;3294;3027;3903;4036
2;3294;3031;3902;4031
2;3295;3026;3898;4045
2;3294;3031;3901;4039
2;3294;3025;3903;4039
2;3297;3024;3899;4042
2;3291;3027;3901;4039
2;3299;3029;3899;4040
2;3293;3025;3899;4043
2;3292;3027;3902;4042
2;3291;3026;3900;4038
2;3290;3025;3909;4035
2;3293;3025;3899;4039
2;3292;3026;3905;4035
2;3293;3027;3904;4039
2;3299;3030;3908;4045
2;3302;3035;3902;4043
2;3309;3037;3910;4054
2;3312;3043;3919;4048
2;3312;3042;3920;4051
2;3312;3041;3913;4049
2;3312;3046;3917;4067
2;3314;3041;3915;4048
2;3312;3046;3917;4055
2;3312;3045;3927;4053
2;3313;3043;3920;4048
2;3312;3045;3915;4051
2;3312;3043;3916;4063
2;3313;3046;3920;4047
2;3317;3045;3919;4051
2;3312;3041;3920;4054
2;3312;3042;3918;4060
2;3312;3043;3920;4061
2;3312;3039;3908;4069
2;3312;3038;3915;4058
2;3306;3042;3911;4047
2;3302;3034;3895;4058
2;3301;3035;3904;4041
2;3297;3033;3906;4043
2;3295;3030;3909;4048
2;3294;3025;3905;4055
2;3294;3027;3906;4034
2;3295;3029;3901;4038
2;3291;3029;3899;4036
2;3300;3031;3907;4054
2;3301;3027;3907;4043
2;3303;3037;3907;4045
2;3300;3035;3907;4045
2;3302;3036;3905;4047
2;3300;3035;3905;4046
2;3302;3036;3914;4045
2;3299;3031;3902;4048
2;3299;3036;3909;4042
2;3298;3033;3907;4047
2;3296;3027;3901;4042
2;3297;3029;3905;4039
2;3296;3032;3903;4048
2;3294;3029;3898;4042
2;3298;3029;3905;4042
2;3296;3030;3905;4043
2;3293;3028;3901;4048
2;3292;3026;3902;4044
2;3291;3023;3899;4039
2;3294;3024;3905;4032
2;3294;3025;3901;4047
2;3297;3027;3895;4042
2;3295;3025;3902;4046
2;3300;3028;3904;4043
2;3299;3026;3905;4037
2;3298;3029;3902;4042
2;3298;3029;3910;4044
2;3299;3028;3909;4041
2;3299;3031;3905;4034
2;3297;3031;3904;4048
2;3299;3027;3902;4046
2;3299;3031;3905;4044
2;3305;3029;3899;4055
2;3297;3028;3898;4041
2;3302;3028;3904;4048
2;3299;3029;3909;4032
2;3305;3029;3906;4038
2;3303;3030;3904;4039
2;3299;3024;3905;4041
2;3305;3029;3904;4043
2;3299;3027;3903;4038
2;3299;3031;3907;4043
2;3299;3028;3908;4047
2;3302;3028;3909;4047
2;3304;3030;3904;4043
2;3298;3025;3909;4046
2;3299;3029;3909;4040
2;3303;3031;3905;4038
2;3300;3028;3906;4037
2;3305;3034;3904;4049
2;3311;3035;3909;4039
2;3305;3033;3913;4044
2;3303;3035;3913;4042
2;3302;3031;3904;4048
2;3306;3031;3910;4057
2;3310;3038;3914;4048
2;3312;3037;3917;4046
2;3312;3035;3913;4051
2;3311;3035;3910;4060
2;3309;3039;3909;4048
2;3306;3037;3905;4048
2;3310;3036;3911;4048
2;3310;3034;3915;4052
2;3312;3034;3908;4047
2;3301;3031;3906;4048
2;3307;3034;3909;4055
2;3303;3031;3908;4051
2;3301;3033;3907;4044
2;3298;3027;3909;4047
2;3300;3029;3907;4049
2;3306;3027;3899;4048
2;3298;3027;3909;4051
2;3296;3024;3911;4048
2;3299;3029;3903;4039
2;3295;3027;3914;4049
2;3300;3029;3909;4048
2;3299;3028;3905;4049
2;3305;3027;3902;4043
2;3299;3033;3902;4041
2;3299;3033;3911;4047
2;3302;3031;3903;4034
2;3304;3031;3907;4043
2;3303;3030;3908;4043
2;3302;3033;3903;4046
2;3308;3027;3908;4053
2;3307;3035;3906;4059
2;3303;3025;3912;4049
2;3307;3034;3913;4045
2;3311;3037;3909;4046
2;3306;3039;3917;4043
2;3310;3035;3915;4050
2;3310;3035;3911;4050
2;3312;3036;3915;4061
2;3310;3041;3913;4046
2;3312;3037;3918;4051
2;3312;3041;3914;4042
2;3312;3038;3915;4044
2;3312;3037;3914;4046
2;3312;3038;3917;4060
2;3312;3040;3915;4048
2;3311;3040;3913;4051
2;3312;3039;3911;4046
2;3312;3039;3905;4051
2;3309;3040;3920;4046
2;3311;3039;3911;4048
2;3312;3041;3914;4050
2;3311;3041;3914;4047
2;3312;3039;3913;4049
2;3311;3038;3917;4048
2;3309;3041;3910;4048
2;3312;3041;3918;4045
2;3311;3042;3917;4049
2;3312;3040;3907;4048
2;3313;3040;3910;4051
2;3312;3039;3909;4049
2;3312;3041;3911;4047
2;3312;3043;3913;4048
2;3311;3039;3915;4048
2;3311;3041;3920;4049
2;3312;3039;3917;4048
2;3312;3042;3915;4048
2;3311;3041;3919;4050
2;3312;3039;3921;4050
2;3311;3040;3913;4048
2;3317;3042;3916;4049
2;3312;3039;3914;4055
2;3312;3041;3913;4048
2;3311;3039;3915;4053
2;3311;3039;3909;4058
2;3312;3039;3915;4046
2;3312;3037;3909;4048
2;3309;3039;3910;4048
2;3312;3038;3913;4045
2;3306;3037;3911;4048
2;3312;3037;3910;4047
2;3308;3038;3918;4046
2;3310;3034;3907;4047
2;3309;3035;3910;4046
2;3312;3038;3904;4048
2;3311;3038;3920;4054
2;3311;3035;3910;4048
2;3312;3039;3914;4048
2;3312;3035;3913;4055
2;3311;3032;3917;4048
2;3309;3041;3917;4047
2;3307;3036;3910;4047
2;3307;3038;3913;4048
2;3309;3033;3911;4048
2;3310;3033;3905;4054
2;3307;3037;3910;4048
2;3305;3032;3906;4046
2;3311;3038;3915;4049
2;3309;3039;3915;4061
2;3310;3038;3914;4053
3;3312;3035;3911;4046
3;3310;3037;3910;4057
3;3309;3039;3911;4048
3;3312;3039;3911;4055
3;3310;3039;3916;4043
3;3312;3041;3913;4048
3;3308;3034;3909;4048
3;3307;3039;3909;4048
3;3299;3036;3907;4039
3;3296;3033;3904;4055
3;3296;3033;3909;4051
3;3295;3027;3906;4047
3;3291;3036;3906;4051
3;3299;3035;3902;4060
3;3302;3030;3904;4048
3;3296;3031;3907;4048
3;3299;3038;3915;4048
3;3301;3035;3907;4055
3;3297;3038;3916;4046
3;3299;3036;3915;4050
3;3302;3039;3920;4050
3;3301;3038;3913;4048
3;3297;3034;3916;4048
3;3301;3038;3905;4048
3;3300;3035;3917;4048
3;3296;3034;3911;4047
3;3295;3031;3906;4050
3;3297;3030;3907;4048
3;3296;3030;3915;4047
3;3298;3030;3909;4043
3;3295;3031;3905;4046
3;3298;3033;3909;4048
3;3295;3031;3909;4047
3;3297;3030;3897;4047
3;3296;3028;3904;4038
3;3291;3030;3905;4045
3;3295;3029;3904;4048
3;3293;3030;3910;4050
3;3295;3029;3901;4048
3;3298;3031;3906;4050
3;3291;3029;3904;4042
3;3292;3029;3904;4043
3;3295;3027;3905;4047
3;3294;3034;3903;4038
3;3290;3030;3906;4045
3;3293;3031;3907;4050
3;3297;3031;3907;4048
3;3296;3034;3904;4045
3;3295;3030;3905;4048
3;3297;3029;3911;4048
3;3299;3037;3906;4045
3;3300;3034;3911;4052
3;3298;3034;3905;4048
3;3298;3034;3903;4039
3;3297;3035;3903;4039
3;3297;3037;3909;4043
3;3294;3030;3905;4042
3;3297;3035;3909;4044
3;3296;3037;3907;4040
3;3295;3033;3898;4043
3;3301;3030;3903;4043
3;3299;3036;3905;4048
3;3299;3036;3906;4046
3;3298;3039;3901;4047
3;3295;3029;3906;4043
3;3297;3035;3906;4043
3;3297;3031;3903;4050
3;3297;3034;3905;4046
3;3297;3033;3904;4043
3;3295;3033;3913;4046
3;3297;3033;3905;4038
3;3295;3027;3908;4046
3;3294;3031;3910;4041
3;3293;3031;3901;4046
3;3294;3026;3892;4044
3;3289;3024;3902;4038
3;3295;3027;3905;4048
3;3295;3030;3909;4037
3;3290;3027;3903;4043
3;3294;3027;3898;4045
3;3287;3025;3903;4049
3;3290;3026;3906;4042
3;3289;3026;3895;4038
3;3294;3025;3897;4041
3;3289;3025;3914;4046
3;3291;3026;3899;4046
3;3289;3026;3903;4046
3;3291;3024;3904;4046
3;3287;3024;3903;4040
3;3290;3026;3905;4046
3;3291;3027;3902;4048
3;3290;3026;3908;4045
3;3292;3029;3903;4044
3;3295;3024;3904;4045
3;3289;3022;3906;4041
3;3295;3026;3907;4037
3;3291;3027;3902;4046
3;3293;3026;3898;4044
3;3293;3027;3905;4034
3;3296;3029;3901;4053
3;3292;3024;3901;4042
3;3296;3028;3903;4050
3;3287;3026;3915;4048
3;3297;3027;3905;4046
3;3300;3033;3907;4048
3;3295;3031;3905;4050
3;3302;3028;3904;4048
3;3299;3031;3909;4048
3;3298;3031;3910;4043
3;3299;3035;3907;4047
3;3301;3034;3909;4053
3;3302;3034;3908;4049
3;3301;3037;3917;4048
3;3303;3037;3904;4048
3;3297;3036;3906;4042
3;3298;3031;3906;4048
3;3298;3030;3919;4049
3;3299;3033;3909;4043
3;3301;3036;3913;4048
3;3301;3036;3911;4042
3;3299;3035;3910;4052
3;3299;3033;3907;4045
3;3298;3030;3904;4046
3;3302;3034;3913;4047
3;3298;3034;3904;4043
3;3299;3034;3910;4063
3;3303;3037;3909;4043
3;3298;3035;3911;4041
3;3297;3033;3914;4058
3;3299;3033;3904;4050
3;3298;3030;3906;4048
3;3297;3034;3902;4047
3;3295;3031;3906;4041
3;3299;3034;3907;4050
3;3298;3035;3909;4049
3;3299;3034;3913;4043
3;3298;3031;3911;4050
3;3297;3037;3908;4048
3;3298;3030;3903;4039
3;3299;3035;3901;4045
3;3300;3034;3910;4046
3;3301;3035;3914;4046
3;3303;3039;3909;4055
3;3301;3033;3914;4043
3;3302;3040;3911;4048
3;3302;3040;3918;4039
3;3303;3038;3919;4048
3;3308;3035;3914;4050
3;3306;3038;3915;4051
3;3303;3037;3909;4061
3;3303;3041;3906;4047
3;3301;3040;3909;4048
3;3301;3038;3911;4060
3;3298;3038;3920;4050
3;3301;3041;3912;4048
3;3305;3039;3907;4049
3;3299;3040;3913;4046
3;3300;3038;3909;4048
3;3304;3040;3914;4064
3;3306;3039;3905;4048
3;3303;3038;3909;4048
3;3308;3042;3909;4049
3;3305;3042;3906;4047
3;3310;3041;3915;4049
3;3307;3038;3907;4047
3;3301;3036;3911;4044
3;3305;3040;3906;4048
3;3305;3043;3913;4051
3;3298;3037;3915;4048
3;3309;3041;3913;4049
3;3311;3043;3911;4046
3;3307;3042;3911;4054
3;3310;3044;3916;4050
3;3308;3044;3920;4047
3;3312;3046;3913;4051
3;3312;3047;3907;4048
3;3305;3038;3909;4048
3;3311;3042;3914;4048
3;3312;3043;3915;4054
3;3310;3045;3909;4051
3;3311;3049;3919;4052
3;3311;3050;3917;4055
3;3297;3031;3911;4048
3;3305;3040;3908;4061
3;3309;3045;3913;4049
3;3305;3043;3913;4065
3;3306;3038;3916;4049
3;3307;3041;3909;4051
3;3303;3041;3918;4056
3;3308;3049;3917;4053
3;3309;3042;3917;4043
3;3310;3040;3919;4049
3;3311;3040;3914;4055
3;3308;3042;3917;4048
3;3306;3041;3915;4048
3;3309;3038;3909;4059
3;3312;3049;3912;4049
3;3311;3051;3911;4055
3;3310;3045;3915;4059
3;3308;3046;3916;4048
3;3312;3047;3916;4048
3;3310;3049;3914;4049
3;3308;3055;3907;4053
3;3311;3043;3914;4060
3;3310;3047;3907;4053
3;3310;3052;3910;4059
3;3309;3049;3920;4054
3;3309;3051;3914;4054
3;3312;3045;3913;4050
3;3315;3051;3915;4054
3;3311;3047;3918;4052
3;3311;3055;3915;4041
3;3312;3051;3915;4050
3;3312;3052;3919;4051
3;3309;3046;3914;4050
3;3311;3053;3919;4051
3;3312;3046;3915;4050
3;3311;3050;3916;4058
3;3310;3043;3915;4048
3;3302;3039;3911;4048
3;3303;3039;3911;4048
3;3306;3040;3911;4047
3;3299;3038;3909;4048
3;3307;3040;3920;4048
3;3309;3041;3911;4052
3;3305;3037;3907;4048
3;3309;3046;3914;4047
3;3310;3045;3912;4048
3;3307;3041;3920;4048
3;3312;3043;3914;4063
3;3312;3046;3909;4059
3;3310;3046;3920;4052
3;3312;3047;3916;4061
3;3310;3051;3916;4054
3;3312;3051;3919;4052
3;3311;3051;3921;4055
3;3312;3049;3920;4057
3;3311;3053;3920;4063
3;3312;3047;3917;4058
3;3312;3045;3919;4049
4;3311;3050;3920;4052
4;3312;3054;3924;4052
4;3313;3048;3913;4048
4;3315;3049;3918;4048
4;3312;3055;3919;4050
4;3312;3053;3910;4066
4;3313;3053;3922;4050
4;3312;3042;3916;4055
4;3313;3053;3914;4057
4;3317;3056;3917;4057
4;3319;3056;3921;4069
4;3313;3050;3918;4047
4;3312;3051;3917;4057
4;3312;3046;3920;4051
4;3311;3043;3918;4054
4;3312;3048;3915;4054
4;3311;3047;3920;4071
4;3310;3042;3913;4053
4;3307;3047;3907;4051
4;3306;3042;3913;4060
4;3309;3040;3915;4047
4;3303;3042;3910;4052
4;3309;3043;3917;4051
4;3303;3041;3911;4049
4;3303;3041;3907;4048
4;3303;3040;3905;4053
4;3304;3040;3913;4047
4;3306;3037;3909;4047
4;3307;3045;3908;4047
4;3302;3037;3911;4046
4;3303;3043;3915;4050
4;3306;3041;3910;4051
4;3306;3041;3915;4050
4;3305;3042;3914;4048
4;3306;3041;3904;4048
4;3305;3039;3916;4058
4;3307;3042;3909;4046
4;3306;3043;3904;4055
4;3303;3040;3907;4049
4;3309;3045;3904;4048
4;3306;3044;3920;4054
4;3305;3040;3917;4053
4;3307;3044;3913;4052
4;3309;3045;3916;4048
4;3311;3046;3923;4058
4;3311;3050;3917;4052
4;3312;3053;3908;4048
4;3311;3046;3910;4047
4;3312;3047;3915;4046
4;3311;3050;3919;4061
4;3312;3049;3915;4051
4;3311;3041;3915;4048
4;3312;3047;3915;4049
4;3312;3050;3915;4053
4;3312;3045;3920;4048
4;3307;3049;3912;4061
4;3313;3050;3920;4048
4;3312;3046;3918;4048
4;3309;3053;3911;4058
4;3313;3051;3917;4048
4;3313;3051;3920;4056
4;3312;3056;3920;4063
4;3311;3037;3918;4049
4;3311;3043;3911;4053
4;3312;3043;3920;4051
4;3309;3044;3918;4048
4;3307;3046;3915;4048
4;3312;3049;3915;4061
4;3311;3046;3910;4063
4;3309;3050;3920;4050
4;3310;3043;3919;4048
4;3312;3051;3909;4049
4;3310;3050;3915;4050
4;3312;3055;3920;4053
4;3312;3052;3915;4054
4;3311;3043;3919;4051
4;3314;3053;3918;4048
4;3310;3050;3920;4050
4;3312;3053;3924;4058
4;3312;3051;3920;4054
4;3312;3050;3922;4053
4;3311;3053;3924;4064
4;3309;3054;3922;4052
4;3312;3049;3927;4053
4;3312;3053;3921;4057
4;3313;3051;3919;4054
4;3312;3050;3918;4048
4;3312;3049;3926;4050
4;3312;3049;3910;4058
4;3312;3045;3919;4048
4;3312;3045;3919;4057
4;3311;3038;3918;4048
4;3312;3042;3917;4049
4;3309;3042;3912;4049
4;3312;3046;3920;4053
4;3309;3047;3920;4053
4;3311;3046;3913;4062
4;3311;3041;3923;4050
4;3312;3043;3914;4048
4;3314;3047;3916;4057
4;3312;3046;3913;4057
4;3312;3050;3915;4051
4;3309;3046;3919;4051
4;3313;3049;3917;4059
4;3312;3043;3919;4059
4;3311;3046;3918;4050
4;3312;3046;3920;4049
4;3312;3043;3919;4053
4;3312;3043;3923;4059
4;3311;3044;3920;4061
4;3312;3043;3920;4050
4;3312;3043;3920;4049
4;3310;3046;3920;4057
4;3312;3042;3919;4055
4;3315;3042;3918;4055
4;3315;3046;3909;4057
4;3312;3041;3916;4054
4;3315;3042;3919;4054
4;3314;3043;3920;4055
4;3316;3041;3916;4049
4;3312;3043;3914;4048
4;3312;3043;3919;4060
4;3312;3034;3917;4048
4;3312;3043;3910;4054
4;3313;3036;3907;4048
4;3311;3040;3913;4053
4;3312;3042;3913;4056
4;3306;3035;3914;4048
4;3312;3034;3905;4046
4;3309;3036;3915;4048
4;3307;3035;3904;4044
4;3307;3039;3907;4048
4;3310;3037;3915;4049
4;3310;3031;3911;4049
4;3312;3039;3915;4053
4;3311;3038;3905;4050
4;3311;3039;3913;4049
4;3307;3039;3918;4048
4;3311;3038;3914;4051
4;3309;3038;3915;4049
4;3310;3038;3913;4055
4;3309;3040;3908;4049
4;3309;3037;3915;4048
4;3309;3040;3918;4048
4;3311;3036;3913;4043
4;3312;3039;3914;4048
4;3312;3040;3915;4051
4;3312;3041;3915;4049
4;3312;3041;3918;4058
4;3312;3043;3921;4048
4;3312;3043;3914;4050
4;3312;3046;3910;4057
4;3312;3038;3915;4049
4;3312;3042;3913;4048
4;3312;3042;3913;4048
4;3312;3043;3917;4053
4;3312;3038;3917;4054
4;3312;3041;3918;4047
4;3313;3040;3918;4065
4;3312;3045;3919;4052
4;3312;3044;3917;4065
4;3309;3039;3915;4058
4;3311;3040;3911;4050
4;3312;3041;3918;4053
4;3313;3039;3915;4048
4;3312;3046;3920;4048
4;3312;3043;3918;4064
4;3312;3039;3921;4048
4;3312;3045;3910;4049
4;3312;3047;3918;4051
4;3314;3043;3915;4048
4;3310;3040;3911;4048
4;3312;3042;3918;4063
4;3312;3042;3916;4050
4;3312;3040;3911;4043
4;3312;3041;3919;4056
4;3312;3041;3914;4049
4;3311;3044;3906;4053
4;3312;3044;3914;4048
4;3312;3042;3919;4053
4;3314;3043;3914;4054
4;3311;3043;3917;4051
4;3313;3040;3915;4048
4;3311;3046;3919;4050
4;3312;3041;3908;4054
4;3310;3041;3915;4062
4;3312;3041;3919;4058
4;3312;3043;3918;4064
4;3312;3044;3909;4058
4;3312;3046;3918;4051
4;3313;3047;3915;4066
4;3319;3047;3919;4050
4;3313;3051;3918;4059
4;3316;3046;3918;4053
4;3313;3051;3920;4052
4;3317;3047;3920;4048
4;3316;3046;3915;4043
4;3312;3051;3921;4050
4;3313;3045;3915;4056
4;3314;3043;3914;4048
4;3312;3045;3919;4054
4;3312;3047;3920;4053
4;3312;3047;3921;4049
4;3312;3046;3923;4066
4;3315;3051;3915;4050
4;3312;3047;3920;4048
4;3314;3047;3924;4059
4;3327;3046;3925;4059
4;3331;3059;3927;4064
4;3338;3061;3939;4067
4;3338;3071;3938;4080
4;3343;3078;3947;4078
4;3337;3077;3946;4081
4;3338;3078;3949;4071
4;3335;3077;3947;4081
4;3339;3079;3937;4078
4;3335;3071;3936;4067
4;3330;3069;3934;4077
4;3327;3066;3931;4071
4;3327;3063;3923;4066
4;3329;3058;3920;4064
4;3327;3056;3924;4065
4;3316;3059;3919;4053
4;3323;3057;3918;4050
4;3322;3059;3920;4063
4;3318;3058;3918;4058
4;3318;3056;3913;4058
4;3316;3057;3922;4058
4;3325;3059;3916;4055
4;3319;3055;3920;4062
4;3317;3057;3909;4067
4;3323;3056;3914;4055
4;3316;3056;3920;4066
4;3319;3057;3919;4059
4;3319;3057;3921;4062
4;3313;3056;3920;4055
4;3314;3057;3920;4062
4;3318;3056;3913;4059
4;3312;3056;3920;4067
4;3314;3056;3919;4070
4;3316;3056;3917;4059
4;3317;3056;3920;4055
4;3321;3057;3917;4052
4;3319;3058;3917;4066
4;3321;3055;3921;4055
4;3317;3059;3920;4065
4;3319;3061;3921;4059
4;3319;3059;3920;4063
4;3320;3060;3922;4071
4;3319;3063;3920;4066
4;3325;3056;3923;4059
4;3319;3056;3920;4073
4;3320;3058;3920;4062
4;3313;3056;3918;4057
4;3319;3054;3913;4061
4;3319;3054;3920;4054
4;3314;3053;3913;4050
4;3315;3049;3908;4062
4;3315;3047;3918;4061
4;3312;3054;3914;4052
4;3312;3050;3914;4048
4;3315;3046;3914;4052
4;3314;3046;3915;4054
4;3314;3049;3918;4052
4;3313;3053;3911;4046
4;3314;3053;3906;4055
4;3312;3051;3907;4051
4;3314;3051;3905;4064
4;3312;3051;3910;4075
4;3312;3054;3915;4058
4;3312;3052;3907;4062
4;3316;3051;3913;4067
4;3314;3054;3916;4059
4;3318;3053;3916;4059
4;3315;3053;3908;4051
4;3313;3054;3911;4050
4;3322;3055;3920;4074
4;3313;3055;3920;4070
4;3325;3057;3918;4058
4;3323;3060;3921;4074
4;3328;3062;3929;4069
4;3329;3058;3920;4066
4;3319;3057;3929;4065
4;3326;3062;3925;4067
5;3329;3061;3929;4071
5;3328;3067;3937;4074
5;3331;3063;3938;4080
5;3339;3071;3939;4080
5;3338;3077;3944;4077
5;3335;3081;3943;4087
5;3344;3078;3952;4067
5;3344;3085;3948;4085
5;3343;3085;3951;4076
5;3341;3084;3950;4083
5;3341;3081;3952;4080
5;3344;3083;3946;4079
5;3345;3088;3953;4079
5;3344;3088;3953;4085
5;3345;3087;3952;4071
5;3344;3084;3951;4086
5;3341;3086;3948;4079
5;3342;3071;3941;4074
5;3338;3081;3938;4077
5;3338;3077;3951;4080
5;3334;3066;3939;4081
5;3331;3067;3933;4078
5;3335;3066;3940;4066
5;3334;3071;3940;4079
5;3330;3061;3939;4065
5;3327;3061;3931;4066
5;3328;3062;3936;4071
5;3329;3061;3942;4067
5;3331;3067;3937;4076
5;3328;3057;3931;4068
5;3325;3056;3921;4067
5;3324;3059;3932;4065
5;3318;3056;3925;4067
5;3316;3056;3920;4064
5;3317;3055;3925;4053
5;3313;3052;3924;4055
5;3319;3051;3920;4059
5;3318;3055;3929;4057
5;3313;3054;3922;4055
5;3318;3055;3924;4065
5;3314;3055;3930;4074
5;3318;3051;3926;4080
5;3322;3056;3933;4065
5;3320;3056;3935;4074
5;3322;3056;3933;4058
5;3319;3056;3923;4057
5;3322;3055;3931;4054
5;3321;3056;3920;4055
5;3321;3055;3922;4059
5;3319;3056;3922;4051
5;3317;3056;3923;4070
5;3319;3055;3923;4061
5;3319;3057;3931;4061
5;3319;3056;3909;4063
5;3317;3056;3920;4064
5;3317;3055;3921;4062
5;3317;3057;3922;4062
5;3321;3057;3920;4059
5;3321;3056;3927;4061
5;3319;3056;3926;4057
5;3317;3053;3917;4077
5;3317;3051;3930;4051
5;3313;3046;3918;4059
5;3306;3042;3917;4050
5;3312;3043;3922;4048
5;3312;3046;3921;4059
5;3311;3046;3923;4063
5;3312;3041;3920;4059
5;3318;3049;3924;4051
5;3314;3043;3926;4054
5;3315;3049;3923;4061
5;3314;3053;3921;4067
5;3317;3052;3922;4058
5;3319;3056;3921;4059
5;3322;3056;3931;4066
5;3322;3056;3927;4058
5;3319;3057;3930;4075
5;3322;3060;3926;4074
5;3322;3062;3933;4059
5;3328;3062;3926;4072
5;3321;3056;3930;4064
5;3318;3056;3920;4055
5;3317;3056;3923;4064
5;3322;3054;3920;4075
5;3321;3056;3920;4061
5;3325;3057;3925;4063
5;3314;3050;3925;4063
5;3318;3053;3921;4066
5;3312;3051;3927;4058
5;3312;3055;3919;4049
5;3315;3050;3920;4051
5;3312;3052;3930;4053
5;3313;3047;3921;4053
5;3314;3047;3935;4054
5;3316;3053;3920;4057
5;3312;3051;3920;4053
5;3315;3051;3925;4059
5;3315;3055;3920;4059
5;3312;3053;3920;4065
5;3312;3050;3918;4053
5;3312;3049;3923;4049
5;3314;3045;3919;4061
5;3314;3052;3917;4058
5;3313;3055;3923;4058
5;3314;3054;3920;4057
5;3314;3057;3920;4062
5;3317;3054;3919;4064
5;3316;3055;3921;4066
5;3315;3056;3922;4063
5;3318;3056;3922;4055
5;3322;3055;3919;4052
5;3319;3056;3923;4054
5;3316;3043;3919;4062
5;3313;3052;3919;4059
5;3316;3047;3920;4065
5;3312;3051;3923;4061
5;3313;3047;3920;4055
5;3315;3049;3920;4061
5;3315;3049;3920;4048
5;3315;3049;3919;4062
5;3324;3049;3921;4053
5;3315;3053;3920;4050
5;3317;3050;3921;4060
5;3313;3047;3919;4055
5;3313;3045;3919;4057
5;3314;3049;3920;4051
5;3313;3047;3916;4057
5;3322;3046;3918;4049
5;3322;3049;3920;4064
5;3318;3045;3922;4051
5;3314;3047;3923;4058
5;3313;3043;3920;4059
5;3317;3046;3920;4050
5;3317;3047;3916;4055
5;3319;3046;3914;4063
5;3312;3049;3920;4060
5;3314;3049;3919;4061
5;3316;3049;3920;4055
5;3314;3050;3923;4049
5;3318;3045;3920;4048
5;3316;3053;3928;4061
5;3315;3051;3920;4069
5;3317;3051;3919;4061
5;3315;3053;3925;4057
5;3319;3051;3920;4062
5;3317;3055;3927;4065
5;3317;3053;3921;4064
5;3314;3049;3922;4059
5;3315;3053;3918;4068
5;3321;3049;3926;4064
5;3315;3050;3920;4055
5;3318;3052;3920;4059
5;3317;3051;3918;4064
5;3315;3051;3920;4055
5;3318;3056;3917;4054
5;3312;3047;3919;4049
5;3312;3047;3918;4054
