1;2865;3216;3972;4095
1;2863;3215;3962;4095
1;2864;3216;3966;4095
1;2865;3214;3958;4095
1;2865;3213;3957;4095
1;2866;3212;3967;4095
1;2865;3216;3962;4095
1;2864;3216;3962;4095
1;2864;3216;3974;4095
1;2866;3211;3963;4095
1;2864;3213;3973;4095
1;2864;3215;3961;4095
1;2869;3215;3970;4095
1;2864;3214;3959;4095
1;2867;3215;3963;4095
1;2866;3213;3959;4095
1;2879;3216;3952;4095
1;2873;3216;3959;4095
1;2870;3215;3959;4095
1;2869;3216;3964;4095
1;2870;3216;3969;4095
1;2865;3216;3971;4095
1;2865;3216;3961;4095
1;2866;3216;3970;4095
1;2869;3213;3968;4095
1;2866;3213;3969;4095
1;2867;3216;3967;4095
1;2864;3215;3967;4095
1;2865;3215;3967;4095
1;2870;3213;3965;4095
1;2868;3216;3958;4095
1;2869;3215;3968;4095
1;2869;3215;3959;4095
1;2874;3216;3966;4095
1;2870;3214;3966;4095
1;2867;3215;3963;4095
1;2870;3216;3965;4095
1;2871;3215;3975;4095
1;2865;3214;3958;4095
1;2867;3214;3965;4095
1;2870;3216;3967;4095
1;2867;3214;3962;4095
1;2869;3216;3961;4095
1;2870;3216;3959;4095
1;2869;3214;3965;4095
1;2864;3216;3965;4095
1;2864;3213;3962;4095
1;2864;3215;3961;4095
1;2865;3211;3972;4095
1;2864;3213;3962;4095
1;2865;3211;3952;4095
1;2864;3213;3965;4095
1;2868;3216;3963;4095
1;2873;3212;3954;4095
1;2866;3213;3970;4095
1;2864;3206;3967;4095
1;2865;3211;3969;4095
1;2866;3213;3963;4095
1;2865;3213;3966;4095
1;2864;3207;3963;4095
1;2864;3214;3967;4095
1;2870;3216;3965;4095
1;2872;3216;3964;4095
1;2867;3215;3959;4095
1;2871;3215;3966;4095
1;2880;3217;3970;4095
1;2887;3222;3962;4095
1;2900;3231;3963;4095
1;2897;3232;3969;4095
1;2906;3237;3957;4095
1;2907;3231;3952;4095
1;2899;3233;3957;4095
1;2906;3234;3952;4095
1;2905;3233;3956;4095
1;2909;3235;3959;4095
1;2911;3237;3954;4095
1;2907;3235;3956;4095
1;2910;3236;3955;4095
1;2910;3238;3970;4095
1;2906;3233;3950;4095
1;2907;3237;3957;4095
1;2908;3234;3959;4095
1;2911;3237;3966;4095
1;2909;3234;3952;4095
1;2910;3234;3959;4095
1;2908;3235;3963;4095
1;2909;3232;3959;4095
1;2905;3237;3954;4095
1;2909;3233;3952;4095
1;2910;3239;3955;4095
1;2902;3231;3956;4095
1;2907;3230;3952;4095
1;2909;3235;3952;4095
1;2917;3235;3952;4095
1;2917;3237;3952;4095
1;2918;3236;3952;4095
1;2922;3239;3953;4095
1;2923;3248;3941;4095
1;2925;3245;3952;4095
1;2926;3247;3952;4095
1;2928;3248;3952;4095
1;2927;3246;3945;4095
1;2928;3247;3951;4095
1;2928;3248;3955;4095
1;2928;3247;3955;4095
1;2928;3247;3952;4095
1;2933;3249;3957;4095
1;2930;3251;3955;4095
1;2934;3249;3964;4095
1;2931;3250;3963;4095
1;2931;3251;3957;4095
1;2931;3248;3955;4095
1;2931;3249;3964;4095
1;2932;3249;3959;4095
1;2933;3250;3957;4095
1;2931;3249;3964;4095
1;2931;3249;3969;4095
1;2928;3248;3961;4095
1;2931;3248;3959;4095
1;2927;3248;3959;4095
1;2930;3251;3958;4095
1;2929;3247;3959;4095
1;2931;3248;3962;4095
1;2928;3246;3958;4095
1;2929;3249;3952;4095
1;2928;3248;3952;4095
1;2929;3249;3959;4095
1;2928;3247;3957;4095
1;2930;3248;3959;4095
1;2928;3248;3955;4095
1;2928;3248;3957;4095
1;2928;3248;3952;4095
1;2929;3250;3965;4095
1;2931;3248;3955;4095
1;2928;3248;3962;4095
1;2928;3248;3959;4095
1;2927;3248;3955;4095
1;2930;3249;3958;4095
1;2929;3248;3960;4095
1;2931;3249;3957;4095
1;2930;3249;3955;4095
1;2931;3251;3958;4095
1;2936;3250;3957;4095
1;2928;3248;3954;4095
1;2928;3248;3953;4095
1;2929;3248;3956;4095
1;2932;3249;3955;4095
1;2928;3248;3952;4095
1;2930;3248;3968;4095
1;2931;3248;3966;4095
1;2935;3255;3963;4095
1;2928;3249;3957;4095
1;2926;3243;3963;4095
1;2923;3238;3961;4095
1;2924;3248;3962;4095
1;2923;3245;3958;4095
1;2914;3239;3959;4095
1;2909;3240;3968;4095
1;2919;3242;3957;4095
1;2917;3239;3954;4095
1;2913;3243;3962;4095
1;2925;3248;3959;4095
1;2928;3248;3961;4095
1;2928;3245;3959;4095
1;2921;3248;3963;4095
1;2922;3248;3957;4095
1;2927;3247;3958;4095
1;2925;3248;3962;4095
1;2924;3247;3956;4095
1;2919;3242;3955;4095
1;2923;3247;3954;4095
1;2926;3238;3959;4094
1;2923;3239;3952;4095
1;2925;3246;3957;4095
1;2926;3247;3962;4095
1;2928;3239;3952;4095
1;2923;3243;3958;4095
1;2920;3245;3963;4095
1;2925;3239;3955;4095
1;2925;3246;3957;4095
1;2925;3248;3953;4095
1;2926;3241;3963;4095
1;2925;3246;3974;4095
1;2926;3245;3960;4095
1;2925;3248;3959;4095
1;2921;3244;3955;4095
1;2924;3245;3953;4095
1;2927;3248;3954;4095
1;2930;3248;3952;4095
1;2933;3249;3961;4095
1;2931;3248;3963;4095
1;2928;3248;3952;4095
1;2927;3245;3952;4095
1;2928;3246;3961;4095
1;2928;3248;3953;4095
1;2931;3249;3962;4095
1;2926;3248;3962;4095
1;2928;3248;3953;4095
1;2930;3249;3953;4095
1;2930;3248;3973;4095
1;2928;3248;3967;4095
1;2928;3248;3954;4095
1;2928;3250;3958;4095
1;2929;3249;3959;4095
1;2928;3248;3961;4095
1;2927;3248;3957;4095
1;2928;3249;3962;4095
1;2928;3249;3953;4095
1;2929;3248;3955;4095
1;2929;3248;3953;4095
1;2932;3248;3957;4095
1;2928;3249;3964;4095
1;2929;3248;3956;4095
1;2928;3247;3959;4095
1;2929;3249;3952;4095
1;2929;3249;3965;4095
1;2929;3249;3955;4095
1;2928;3248;3957;4095
1;2928;3248;3964;4095
1;2928;3245;3967;4095
1;2924;3239;3963;4095
1;2927;3242;3957;4095
1;2928;3247;3955;4095
1;2928;3249;3954;4095
1;2928;3248;3954;4095
1;2928;3247;3952;4095
1;2929;3246;3955;4095
1;2928;3248;3953;4095
1;2921;3243;3961;4095
1;2915;3238;3963;4095
1;2910;3237;3956;4095
1;2914;3237;3962;4095
1;2915;3238;3963;4095
1;2912;3238;3962;4095
1;2913;3238;3963;4095
1;2926;3244;3955;4095
1;2925;3243;3958;4095
1;2929;3248;3958;4095
1;2928;3247;3965;4095
1;2928;3248;3963;4095
1;2928;3249;3963;4095
1;2928;3247;3962;4095
1;2928;3247;3959;4095
1;2926;3246;3952;4095
1;2928;3248;3956;4095
1;2928;3248;3959;4095
1;2927;3246;3957;4095
1;2928;3248;3951;4095
1;2929;3247;3957;4095
1;2928;3247;3952;4095
1;2928;3248;3963;4095
1;2928;3246;3959;4095
1;2933;3248;3959;4095
1;2927;3245;3962;4095
1;2925;3243;3955;4095
1;2927;3247;3953;4095
1;2924;3239;3958;4095
1;2926;3247;3961;4095
1;2928;3243;3955;4095
1;2926;3245;3956;4095
1;2927;3245;3958;4095
1;2928;3246;3952;4095
1;2929;3248;3959;4095
1;2928;3245;3957;4095
1;2928;3243;3955;4095
1;2928;3247;3961;4095
1;2926;3248;3958;4095
1;2928;3245;3955;4095
1;2929;3248;3955;4095
1;2929;3247;3961;4095
1;2928;3248;3962;4095
1;2928;3248;3957;4095
1;2928;3248;3959;4095
1;2915;3243;3967;4095
1;2925;3242;3959;4095
1;2923;3247;3963;4095
1;2923;3247;3956;4095
1;2923;3248;3953;4095
1;2923;3244;3959;4095
1;2925;3244;3959;4095
1;2925;3246;3953;4095
1;2927;3248;3962;4095
1;2926;3247;3958;4095
1;2928;3248;3968;4095
1;2925;3248;3960;4095
1;2925;3245;3962;4095
1;2927;3248;3968;4095
1;2928;3247;3964;4095
1;2925;3248;3958;4095
1;2926;3248;3963;4095
1;2927;3248;3963;4095
1;2927;3248;3958;4095
1;2928;3247;3966;4095
1;2928;3249;3963;4095
1;2928;3248;3965;4095
1;2929;3248;3964;4095
1;2928;3249;3964;4095
1;2926;3248;3958;4095
1;2928;3248;3958;4095
1;2919;3241;3963;4095
1;2911;3233;3959;4095
1;2911;3232;3965;4095
1;2905;3231;3962;4095
1;2919;3237;3966;4095
1;2922;3242;3963;4095
1;2918;3241;3959;4095
1;2928;3245;3959;4095
1;2935;3249;3965;4095
1;2933;3251;3966;4095
1;2937;3249;3963;4095
1;2931;3248;3957;4095
1;2930;3248;3959;4095
1;2938;3251;3961;4095
1;2939;3255;3966;4095
1;2938;3253;3967;4095
1;2938;3254;3963;4095
1;2937;3255;3955;4095
1;2939;3255;3955;4095
1;2941;3255;3965;4095
1;2943;3254;3959;4095
2;2939;3255;3964;4095
2;2939;3252;3968;4095
2;2935;3258;3966;4095
2;2937;3254;3959;4095
2;2934;3252;3961;4095
2;2938;3255;3964;4095
2;2938;3251;3971;4095
2;2942;3255;3957;4095
2;2938;3261;3967;4095
2;2943;3256;3957;4095
2;2944;3257;3962;4095
2;2944;3257;3957;4095
2;2944;3254;3967;4095
2;2947;3261;3958;4095
2;2955;3263;3954;4095
2;2962;3267;3953;4095
2;2966;3270;3964;4095
2;2963;3271;3967;4095
2;2966;3273;3964;4095
2;2963;3274;3963;4095
2;2961;3273;3965;4095
2;2960;3271;3967;4095
2;2958;3269;3965;4095
2;2958;3269;3966;4095
2;2954;3274;3965;4095
2;2957;3265;3966;4095
2;2954;3259;3963;4095
2;2947;3263;3964;4095
2;2950;3263;3964;4095
2;2951;3263;3966;4095
2;2949;3266;3968;4095
2;2954;3262;3963;4095
2;2955;3263;3967;4095
2;2957;3262;3965;4095
2;2947;3266;3968;4095
2;2946;3263;3971;4095
2;2953;3263;3952;4095
2;2954;3267;3964;4095
2;2951;3265;3967;4095
2;2950;3265;3965;4095
2;2949;3263;3963;4095
2;2943;3263;3967;4095
2;2948;3263;3962;4095
2;2950;3265;3969;4095
2;2949;3271;3959;4095
2;2946;3264;3964;4095
2;2944;3263;3968;4095
2;2943;3264;3963;4095
2;2945;3260;3967;4095
2;2945;3255;3967;4095
2;2938;3255;3964;4095
2;2945;3264;3955;4095
2;2944;3253;3968;4095
2;2944;3260;3963;4095
2;2943;3259;3963;4095
2;2943;3261;3962;4095
2;2947;3261;3972;4095
2;2949;3263;3965;4095
2;2951;3264;3965;4095
2;2960;3270;3963;4095
2;2950;3266;3966;4095
2;2949;3262;3967;4095
2;2957;3266;3974;4095
2;2954;3266;3968;4095
2;2955;3268;3962;4095
2;2951;3262;3968;4095
2;2947;3264;3965;4095
2;2949;3265;3975;4095
2;2950;3264;3967;4095
2;2951;3264;3967;4095
2;2951;3262;3958;4095
2;2949;3265;3960;4095
2;2947;3264;3963;4095
2;2950;3263;3969;4095
2;2940;3261;3965;4095
2;2944;3262;3965;4095
2;2943;3261;3965;4095
2;2943;3262;3967;4095
2;2943;3259;3962;4095
2;2943;3259;3959;4095
2;2945;3263;3967;4095
2;2943;3261;3963;4095
2;2946;3260;3965;4095
2;2951;3264;3966;4095
2;2950;3265;3965;4095
2;2950;3263;3972;4095
2;2944;3262;3961;4095
2;2949;3262;3963;4095
2;2955;3267;3961;4095
2;2960;3268;3961;4095
2;2963;3273;3956;4095
2;2960;3267;3967;4095
2;2963;3271;3966;4095
2;2961;3271;3963;4095
2;2961;3269;3970;4095
2;2960;3270;3968;4095
2;2960;3265;3969;4095
2;2961;3270;3970;4095
2;2956;3263;3965;4095
2;2959;3267;3966;4095
2;2957;3266;3965;4095
2;2950;3264;3962;4095
2;2953;3264;3967;4095
2;2960;3273;3962;4095
2;2961;3278;3968;4095
2;2963;3277;3965;4095
2;2966;3275;3965;4095
2;2962;3271;3959;4095
2;2965;3271;3958;4095
2;2962;3271;3957;4095
2;2961;3274;3970;4095
2;2962;3271;3967;4095
2;2964;3275;3966;4095
2;2961;3278;3965;4095
2;2962;3271;3962;4095
2;2959;3266;3962;4095
2;2960;3269;3961;4095
2;2957;3264;3965;4095
2;2957;3264;3961;4095
2;2957;3268;3968;4095
2;2947;3262;3957;4095
2;2947;3262;3966;4095
2;2946;3259;3965;4095
2;2946;3263;3963;4095
2;2945;3262;3963;4095
2;2947;3257;3963;4095
2;2942;3256;3955;4095
2;2935;3253;3968;4095
2;2939;3253;3965;4095
2;2951;3264;3965;4095
2;2949;3264;3970;4095
2;2955;3269;3970;4095
2;2959;3270;3970;4095
2;2957;3273;3967;4095
2;2947;3263;3966;4095
2;2944;3263;3983;4095
2;2949;3265;3971;4095
2;2951;3265;3968;4095
2;2950;3263;3968;4095
2;2951;3266;3969;4095
2;2951;3265;3967;4095
2;2951;3266;3962;4095
2;2950;3266;3978;4095
2;2948;3269;3969;4095
2;2946;3264;3968;4095
2;2950;3263;3967;4095
2;2947;3263;3964;4095
2;2948;3267;3967;4095
2;2950;3264;3959;4095
2;2947;3265;3966;4095
2;2947;3262;3970;4095
2;2947;3265;3963;4095
2;2946;3268;3966;4095
2;2945;3262;3967;4095
2;2946;3264;3965;4095
2;2939;3261;3967;4095
2;2945;3265;3968;4095
2;2947;3265;3971;4095
2;2949;3263;3967;4095
2;2943;3264;3967;4095
2;2950;3263;3971;4095
2;2947;3265;3974;4095
2;2946;3260;3967;4095
2;2945;3264;3958;4095
2;2946;3265;3965;4095
2;2944;3262;3972;4095
2;2946;3264;3967;4095
2;2943;3262;3970;4095
2;2945;3259;3968;4095
2;2946;3269;3967;4095
2;2946;3263;3976;4095
2;2945;3262;3971;4095
2;2942;3261;3969;4095
2;2944;3261;3969;4095
2;2945;3263;3970;4095
2;2944;3263;3968;4095
2;2944;3264;3970;4095
2;2944;3263;3970;4095
2;2945;3265;3973;4095
2;2942;3264;3972;4095
2;2944;3264;3967;4095
2;2944;3261;3971;4095
2;2943;3263;3969;4095
2;2941;3264;3969;4095
2;2943;3261;3973;4095
2;2940;3263;3971;4095
2;2943;3264;3978;4095
2;2939;3261;3973;4095
2;2944;3264;3971;4095
2;2945;3263;3965;4095
2;2945;3265;3969;4095
2;2944;3264;3967;4095
2;2945;3269;3974;4095
2;2944;3263;3970;4095
2;2944;3266;3968;4095
2;2939;3263;3968;4095
2;2944;3267;3971;4095
2;2945;3265;3973;4095
2;2943;3264;3971;4095
2;2945;3264;3965;4095
2;2946;3264;3973;4095
2;2943;3263;3975;4095
2;2944;3264;3971;4095
2;2943;3261;3963;4095
2;2943;3264;3973;4095
2;2945;3265;3974;4095
2;2944;3263;3969;4095
2;2944;3264;3972;4095
2;2944;3263;3978;4095
2;2945;3264;3981;4095
2;2943;3265;3966;4095
2;2943;3265;3966;4095
2;2945;3262;3979;4095
2;2941;3263;3969;4095
2;2943;3264;3975;4095
2;2941;3263;3972;4095
2;2939;3257;3973;4095
2;2941;3261;3969;4095
2;2941;3260;3967;4095
2;2940;3259;3973;4095
2;2942;3263;3969;4095
2;2941;3258;3973;4095
2;2942;3262;3973;4095
2;2976;3285;3970;4095
2;2995;3300;3966;4095
2;2962;3277;3983;4095
2;2943;3266;3975;4095
2;2953;3263;3968;4095
2;2957;3270;3964;4095
2;2958;3270;3969;4095
2;2954;3269;3963;4095
2;2957;3267;3979;4095
3;2951;3264;3973;4095
3;2951;3267;3965;4095
3;2957;3264;3971;4095
3;2946;3265;3966;4095
3;2949;3267;3975;4095
3;2949;3267;3968;4095
3;2947;3265;3969;4095
3;2946;3266;3972;4095
3;2939;3264;3967;4095
3;2940;3265;3969;4095
3;2944;3263;3963;4095
3;2944;3263;3967;4095
3;2938;3264;3968;4095
3;2938;3269;3973;4095
3;2943;3260;3974;4095
3;2945;3264;3977;4095
3;2942;3266;3981;4095
3;2939;3261;3974;4095
3;2938;3262;3969;4095
3;2942;3259;3963;4095
3;2942;3260;3979;4095
3;2943;3261;3977;4095
3;2941;3262;3972;4095
3;2935;3259;3969;4095
3;2939;3261;3968;4095
3;2943;3261;3972;4095
3;2939;3263;3970;4095
3;2935;3262;3979;4095
3;2940;3263;3970;4095
3;2942;3262;3967;4095
3;2934;3259;3973;4095
3;2939;3255;3971;4095
3;2940;3257;3969;4095
3;2938;3266;3967;4095
3;2935;3259;3978;4095
3;2938;3257;3973;4095
3;2941;3259;3973;4095
3;2938;3257;3967;4095
3;2939;3261;3973;4095
3;2938;3261;3978;4095
3;2941;3262;3972;4095
3;2940;3258;3971;4095
3;2937;3262;3975;4095
3;2938;3262;3968;4095
3;2934;3261;3968;4095
3;2937;3258;3967;4095
3;2937;3262;3969;4095
3;2934;3264;3962;4095
3;2939;3259;3969;4095
3;2933;3259;3971;4095
3;2934;3259;3968;4095
3;2937;3261;3974;4095
3;2938;3261;3970;4095
3;2937;3262;3971;4095
3;2937;3255;3968;4095
3;2935;3257;3977;4095
3;2933;3254;3967;4095
3;2930;3255;3973;4095
3;2931;3252;3970;4095
3;2935;3263;3982;4095
3;2941;3260;3968;4095
3;2931;3259;3971;4095
3;2929;3259;3974;4095
3;2933;3255;3966;4095
3;2933;3255;3977;4095
3;2931;3257;3971;4095
3;2932;3256;3969;4095
3;2931;3259;3974;4095
3;2931;3254;3971;4095
3;2935;3255;3971;4095
3;2932;3258;3972;4095
3;2928;3254;3971;4095
3;2931;3255;3973;4095
3;2932;3258;3967;4095
3;2935;3259;3972;4095
3;2935;3255;3971;4095
3;2934;3251;3971;4095
3;2932;3255;3973;4095
3;2934;3253;3974;4095
3;2934;3259;3971;4095
3;2933;3255;3968;4095
3;2933;3259;3973;4095
3;2933;3255;3977;4095
3;2928;3259;3967;4095
3;2931;3258;3965;4095
3;2929;3253;3970;4095
3;2929;3253;3970;4095
3;2929;3251;3962;4095
3;2928;3250;3967;4095
3;2926;3250;3970;4095
3;2925;3250;3962;4095
3;2927;3249;3971;4095
3;2922;3249;3966;4095
3;2917;3248;3977;4095
3;2922;3248;3964;4095
3;2924;3248;3969;4095
3;2919;3247;3971;4095
3;2922;3249;3969;4095
3;2926;3247;3967;4095
3;2926;3248;3963;4095
3;2924;3248;3969;4095
3;2921;3250;3975;4095
3;2927;3248;3963;4095
3;2926;3250;3977;4095
3;2926;3249;3966;4095
3;2923;3248;3975;4095
3;2925;3248;3968;4095
3;2927;3248;3967;4095
3;2925;3254;3978;4095
3;2927;3252;3968;4095
3;2923;3250;3971;4095
3;2928;3254;3963;4095
3;2927;3253;3969;4095
3;2925;3249;3962;4095
3;2927;3257;3980;4095
3;2922;3253;3969;4095
3;2928;3251;3968;4095
3;2925;3249;3979;4095
3;2927;3251;3965;4095
3;2927;3250;3968;4095
3;2926;3248;3973;4095
3;2927;3249;3968;4095
3;2928;3251;3971;4095
3;2927;3257;3962;4095
3;2927;3249;3973;4095
3;2926;3248;3977;4095
3;2926;3250;3984;4095
3;2927;3254;3974;4095
3;2926;3251;3971;4095
3;2927;3253;3969;4095
3;2928;3252;3958;4095
3;2928;3250;3969;4095
3;2928;3254;3976;4095
3;2927;3253;3968;4095
3;2927;3251;3970;4095
3;2928;3250;3961;4095
3;2927;3253;3974;4095
3;2928;3255;3970;4095
3;2929;3251;3966;4095
3;2927;3253;3973;4095
3;2925;3250;3969;4095
3;2926;3249;3974;4095
3;2923;3249;3967;4095
3;2928;3253;3974;4095
3;2927;3251;3975;4095
3;2927;3254;3963;4095
3;2923;3253;3972;4095
3;2928;3255;3979;4095
3;2927;3251;3972;4095
3;2929;3255;3979;4095
3;2929;3255;3968;4095
3;2928;3253;3977;4095
3;2928;3251;3968;4095
3;2929;3255;3963;4095
3;2928;3253;3981;4095
3;2928;3253;3966;4095
3;2929;3254;3972;4095
3;2928;3256;3971;4095
3;2928;3255;3970;4095
3;2927;3253;3975;4095
3;2928;3253;3969;4095
3;2930;3253;3971;4095
3;2928;3253;3969;4095
3;2928;3257;3971;4095
3;2928;3253;3967;4095
3;2928;3255;3978;4095
3;2930;3255;3971;4095
3;2928;3255;3964;4095
3;2928;3254;3977;4095
3;2928;3255;3969;4095
3;2926;3251;3971;4095
3;2928;3253;3975;4095
3;2928;3255;3969;4095
3;2926;3253;3971;4095
3;2928;3253;3968;4095
3;2928;3254;3967;4095
3;2928;3249;3970;4095
3;2928;3251;3968;4095
3;2941;3259;3969;4095
3;2941;3262;3971;4095
3;2944;3263;3977;4095
3;2947;3265;3980;4095
3;2945;3265;3965;4095
3;2944;3264;3969;4095
3;2945;3265;3963;4095
3;2948;3265;3966;4095
3;2946;3265;3967;4095
3;2950;3264;3969;4095
3;2949;3264;3969;4095
3;2946;3263;3970;4095
3;2947;3264;3971;4095
3;2950;3269;3965;4095
3;2951;3263;3975;4095
3;2947;3265;3979;4095
3;2951;3269;3964;4095
3;2950;3269;3970;4095
3;2953;3266;3974;4095
3;2947;3264;3969;4095
3;2952;3267;3963;4095
3;2946;3266;3969;4095
3;2945;3264;3967;4095
3;2948;3262;3979;4095
3;2944;3264;3974;4095
3;2939;3266;3962;4095
3;2945;3259;3967;4095
3;2947;3261;3970;4095
3;2942;3261;3967;4095
3;2934;3265;3971;4095
3;2943;3263;3969;4095
3;2946;3264;3971;4095
3;2947;3270;3971;4095
3;2951;3274;3981;4095
3;2950;3268;3971;4095
3;2949;3270;3966;4095
3;2945;3269;3974;4095
3;2949;3267;3971;4095
3;2950;3267;3973;4095
3;2945;3261;3971;4095
3;2947;3265;3979;4095
3;2948;3267;3971;4095
3;2951;3266;3965;4095
3;2949;3264;3981;4095
3;2945;3264;3975;4095
3;2942;3263;3977;4095
3;2944;3263;3982;4095
3;2944;3262;3978;4095
3;2944;3267;3977;4095
3;2941;3263;3981;4095
3;2939;3262;3973;4095
3;2941;3261;3968;4095
3;2938;3261;3973;4095
3;2939;3264;3969;4095
3;2938;3264;3971;4095
3;2935;3263;3979;4095
3;2938;3257;3974;4095
3;2933;3254;3970;4095
3;2935;3257;3977;4095
3;2934;3260;3967;4095
3;2935;3259;3968;4095
3;2935;3261;3969;4095
4;2934;3258;3975;4095
4;2939;3259;3968;4095
4;2935;3258;3981;4095
4;2935;3258;3970;4095
4;2931;3260;3984;4095
4;2930;3259;3963;4095
4;2931;3257;3968;4095
4;2932;3258;3965;4095
4;2933;3258;3969;4095
4;2932;3257;3973;4095
4;2931;3257;3969;4095
4;2929;3258;3970;4095
4;2932;3258;3969;4095
4;2934;3261;3967;4095
4;2933;3261;3973;4095
4;2928;3255;3970;4095
4;2931;3259;3969;4095
4;2931;3253;3971;4095
4;2929;3255;3969;4095
4;2932;3257;3974;4095
4;2932;3257;3972;4095
4;2930;3252;3973;4095
4;2931;3254;3969;4095
4;2929;3253;3970;4095
4;2929;3254;3975;4095
4;2929;3252;3968;4095
4;2928;3248;3971;4095
4;2929;3253;3979;4095
4;2929;3253;3979;4095
4;2928;3251;3981;4095
4;2929;3257;3973;4095
4;2935;3259;3964;4095
4;2938;3258;3969;4095
4;2935;3258;3970;4095
4;2935;3258;3973;4095
4;2934;3259;3975;4095
4;2933;3253;3979;4095
4;2933;3257;3973;4095
4;2928;3258;3977;4095
4;2932;3257;3974;4095
4;2935;3255;3973;4095
4;2931;3255;3975;4095
4;2934;3260;3979;4095
4;2933;3262;3974;4095
4;2930;3254;3972;4095
4;2933;3256;3973;4095
4;2934;3257;3975;4095
4;2938;3259;3984;4095
4;2930;3255;3965;4095
4;2933;3255;3967;4095
4;2937;3259;3973;4095
4;2931;3256;3974;4095
4;2931;3253;3969;4095
4;2934;3254;3966;4095
4;2939;3258;3975;4095
4;2943;3264;3975;4095
4;2947;3266;3969;4095
4;2944;3263;3974;4095
4;2944;3261;3968;4095
4;2944;3264;3975;4095
4;2945;3262;3964;4095
4;2945;3262;3973;4095
4;2943;3263;3979;4095
4;2944;3264;3970;4095
4;2933;3261;3974;4095
4;2942;3262;3971;4095
4;2938;3264;3972;4095
4;2935;3259;3970;4095
4;2929;3255;3970;4095
4;2934;3261;3973;4095
4;2933;3258;3974;4095
4;2931;3258;3975;4095
4;2937;3261;3981;4095
4;2935;3259;3971;4095
4;2933;3259;3971;4095
4;2933;3254;3969;4095
4;2934;3258;3974;4095
4;2933;3258;3970;4095
4;2933;3261;3967;4095
4;2931;3255;3975;4095
4;2933;3255;3970;4095
4;2928;3255;3977;4095
4;2933;3257;3974;4095
4;2931;3259;3971;4095
4;2935;3257;3971;4095
4;2930;3257;3963;4095
4;2931;3258;3975;4095
4;2933;3256;3973;4095
4;2930;3257;3967;4095
4;2930;3252;3974;4095
4;2932;3255;3967;4095
4;2931;3259;3982;4095
4;2931;3253;3973;4095
4;2940;3259;3970;4095
4;2941;3259;3975;4095
4;2949;3265;3983;4095
4;2954;3271;3967;4095
4;2949;3266;3963;4095
4;2958;3271;3978;4095
4;2960;3269;3965;4095
4;2959;3270;3975;4095
4;2954;3269;3969;4095
4;2960;3270;3974;4095
4;2960;3274;3978;4095
4;2960;3277;3983;4095
4;2957;3267;3970;4095
4;2957;3273;3971;4095
4;2954;3271;3973;4095
4;2954;3274;3975;4095
4;2947;3270;3975;4095
4;2950;3268;3978;4095
4;2947;3264;3984;4095
4;2949;3269;3982;4095
4;2943;3263;3963;4095
4;2946;3265;3966;4095
4;2945;3265;3978;4095
4;2945;3263;3966;4095
4;2943;3265;3973;4095
4;2943;3262;3977;4095
4;2943;3259;3978;4095
4;2939;3261;3977;4095
4;2941;3261;3974;4095
4;2938;3262;3971;4095
4;2941;3260;3970;4095
4;2935;3256;3975;4095
4;2941;3259;3968;4095
4;2938;3259;3975;4095
4;2937;3255;3969;4095
4;2933;3255;3975;4095
4;2932;3256;3973;4095
4;2929;3253;3968;4095
4;2932;3255;3969;4095
4;2931;3259;3983;4095
4;2930;3257;3971;4095
4;2933;3257;3971;4095
4;2932;3254;3964;4095
4;2931;3255;3973;4095
4;2931;3255;3975;4095
4;2933;3254;3977;4095
4;2932;3259;3973;4095
4;2933;3256;3972;4095
4;2933;3258;3969;4095
4;2929;3258;3968;4095
4;2933;3255;3971;4095
4;2934;3255;3973;4095
4;2933;3261;3973;4095
4;2934;3261;3971;4095
4;2935;3255;3971;4095
4;2934;3259;3978;4095
4;2934;3258;3974;4095
4;2932;3258;3970;4095
4;2932;3254;3977;4095
4;2933;3261;3972;4095
4;2930;3260;3983;4095
4;2934;3253;3968;4095
4;2930;3255;3973;4095
4;2931;3254;3975;4095
4;2929;3259;3963;4095
4;2935;3255;3973;4095
4;2932;3253;3970;4095
4;2939;3258;3973;4095
4;2937;3255;3972;4095
4;2931;3254;3975;4095
4;2931;3258;3970;4095
4;2933;3254;3977;4095
4;2935;3253;3974;4095
4;2932;3254;3981;4095
4;2931;3255;3971;4095
4;2932;3253;3971;4095
4;2934;3253;3970;4095
4;2930;3249;3971;4095
4;2930;3256;3967;4095
4;2929;3260;3967;4095
4;2928;3258;3978;4095
4;2929;3254;3967;4095
4;2930;3253;3971;4095
4;2928;3253;3971;4095
4;2929;3250;3973;4095
4;2930;3258;3968;4095
4;2931;3257;3975;4095
4;2929;3251;3973;4095
4;2930;3256;3972;4095
4;2928;3254;3982;4095
4;2928;3251;3979;4095
4;2931;3253;3976;4095
4;2928;3251;3970;4095
4;2929;3250;3971;4095
4;2929;3254;3977;4095
4;2929;3254;3971;4095
4;2932;3255;3969;4095
4;2931;3251;3981;4095
4;2933;3252;3969;4095
4;2933;3258;3974;4095
4;2930;3256;3974;4095
4;2934;3260;3968;4095
4;2931;3261;3976;4095
4;2931;3257;3979;4095
4;2932;3254;3983;4095
4;2932;3255;3967;4095
4;2931;3255;3975;4095
4;2931;3256;3981;4095
4;2931;3255;3975;4095
4;2930;3255;3984;4095
4;2933;3259;3975;4095
4;2928;3255;3972;4095
4;2928;3258;3967;4095
4;2930;3254;3979;4095
4;2928;3251;3972;4095
4;2929;3254;3968;4095
4;2929;3253;3975;4095
4;2930;3258;3969;4095
4;2931;3254;3971;4095
4;2930;3257;3983;4095
4;2927;3255;3977;4095
4;2932;3258;3968;4095
4;2930;3261;3974;4095
4;2928;3251;3975;4095
4;2928;3255;3978;4095
4;2929;3255;3975;4095
4;2928;3254;3970;4095
4;2928;3257;3970;4095
4;2929;3257;3973;4095
4;2928;3251;3978;4095
4;2929;3251;3969;4095
4;2930;3253;3975;4095
4;2929;3253;3975;4095
4;2928;3253;3979;4095
4;2928;3253;3973;4095
4;2928;3254;3967;4095
4;2929;3254;3977;4095
4;2929;3253;3978;4095
4;2928;3254;3984;4095
4;2928;3252;3978;4095
4;2928;3254;3987;4095
4;2927;3252;3979;4095
4;2932;3258;3972;4095
4;2928;3251;3975;4095
4;2928;3253;3973;4095
4;2928;3257;3984;4095
4;2928;3253;3973;4095
4;2928;3253;3976;4095
4;2924;3249;3970;4095
4;2928;3249;3972;4095
4;2927;3253;3974;4095
4;2925;3250;3971;4095
4;2926;3251;3981;4095
4;2928;3250;3978;4095
4;2928;3253;3971;4095
4;2927;3248;3973;4095
4;2929;3250;3968;4095
4;2927;3250;3974;4095
4;2928;3251;3979;4095
4;2928;3251;3974;4095
4;2928;3251;3975;4095
4;2927;3252;3971;4095
4;2928;3253;3965;4095
4;2927;3254;3974;4095
4;2928;3250;3980;4095
4;2928;3248;3981;4095
4;2927;3249;3977;4095
4;2921;3248;3967;4095
4;2928;3251;3969;4095
4;2927;3249;3973;4095
4;2927;3250;3969;4095
4;2926;3254;3971;4095
4;2927;3251;3968;4095
4;2928;3251;3977;4095
4;2925;3253;3970;4095
4;2928;3253;3969;4095
4;2928;3248;3975;4095
4;2927;3251;3975;4095
4;2926;3256;3971;4095
4;2927;3248;3968;4095
4;2925;3248;3967;4095
4;2928;3250;3969;4095
4;2928;3256;3971;4095
4;2928;3251;3970;4095
4;2926;3248;3979;4095
4;2928;3251;3977;4095
4;2926;3252;3963;4095
4;2931;3255;3974;4095
4;2938;3255;3969;4095
4;2931;3254;3972;4095
4;2933;3253;3974;4095
5;2932;3259;3970;4095
5;2933;3255;3974;4095
5;2934;3259;3971;4095
5;2931;3252;3971;4095
5;2932;3252;3967;4095
5;2928;3253;3983;4095
5;2939;3255;3978;4095
5;2933;3253;3981;4095
5;2934;3254;3966;4095
5;2934;3255;3969;4095
5;2929;3253;3971;4095
5;2933;3253;3977;4095
5;2935;3253;3969;4095
5;2938;3260;3967;4095
5;2943;3263;3978;4095
5;2943;3262;3969;4095
5;2939;3261;3974;4095
5;2932;3253;3968;4095
5;2931;3254;3973;4095
5;2928;3253;3973;4095
5;2931;3250;3969;4095
5;2928;3257;3970;4095
5;2930;3254;3974;4095
5;2930;3251;3974;4095
5;2931;3253;3973;4095
5;2928;3251;3974;4095
5;2930;3254;3974;4095
5;2929;3255;3972;4095
5;2930;3253;3974;4095
5;2931;3255;3977;4095
5;2928;3253;3973;4095
5;2928;3259;3970;4095
5;2932;3257;3979;4095
5;2929;3256;3974;4095
5;2928;3253;3979;4095
5;2929;3255;3984;4095
5;2929;3255;3981;4095
5;2931;3250;3971;4095
5;2928;3252;3967;4095
5;2929;3253;3975;4095
5;2928;3250;3978;4095
5;2928;3252;3974;4095
5;2928;3251;3966;4095
5;2926;3253;3968;4095
5;2930;3251;3971;4095
5;2931;3253;3972;4095
5;2930;3253;3966;4095
5;2928;3250;3981;4095
5;2921;3248;3968;4095
5;2924;3248;3980;4095
5;2923;3245;3965;4095
5;2922;3248;3973;4095
5;2922;3248;3975;4095
5;2928;3248;3973;4095
5;2928;3252;3973;4095
5;2926;3248;3967;4095
5;2926;3248;3967;4095
5;2926;3248;3973;4095
5;2927;3249;3968;4095
5;2925;3248;3984;4095
5;2926;3248;3970;4095
5;2925;3255;3973;4095
5;2928;3249;3981;4095
5;2928;3250;3971;4095
5;2924;3253;3975;4095
5;2928;3251;3967;4095
5;2926;3250;3973;4095
5;2927;3254;3977;4095
5;2927;3251;3968;4095
5;2925;3251;3971;4095
5;2927;3250;3973;4095
5;2927;3251;3970;4095
5;2927;3249;3975;4095
5;2927;3249;3978;4095
5;2925;3252;3977;4095
5;2928;3249;3971;4095
5;2927;3249;3970;4095
5;2927;3250;3973;4095
5;2928;3250;3968;4095
5;2928;3251;3974;4095
5;2928;3251;3984;4095
5;2930;3254;3984;4095
5;2934;3254;3975;4095
5;2935;3254;3978;4095
5;2930;3255;3967;4095
5;2928;3254;3972;4095
5;2929;3255;3972;4095
5;2930;3251;3973;4095
5;2929;3258;3972;4095
5;2928;3254;3973;4095
5;2928;3254;3974;4095
5;2928;3257;3971;4095
5;2928;3253;3978;4095
5;2928;3254;3963;4095
5;2928;3249;3979;4095
5;2930;3250;3978;4095
5;2928;3252;3970;4095
5;2928;3257;3974;4095
5;2929;3253;3975;4095
5;2928;3255;3973;4095
5;2928;3251;3982;4095
5;2927;3254;3984;4095
5;2926;3249;3973;4095
5;2926;3254;3975;4095
5;2925;3248;3981;4095
5;2927;3251;3980;4095
5;2925;3249;3969;4095
5;2926;3249;3966;4095
5;2927;3250;3979;4095
5;2929;3249;3983;4095
5;2926;3253;3978;4095
5;2927;3250;3984;4095
5;2927;3253;3973;4095
5;2929;3253;3976;4095
5;2928;3251;3973;4095
5;2928;3251;3984;4095
5;2927;3250;3981;4095
5;2928;3253;3973;4095
5;2928;3252;3973;4095
5;2928;3255;3968;4095
5;2928;3255;3982;4095
5;2927;3252;3975;4095
5;2926;3252;3973;4095
5;2925;3252;3971;4095
5;2927;3254;3979;4095
5;2927;3254;3982;4095
5;2925;3250;3981;4095
5;2928;3249;3973;4095
5;2928;3252;3980;4095
5;2928;3251;3982;4095
5;2924;3251;3979;4095
5;2925;3249;3969;4095
5;2926;3250;3978;4095
5;2926;3254;3978;4095
5;2920;3248;3983;4095
5;2925;3251;3984;4095
5;2928;3251;3977;4095
5;2927;3251;3975;4095
5;2927;3253;3981;4095
5;2927;3254;3973;4095
5;2925;3250;3983;4095
5;2928;3251;3979;4095
5;2921;3249;3975;4095
5;2926;3253;3974;4095
5;2928;3253;3980;4095
5;2926;3253;3977;4095
5;2925;3251;3978;4095
5;2927;3251;3977;4095
5;2922;3251;3971;4095
5;2926;3250;3975;4095
5;2923;3248;3967;4095
5;2928;3249;3973;4095
5;2927;3251;3977;4095
5;2927;3251;3974;4095
5;2926;3250;3969;4095
5;2927;3250;3971;4095
5;2928;3250;3971;4095
