1;3071;3344;3963;4093
1;3071;3343;3967;4091
1;3071;3344;3952;4095
1;3071;3340;3972;4085
1;3078;3344;3952;4073
1;3066;3357;3972;4095
1;3277;3533;4070;4095
1;3141;3415;4016;4095
1;3056;3334;3958;4095
1;3233;3493;4032;4095
1;3350;3600;4080;4095
1;3163;3430;4010;4095
1;3087;3367;3969;4095
1;3401;3644;4095;4095
1;3226;3491;4054;4095
1;3170;3456;4022;4095
1;3134;3409;4008;4095
1;3135;3408;3992;4095
1;3175;3456;4048;4095
1;3058;3344;3985;4095
1;3008;3299;3955;4095
1;3006;3303;3965;4095
1;3014;3315;3974;4095
1;3097;3378;4016;4095
1;3099;3377;4011;4095
1;3218;3504;4067;4095
1;3087;3376;4007;4095
1;3293;3567;4059;4095
1;3109;3379;3986;4095
1;3102;3373;3989;4095
1;3070;3349;3984;4095
1;3046;3343;4002;4095
1;3029;3322;3980;4080
1;3068;3346;3981;4084
1;3115;3392;3969;4095
1;3110;3376;3985;4095
1;3087;3359;3981;4095
1;3163;3418;4018;4095
1;3037;3327;3972;4095
1;4095;4095;4095;4095
1;4095;4095;4095;4095
1;3216;3476;4048;4095
1;3290;3541;4069;4095
1;3318;3571;4095;4095
1;3230;3490;4062;4095
1;3179;3440;4034;4095
1;3152;3421;4021;4095
1;3051;3345;3991;4095
1;3120;3387;4000;4095
1;3126;3392;3991;4095
1;3136;3401;3993;4095
1;3121;3389;3987;4095
1;3143;3417;4000;4095
1;3158;3428;4022;4095
1;3158;3424;4017;4095
1;3058;3344;3980;4095
1;3056;3347;3977;4086
1;3066;3348;3982;4095
1;3079;3355;3979;4095
1;3085;3359;3981;4095
1;3149;3410;4007;4095
1;3136;3398;4016;4095
1;3125;3394;3998;4095
1;3105;3375;3989;4095
1;3131;3400;4001;4095
1;3148;3421;4002;4095
1;3093;3376;3999;4095
1;3098;3376;3990;4091
1;3105;3384;3990;4095
1;3126;3392;3999;4095
1;3119;3385;3990;4095
1;3127;3391;3999;4095
1;3099;3374;3987;4095
1;3088;3367;3999;4095
1;3069;3353;3994;4095
1;3053;3349;3984;4095
1;3065;3353;3994;4095
1;3094;3371;3988;4095
1;3095;3376;4004;4095
1;3095;3374;3991;4095
1;3105;3385;3986;4095
1;3120;3393;3994;4095
1;3119;3392;4005;4095
1;3130;3403;4014;4095
1;3127;3401;4006;4095
1;3130;3390;4007;4095
1;3130;3405;4002;4095
1;3133;3397;3984;4095
1;3114;3383;4016;4095
1;3125;3401;4009;4095
1;3136;3408;4012;4095
1;3136;3407;4020;4095
1;3147;3408;4013;4095
1;3175;3439;4016;4095
1;3145;3420;4006;4095
1;3145;3408;4002;4095
1;3077;3355;3987;4095
1;3085;3354;3986;4095
1;3110;3377;3934;4095
1;3116;3376;3978;4093
1;3120;3378;3978;4095
1;3152;3408;3995;4095
1;3167;3421;4012;4095
1;3153;3417;4009;4095
1;3161;3423;4011;4095
1;3152;3411;4011;4095
1;3154;3425;4016;4095
1;3152;3418;4015;4095
1;3152;3409;3999;4095
1;3158;3418;3998;4095
1;3152;3415;4000;4095
1;3158;3425;4009;4095
1;3142;3407;3995;4095
1;3165;3419;4006;4095
1;3146;3408;3990;4095
1;3121;3390;3986;4095
1;3118;3404;3991;4095
1;3122;3405;3976;4095
1;3139;3402;4001;4095
1;3131;3406;3984;4095
1;3121;3391;3963;4095
1;3134;3399;4009;4095
1;3146;3412;3999;4095
1;3169;3425;4012;4095
1;3152;3414;3999;4095
1;3117;3397;3999;4095
1;3092;3365;3978;4095
1;3091;3355;3949;4095
1;3083;3354;3967;4095
1;3088;3359;3982;4095
1;3090;3363;3993;4095
1;3079;3350;3961;4095
1;3077;3344;3965;4095
1;3083;3351;3952;4095
1;3235;3467;4035;4095
1;3203;3455;4043;4095
1;3088;3346;3968;4095
1;3090;3355;3970;4095
1;3085;3348;3965;4095
1;3071;3344;3975;4095
1;3088;3357;3978;4094
1;3097;3353;3978;4090
1;3126;3389;3982;4095
1;3150;3405;3999;4095
1;3119;3380;3973;4095
1;3106;3371;3987;4080
1;3088;3370;3981;4095
1;3079;3352;3983;4095
1;3086;3360;3979;4095
1;3085;3363;3987;4095
1;3086;3362;3984;4095
1;3086;3355;3994;4095
1;3087;3366;3990;4095
1;3088;3366;3983;4095
1;3089;3356;3984;4095
1;3088;3365;4002;4095
1;3088;3359;3982;4095
1;3088;3357;3985;4095
1;3088;3367;3972;4095
1;3087;3370;3987;4095
1;3089;3365;3997;4095
1;3088;3359;3989;4095
1;3079;3362;3984;4095
1;3083;3349;3993;4095
1;3071;3363;3986;4095
1;3086;3361;3981;4095
1;3085;3371;3985;4095
1;3079;3367;3983;4095
1;3088;3360;3985;4095
1;3088;3369;3976;4095
1;3088;3365;3985;4095
1;3088;3366;3986;4095
1;3091;3362;3968;4095
1;3088;3366;3984;4095
1;3306;3569;4079;4095
1;3051;3345;3983;4091
1;3106;3387;4011;4095
1;3014;3312;3974;4095
1;3014;3312;3962;4094
1;4095;4095;4095;4095
1;3026;3315;3963;4095
1;4095;4095;4095;4095
1;4095;4095;4095;4095
1;3738;3905;4095;4095
1;4095;4095;4095;4095
1;3024;3312;3982;4095
1;3024;3312;3969;4095
1;3035;3331;3984;4095
1;3264;3529;4093;4095
1;3263;3600;4095;4095
1;4095;4095;4095;4095
1;3324;3616;4075;4095
1;3203;3487;4058;4095
1;4095;4095;4095;4095
1;3246;3520;4069;4095
1;3215;3475;4051;4095
1;3179;3441;4025;4095
1;3246;3490;4089;4095
1;3209;3471;4045;4095
1;4095;4095;4095;4095
1;4095;4095;4095;4095
1;4095;4095;4095;4095
1;4095;4095;4095;4095
1;4095;4095;4095;4095
1;3175;3445;4033;4095
1;3118;3397;4003;4095
1;3659;3866;4095;4095
1;3216;3483;4054;4095
1;3213;3473;4043;4095
1;3219;3486;4055;4095
1;3283;3545;4087;4095
1;3154;3421;4021;4095
1;3134;3409;4003;4095
1;3123;3408;4016;4095
1;3087;3362;3974;4095
1;3040;3331;3969;4090
1;3042;3343;3975;4095
1;3056;3339;3963;4095
1;3077;3342;3959;4093
1;3071;3347;3965;4093
1;3051;3330;3937;4086
1;3069;3346;3969;4086
1;3065;3343;3974;4095
1;3088;3363;3984;4095
1;3111;3376;4002;4095
1;3067;3346;3971;4095
1;3062;3345;3971;4095
1;3066;3347;3965;4095
1;3063;3344;3975;4095
1;3064;3344;3974;4095
1;3065;3344;3972;4094
1;3070;3343;3981;4095
1;3069;3353;3977;4095
1;3056;3341;3953;4095
1;3068;3345;3973;4095
1;3261;3504;4058;4095
1;3071;3345;3984;4073
1;3067;3344;3949;4095
1;3184;3443;4013;4095
1;3067;3344;3974;4090
1;3061;3330;3969;4095
1;3056;3343;3984;4095
1;3060;3351;3965;4095
1;3059;3344;3967;4095
1;3056;3345;3973;4095
1;3104;3383;3986;4095
1;3057;3343;3981;4095
1;3062;3331;3969;4095
1;3082;3345;3970;4095
1;3078;3344;3966;4095
1;3088;3359;3975;4095
1;3057;3340;3975;4093
1;3056;3340;3970;4095
1;3088;3365;3994;4095
1;3103;3376;3991;4095
1;3094;3376;3985;4095
1;3120;3387;3999;4095
1;3062;3344;3971;4095
1;3079;3349;3963;4095
1;3062;3350;3981;4095
1;3084;3359;3984;4095
1;3079;3351;3984;4095
1;3091;3367;3991;4095
1;3088;3355;3983;4095
1;3069;3357;3970;4095
1;3068;3357;3984;4095
1;3069;3344;3968;4095
1;3070;3344;3975;4095
1;3067;3349;3978;4095
1;3066;3349;3979;4095
1;3071;3346;3975;4095
1;3066;3353;3965;4095
1;3071;3354;3877;4095
1;3071;3350;3869;4094
1;3077;3352;3878;4095
1;3069;3349;3969;4095
1;3069;3347;3974;4095
1;3069;3347;3894;4095
1;3057;3347;3974;4095
1;3070;3348;3834;4095
1;3082;3358;3984;4095
1;3063;3344;3970;4095
1;3057;3344;3977;4095
1;3059;3344;3984;4095
1;3062;3343;3979;4095
1;3061;3324;3933;4095
1;3059;3345;3980;4095
1;3061;3339;3975;4095
1;3063;3344;3958;4095
1;3062;3344;3968;4095
1;3062;3345;3977;4095
1;3059;3345;3971;4095
1;3065;3341;3984;4095
1;3061;3343;3968;4095
1;3056;3344;3971;4095
1;3062;3344;3986;4095
1;3059;3345;3963;4095
1;3065;3344;3975;4095
1;3065;3345;3984;4095
1;3093;3362;3970;4095
1;3079;3346;3975;4095
1;3105;3370;3981;4095
1;3049;3337;3831;4095
1;4095;4095;4095;4095
1;4095;4095;4095;4095
1;4095;4095;4095;4095
1;3091;3366;3859;4095
1;3133;3398;3857;4095
1;3141;3407;3855;4095
1;3127;3403;3871;4095
1;3125;3392;3861;4095
1;3125;3394;3866;4095
1;3126;3395;3863;4095
1;3126;3394;3863;4095
1;3121;3390;3870;4095
1;3120;3391;3856;4095
1;3120;3393;3875;4095
1;3114;3381;3858;4095
1;3120;3389;3865;4095
1;3117;3383;3861;4095
2;3118;3386;3867;4095
2;3117;3385;3862;4095
2;3114;3389;3856;4095
2;3122;3397;3875;4095
2;3126;3391;3869;4095
2;3127;3397;3873;4095
2;3120;3387;3872;4095
2;3118;3372;3857;4095
2;3118;3380;3854;4095
2;3115;3383;3858;4095
2;3113;3388;3872;4095
2;3119;3390;3863;4095
2;3118;3393;3855;4095
2;3117;3386;3874;4095
2;3117;3386;3858;4095
2;3115;3375;3855;4095
2;3115;3382;3863;4095
2;3111;3373;3874;4095
2;3111;3382;3854;4095
2;3109;3377;3861;4095
2;3110;3380;3870;4095
2;3113;3377;3863;4095
2;3105;3379;3871;4095
2;3108;3382;3871;4095
2;3103;3365;3856;4095
2;3114;3375;3866;4095
2;3110;3376;3863;4095
2;3109;3375;3857;4095
2;3107;3377;3866;4095
2;3106;3376;3879;4095
2;3097;3372;3856;4095
2;3106;3375;3874;4095
2;3102;3392;3853;4095
2;3108;3370;3851;4095
2;3104;3373;3872;4095
2;3105;3367;3865;4095
2;3113;3379;3902;4095
2;3105;3375;3863;4095
2;3105;3371;3863;4095
2;3101;3378;3877;4095
2;3118;3385;3856;4095
2;3114;3376;3857;4095
2;3105;3381;3861;4095
2;3107;3375;3859;4095
2;3099;3374;3858;4095
2;3104;3371;3869;4095
2;3097;3376;3858;4095
2;3103;3369;3870;4095
2;3101;3376;3872;4095
2;3107;3377;3877;4095
2;3105;3377;3857;4095
2;3100;3375;3873;4095
2;3111;3387;3850;4095
2;3109;3382;3866;4095
2;3100;3373;3867;4095
2;3103;3375;3869;4095
2;3099;3376;3857;4095
2;3096;3367;3859;4095
2;3098;3371;3856;4095
2;3099;3373;3873;4095
2;3099;3378;3874;4095
2;3099;3370;3871;4095
2;3099;3372;3866;4095
2;3099;3375;3874;4095
2;3099;3376;3860;4095
2;3098;3375;3857;4095
2;3109;3349;3859;4095
2;3093;3363;3879;4095
2;3105;3376;3850;4095
2;3090;3372;3867;4095
2;3103;3370;3858;4095
2;3098;3366;3868;4095
2;3095;3370;3856;4095
2;3097;3373;3862;4095
2;3104;3374;3875;4095
2;3091;3370;3866;4095
2;3084;3363;3873;4095
2;3085;3375;3875;4095
2;3091;3371;3863;4095
2;3086;3373;3861;4095
2;3098;3375;3871;4095
2;3100;3376;3856;4095
2;3102;3378;3857;4095
2;3103;3376;3870;4095
2;3063;3349;3859;4095
2;2978;3286;3876;4095
2;3057;3346;3883;4095
2;3121;3393;3871;4095
2;3119;3381;3865;4095
2;3104;3389;3883;4095
2;3079;3363;3866;4095
2;3090;3369;3847;4095
2;3110;3382;3867;4095
2;3113;3379;3876;4095
2;3107;3383;3863;4095
2;3110;3380;3872;4095
2;3107;3390;3879;4095
2;3115;3391;3879;4095
2;3106;3379;3888;4095
2;3101;3375;3881;4095
2;3092;3374;3867;4095
2;3098;3371;3874;4095
2;3098;3376;3867;4095
2;3097;3373;3865;4095
2;3099;3385;3875;4095
2;3099;3371;3871;4095
2;3098;3376;3887;4095
2;3101;3376;3882;4095
2;3093;3373;3888;4095
2;3097;3376;3879;4095
2;3110;3380;3875;4095
2;3105;3390;3879;4095
2;3103;3376;3888;4095
2;3100;3376;3872;4095
2;3095;3385;3877;4095
2;3092;3376;3888;4095
2;3102;3378;3872;4095
2;3093;3373;3877;4095
2;3088;3376;3890;4095
2;3102;3373;3888;4095
2;3100;3376;3884;4095
2;3098;3375;3868;4095
2;3091;3373;3886;4095
2;3099;3376;3877;4095
2;3099;3376;3882;4095
2;3094;3385;3875;4095
2;3102;3373;3879;4095
2;3103;3381;3873;4095
2;3091;3376;3888;4095
2;3104;3376;3865;4095
2;3095;3376;3874;4095
2;3106;3379;3881;4095
2;3101;3377;3888;4095
2;3107;3385;3984;4095
2;3106;3373;3918;4095
2;3113;3376;3985;4095
2;3099;3370;3861;4095
2;3103;3365;3851;4095
2;3088;3363;3856;4095
2;3088;3354;3841;4095
2;3089;3361;3869;4095
2;3068;3357;3857;4095
2;3085;3365;3872;4095
2;3086;3360;3863;4095
2;3085;3357;3874;4095
2;3086;3345;3879;4095
2;3085;3354;3867;4095
2;3083;3359;3856;4095
2;3086;3361;3875;4095
2;3084;3360;3858;4095
2;3083;3360;3868;4095
2;3056;3344;3881;4095
2;3056;3344;3990;4095
2;3058;3350;3870;4095
2;3069;3353;3879;4095
2;3071;3363;3871;4095
2;3056;3347;3995;4095
2;2991;3287;3969;4095
2;2985;3287;3970;4095
2;2986;3290;3967;4095
2;3003;3306;3977;4095
2;3002;3303;3975;4095
2;3011;3312;3980;4095
2;3007;3296;3978;4095
2;3018;3312;3978;4095
2;3015;3317;3969;4095
2;3037;3327;3971;4095
2;3040;3330;3969;4095
2;3051;3335;3989;4095
2;3043;3337;3984;4095
2;3042;3328;3986;4095
2;3057;3342;3989;4095
2;3067;3346;3983;4095
2;3078;3366;4007;4095
2;3197;3459;4048;4095
2;4095;4095;4095;4095
2;3145;3410;4019;4095
2;3122;3405;3946;4095
2;3118;3408;4016;4095
2;3063;3347;3989;4095
2;3056;3350;3989;4095
2;3053;3347;3996;4095
2;3056;3347;3983;4095
2;3054;3344;3955;4095
2;3051;3343;3997;4095
2;3083;3367;4000;4095
2;3088;3362;3987;4095
2;3069;3351;4002;4095
2;3044;3322;3888;4095
2;3114;3376;3897;4095
2;3028;3312;3854;4095
2;3090;3374;3885;4095
2;3087;3360;3879;4095
2;3087;3356;3875;4095
2;3088;3381;3893;4095
2;3103;3391;3874;4095
2;3088;3370;3888;4095
2;3097;3375;3880;4095
2;3098;3373;3887;4095
2;3109;3386;3890;4095
2;3094;3375;3888;4095
2;3108;3382;3893;4095
2;3085;3356;3882;4095
2;3061;3349;3891;4095
2;3063;3351;3886;4095
2;3063;3353;3875;4095
2;3081;3365;3897;4095
2;3090;3375;3888;4095
2;3082;3345;3884;4095
2;3088;3366;3888;4095
2;3085;3371;3888;4095
2;3083;3370;3905;4095
2;3094;3374;3902;4095
2;3087;3364;3891;4095
2;3083;3370;3893;4095
2;3091;3373;3891;4095
2;3089;3368;3903;4095
2;3089;3371;3895;4095
2;3089;3365;3899;4095
2;3091;3365;3905;4095
2;3053;3343;3883;4095
2;3056;3343;3881;4095
2;3052;3350;3899;4095
2;3051;3344;3892;4095
2;3054;3338;3885;4095
2;3056;3343;3866;4095
2;3056;3344;3877;4095
2;3055;3342;3881;4095
2;3058;3344;3888;4095
2;3057;3344;3882;4095
2;3056;3344;3882;4095
2;3056;3340;3885;4091
3;3071;3353;3893;4095
3;3063;3351;3882;4095
3;3081;3357;3903;4095
3;3081;3359;3898;4095
3;3079;3377;3887;4095
3;3071;3360;3899;4095
3;3082;3355;3879;4095
3;3080;3357;3874;4095
3;3090;3354;3894;4095
3;3085;3361;3909;4095
3;3085;3361;3888;4095
3;3078;3361;3899;4095
3;3069;3357;3898;4095
3;3069;3347;3892;4095
3;3070;3356;3888;4095
3;3063;3362;3885;4095
3;3067;3354;3891;4095
3;3071;3349;3897;4095
3;3063;3339;3899;4095
3;3071;3351;3889;4095
3;3071;3357;3889;4095
3;3066;3346;3897;4095
3;3070;3360;3890;4095
3;3071;3355;3915;4095
3;3078;3359;3888;4095
3;3095;3371;3877;4095
3;3088;3357;3898;4095
3;3088;3360;3887;4095
3;3083;3362;3891;4095
3;3088;3358;3890;4095
3;3083;3362;3905;4095
3;3037;3339;3903;4095
3;3043;3344;3933;4095
3;3159;3453;3956;4095
3;3071;3385;3951;4095
3;3120;3390;3895;4095
3;3107;3371;3883;4095
3;3029;3325;3883;4095
3;3061;3345;3884;4095
3;3088;3365;3885;4095
3;3088;3356;3899;4095
3;3065;3350;3891;4095
3;3056;3338;3884;4095
3;3039;3346;3870;4075
3;3050;3341;3874;4095
3;3054;3344;3871;4095
3;3047;3344;3888;4095
3;3065;3351;3889;4095
3;3066;3361;3875;4095
3;3088;3370;3902;4095
3;3071;3361;3894;4095
3;3083;3362;3891;4095
3;3071;3355;3885;4095
3;3078;3362;3889;4095
3;3070;3350;3890;4095
3;3085;3361;3889;4095
3;3089;3376;3907;4095
3;3095;3367;3883;4095
3;3088;3379;3903;4095
3;3094;3376;3888;4095
3;3091;3374;3888;4095
3;3090;3376;3890;4095
3;3095;3379;3904;4095
3;3097;3379;3898;4095
3;3110;3382;3905;4095
3;3110;3381;3915;4095
3;3122;3396;3910;4095
3;3115;3383;3920;4095
3;3105;3392;3877;4095
3;3103;3377;3898;4095
3;3097;3380;3897;4095
3;3101;3375;3907;4095
3;3107;3377;3907;4095
3;3110;3378;3904;4095
3;3099;3378;3906;4095
3;3090;3378;3900;4095
3;3090;3367;3895;4095
3;3088;3359;3888;4095
3;3088;3376;3889;4095
3;3097;3378;3886;4095
3;3096;3372;3894;4095
3;3093;3376;3894;4095
3;3095;3374;3903;4095
3;3094;3376;3904;4095
3;3083;3363;3889;4095
3;3018;3317;3871;4095
3;3035;3342;3926;4095
3;2987;3301;3888;4095
3;3257;3376;3940;4095
3;3063;3355;3902;4095
3;3047;3341;3818;4095
3;3027;3329;3856;4095
3;3025;3330;3873;4095
3;3014;3311;3856;4095
3;3023;3312;3856;4095
3;2994;3289;3811;4095
3;3005;3299;3830;4087
3;2995;3275;3836;4095
3;2992;3291;3774;4095
3;2994;3302;3824;4084
3;3111;3403;3731;4095
3;3119;3394;3780;4095
3;3126;3408;3766;4095
3;3137;3427;3877;4095
3;3133;3440;3733;4095
3;3136;3434;3888;4095
3;3070;3376;4011;4095
3;3013;3315;3876;4095
3;2995;3303;3881;4095
3;3013;3312;3850;4095
3;3096;3381;3923;4095
3;3079;3359;3916;4095
3;3069;3355;3898;4095
3;3092;3376;3887;4081
3;3088;3383;3921;4095
3;2992;3306;3826;4095
3;2962;3260;3842;4095
3;3026;3324;3909;4095
3;2991;3311;3888;4095
3;2961;3291;3889;4095
3;3038;3338;3893;4095
3;3024;3313;3873;4095
3;3009;3312;3873;4095
3;3019;3317;3879;4095
3;3015;3312;3876;4095
3;3022;3315;3879;4095
3;3014;3314;3881;4095
3;3015;3312;3894;4095
3;3021;3314;3882;4095
3;3024;3321;3888;4095
3;3024;3319;3882;4095
3;3021;3325;3888;4095
3;3019;3321;3886;4095
3;3015;3318;3888;4095
3;3014;3318;3941;4095
3;3004;3308;3886;4095
3;3008;3312;3890;4095
3;3008;3314;3905;4095
3;2991;3303;3897;4095
3;3279;3502;4093;4095
3;2994;3298;3974;4095
3;3035;3344;3861;4095
3;3067;3356;3883;4095
3;3067;3360;3888;4095
3;3011;3311;3861;4095
3;3017;3327;3873;4095
3;3013;3312;3870;4089
3;3010;3317;3855;4095
3;3014;3312;3872;4095
3;3013;3311;3879;4095
3;3021;3313;3873;4095
3;3024;3315;3897;4095
3;3018;3302;3869;4095
3;3023;3325;3867;4095
3;3027;3323;3883;4095
3;3030;3327;3895;4095
3;3028;3318;3871;4095
3;3026;3329;3889;4095
3;3023;3343;3856;4095
3;3023;3324;3943;4095
3;3035;3325;3920;4095
3;3022;3329;3810;4095
3;3024;3333;3875;4095
3;3035;3331;3901;4095
3;3026;3331;3894;4095
3;3030;3331;3890;4095
3;3036;3332;3875;4095
3;3035;3335;3891;4095
3;3041;3346;3886;4095
3;3049;3348;3864;4095
3;3040;3343;3878;4095
3;3009;3315;3871;4095
3;3007;3322;3877;4095
3;3011;3317;3868;4095
3;3015;3319;3923;4095
3;3011;3323;3888;4095
3;3014;3313;3879;4095
3;3015;3319;3889;4095
3;3011;3319;3898;4087
3;2994;3314;3888;4095
3;3055;3354;3904;4095
3;3019;3325;3888;4095
3;3024;3327;3903;4095
3;3024;3334;3879;4095
3;3024;3312;3893;4095
3;3031;3334;3886;4095
3;3020;3323;3883;4095
3;3026;3332;3888;4095
3;3022;3329;3885;4095
3;3006;3312;3916;4095
3;3024;3335;3890;4095
3;3025;3332;3871;4095
3;3030;3339;3888;4095
3;3034;3344;3890;4095
3;3027;3333;3888;4095
3;3025;3333;3895;4095
3;3024;3328;3910;4095
3;3030;3331;3920;4095
3;3027;3334;3919;4095
3;3034;3330;3875;4095
3;3039;3335;3888;4095
3;3039;3343;3902;4095
3;3039;3341;3895;4095
3;3034;3338;3882;4095
3;3046;3346;3897;4095
3;3049;3344;3889;4095
3;3107;3388;3905;4095
3;3060;3344;3859;4095
3;3069;3362;3867;4095
3;3085;3347;3965;4095
3;3057;3344;3868;4095
3;3033;3326;3883;4093
3;3002;3317;3835;4095
3;2994;3305;3893;4095
3;3017;3312;3888;4095
3;3017;3317;3984;4074
3;3014;3319;3975;4095
3;3027;3317;3979;4095
3;3022;3315;3958;4095
3;3020;3297;3945;4095
3;3024;3315;3984;4095
3;3024;3321;3950;4095
3;3022;3322;3951;4095
3;3031;3318;3959;4095
3;3024;3319;3971;4095
3;3024;3317;3972;4095
3;3003;3293;3971;4095
3;3015;3313;3973;4095
3;3025;3327;3946;4095
3;3030;3326;3959;4095
3;3031;3333;3983;4095
3;3035;3342;3983;4095
3;3034;3330;3984;4091
3;3035;3333;3988;4095
3;3039;3329;4005;4095
3;3038;3341;3987;4095
3;3029;3333;3968;4095
3;3024;3333;3978;4095
3;3030;3327;3979;4095
3;3026;3327;3979;4095
4;3020;3317;3984;4095
4;2998;3307;3973;4095
4;2983;3312;3890;4095
4;3015;3326;3971;4095
4;3015;3322;3938;4095
4;3024;3326;3984;4095
4;3024;3323;3967;4095
4;3024;3317;3971;4095
4;3025;3327;4000;4095
4;3029;3323;3990;4095
4;3024;3326;4005;4095
4;3027;3327;3991;4095
4;3024;3328;3990;4095
4;3024;3327;3931;4095
4;3024;3328;3984;4095
4;3024;3326;3982;4095
4;3031;3325;3979;4090
4;3024;3323;3977;4095
4;3029;3329;3984;4095
4;3025;3325;3984;4095
4;3024;3325;3990;4095
4;3025;3328;3986;4095
4;3027;3323;3985;4095
4;3027;3327;3988;4095
4;3019;3312;3995;4095
4;3019;3322;4000;4095
4;3010;3323;3980;4095
4;3023;3321;4006;4095
4;3024;3326;3986;4095
4;3024;3328;3973;4095
4;3024;3331;3981;4095
4;3025;3328;3985;4095
4;3024;3334;3988;4095
4;3036;3339;3904;4095
4;3034;3331;3935;4095
4;3041;3337;3991;4095
4;3039;3334;3993;4095
4;3031;3334;3989;4095
4;3043;3331;3997;4095
4;3039;3333;3990;4095
4;3040;3345;3993;4095
4;3038;3335;4000;4095
4;3037;3344;3993;4095
4;3039;3339;3985;4095
4;3046;3342;3982;4095
4;3043;3338;3998;4095
4;3044;3338;3986;4095
4;3053;3340;3989;4095
4;3056;3343;3994;4095
4;3053;3343;3987;4095
4;3053;3340;3984;4095
4;3050;3344;3988;4095
4;3049;3344;3987;4095
4;3052;3337;3966;4095
4;3046;3339;3952;4095
4;3045;3340;3990;4095
4;3037;3334;3975;4095
4;3039;3333;3980;4095
4;3039;3328;3975;4095
4;3033;3331;3981;4095
4;3030;3319;3985;4095
4;3038;3331;3978;4095
4;3040;3333;3983;4095
4;3041;3330;3963;4095
4;3038;3329;3996;4095
4;3039;3327;3985;4095
4;3043;3331;3988;4095
4;3043;3337;3977;4095
4;3039;3331;3981;4095
4;3036;3333;3990;4095
4;3041;3328;3985;4095
4;3034;3323;3981;4095
4;3039;3328;3973;4095
4;3051;3335;3970;4095
4;3057;3335;3966;4095
4;3056;3337;3971;4083
4;3056;3333;3952;4095
4;3056;3337;3958;4095
4;3041;3328;3965;4095
4;3056;3337;3982;4095
4;3067;3359;3965;4095
4;3438;3655;4048;4095
4;3047;3330;3997;4095
4;3070;3355;3884;4095
4;3081;3365;3968;4076
4;3067;3357;3916;4095
4;3062;3378;3861;4095
4;3058;3347;3863;4095
4;3058;3353;3875;4095
4;3056;3353;3857;4095
4;3056;3351;3875;4095
4;3069;3367;3888;4095
4;3101;3377;3920;4095
4;3112;3381;3947;4095
4;3109;3390;3984;4095
4;3097;3377;3903;4095
4;3129;3406;3998;4095
4;3143;3413;4011;4095
4;3088;3371;3998;4095
4;3066;3358;3885;4095
4;3071;3354;3900;4095
4;3071;3355;3987;4095
4;3061;3344;3959;4095
4;3059;3345;3983;4095
4;3057;3349;4016;4095
4;3053;3353;3984;4095
4;3057;3344;3997;4095
4;3077;3366;4006;4095
4;3056;3344;3991;4095
4;3063;3344;3987;4095
4;3066;3345;3999;4095
4;3079;3365;4005;4095
4;3071;3362;4000;4095
4;3071;3357;3999;4095
4;3067;3353;3986;4095
4;3066;3344;3977;4095
4;3065;3357;3993;4095
4;3077;3357;3996;4095
4;3059;3348;3995;4095
4;3070;3350;3979;4095
4;3065;3345;3984;4095
4;3066;3345;4015;4095
4;3112;3382;4030;4095
4;3056;3350;3984;4083
4;3162;3427;3943;4095
4;3107;3365;3879;4095
4;3131;3387;3885;4095
4;3085;3363;3861;4076
4;3099;3374;3871;4095
4;3088;3392;3851;4095
4;3089;3376;3987;4095
4;3071;3382;3863;4095
4;3070;3349;3984;4095
4;3071;3338;3953;4095
4;3095;3379;4015;4095
4;3067;3373;3998;4095
4;2989;3280;3867;4095
4;2951;3280;3856;4095
4;2958;3299;3857;4095
4;2967;3293;3858;4095
4;2971;3285;3875;4095
4;2969;3301;3861;4095
4;2963;3293;3866;4095
4;2976;3293;3863;4095
4;2976;3293;3860;4095
4;2989;3306;3873;4095
4;2991;3307;3877;4095
4;3026;3324;4005;4095
4;3056;3347;3993;4095
4;3047;3337;3994;4095
4;3038;3330;3969;4095
4;3041;3334;3985;4095
4;3055;3328;3973;4095
4;3038;3337;3886;4095
4;3045;3331;3871;4095
4;3036;3333;3874;4089
4;3039;3335;3910;4095
4;3047;3341;3885;4095
4;3050;3339;3920;4095
4;3041;3336;3873;4095
4;3043;3335;3886;4095
4;3042;3338;3905;4095
4;3055;3335;3898;4095
4;3041;3323;3892;4095
4;3043;3334;3891;4095
4;3041;3344;3895;4095
4;3041;3337;3888;4095
4;3042;3339;3888;4095
4;3042;3335;3903;4095
4;3037;3334;3904;4095
4;3046;3354;3903;4095
4;3043;3339;3903;4095
4;3041;3330;3899;4095
4;3040;3337;3907;4095
4;3041;3337;3901;4095
4;3041;3337;3920;4095
4;3042;3341;3904;4095
4;3036;3333;3903;4095
4;3040;3334;3901;4095
4;3041;3328;3899;4095
4;3043;3339;3927;4095
4;3046;3335;3902;4095
4;3042;3330;3906;4095
4;3029;3334;3906;4095
4;3043;3326;3905;4095
4;3042;3335;3922;4095
4;3036;3331;3903;4095
4;3045;3331;3918;4095
4;3040;3333;3907;4095
4;3041;3331;3911;4095
4;3052;3342;3905;4095
4;3035;3325;3911;4095
4;3122;3409;4044;4095
4;3031;3359;4013;4095
4;3047;3341;3986;4095
4;3051;3357;3891;4095
4;3051;3344;3881;4095
4;3048;3344;3906;4095
4;3056;3347;3897;4095
4;3011;3317;3902;4095
4;2992;3318;3914;4095
4;3044;3366;4031;4095
4;3024;3340;4016;4095
4;3008;3321;4016;4095
4;3088;3376;4007;4095
4;3081;3356;4027;4095
4;3098;3375;4001;4095
4;3062;3329;4023;4095
4;3039;3344;4003;4095
4;3041;3347;3918;4095
4;3053;3380;3984;4095
4;3024;3312;3835;4095
4;3017;3310;3874;4095
4;3018;3315;3908;4095
4;3011;3312;3964;4095
4;3011;3312;3866;4095
4;3017;3315;3860;4083
4;3019;3321;3880;4095
4;3024;3312;3883;4089
4;3024;3321;3879;4095
4;3026;3322;3963;4095
4;3025;3328;3874;4095
4;3031;3325;3874;4095
4;3024;3314;3904;4095
4;3026;3331;3867;4091
4;3037;3326;3850;4095
4;2987;3298;3887;4095
4;2985;3303;3861;4095
4;2980;3298;3859;4095
4;2979;3297;3853;4095
4;2981;3294;3868;4095
4;2985;3293;3872;4095
4;2986;3298;3863;4095
4;2992;3310;3871;4087
4;3002;3312;3904;4095
4;3009;3287;3869;4095
4;3011;3311;3890;4095
4;3009;3311;3886;4095
4;3007;3315;3875;4095
4;3011;3314;3887;4095
4;3007;3313;3887;4095
4;3009;3312;3867;4095
4;3011;3315;3873;4095
4;3011;3332;3899;4095
4;3020;3322;3888;4095
4;3013;3311;3901;4095
4;3010;3322;3879;4095
4;3019;3318;3888;4095
4;3018;3312;3882;4095
4;3012;3316;3890;4080
4;3019;3325;3882;4095
4;3019;3323;3904;4095
4;3018;3329;3889;4095
4;3022;3319;3888;4095
4;3024;3323;3890;4095
4;3025;3325;3891;4095
4;3023;3325;3881;4095
4;3024;3325;3903;4095
4;3024;3319;3879;4095
4;3021;3325;3890;4095
4;3024;3323;3891;4095
4;3029;3325;3889;4095
4;3024;3308;3856;4095
4;3010;3313;3881;4095
4;3019;3312;3888;4095
4;3019;3317;3897;4087
4;3017;3318;3875;4095
4;3021;3319;3888;4095
4;3017;3312;3888;4095
4;3014;3327;3891;4095
4;3015;3322;3882;4095
4;3021;3341;3888;4095
4;3022;3329;3885;4095
4;3014;3318;3882;4095
4;3020;3318;3910;4095
4;3023;3320;3883;4095
4;3023;3309;3875;4095
4;3019;3320;3888;4095
4;3024;3314;3890;4095
4;3021;3327;3871;4095
4;3017;3323;3888;4095
4;3024;3321;3888;4095
4;3023;3326;3881;4095
4;3020;3319;3889;4095
5;3015;3315;3919;4095
5;3022;3322;3887;4095
5;3023;3328;3887;4095
5;3021;3319;3878;4095
5;3017;3315;3888;4095
5;3022;3313;3879;4095
5;3024;3317;3882;4095
5;3024;3331;3888;4095
5;3022;3315;3888;4095
5;3023;3319;3894;4095
5;3021;3321;3891;4095
5;3025;3322;3899;4095
5;3022;3322;3886;4095
5;3021;3312;3904;4095
5;3021;3325;3878;4095
5;3019;3322;3883;4095
5;3017;3314;3894;4081
5;3023;3319;3899;4095
5;3024;3326;3886;4095
5;3024;3323;3872;4095
5;3021;3331;3882;4095
5;3024;3318;3890;4095
5;3024;3318;3882;4095
5;3023;3314;3885;4095
5;3024;3326;3890;4095
5;3018;3322;3884;4095
5;3024;3326;3884;4095
5;3022;3338;3888;4095
5;3018;3321;3887;4095
5;3022;3334;3895;4095
5;3024;3321;3889;4095
5;3022;3311;3888;4095
5;3019;3323;3892;4095
5;3022;3313;3888;4095
5;3024;3325;3899;4095
5;3024;3323;3901;4095
5;3023;3319;3881;4095
5;3027;3324;3895;4095
5;3050;3338;3891;4095
5;3039;3333;3895;4095
5;3035;3331;3893;4095
5;3037;3327;3886;4095
5;3036;3332;3895;4095
5;3035;3334;3888;4095
5;3036;3330;3894;4095
5;3030;3329;3901;4095
5;3035;3333;3895;4095
5;3035;3333;3884;4095
5;3033;3330;3893;4095
5;3037;3328;3906;4095
5;3026;3343;3905;4095
5;3033;3328;3862;4095
5;3024;3327;3876;4095
5;3027;3329;3861;4095
5;3027;3321;3864;4095
5;3024;3326;3874;4095
5;3024;3328;3888;4095
5;3024;3326;3873;4095
5;3026;3323;3885;4095
5;3024;3326;3886;4095
5;3024;3324;3887;4095
5;3037;3335;3873;4095
5;3024;3328;3887;4095
5;3025;3331;3877;4095
5;3027;3325;3879;4095
5;3025;3319;3888;4095
5;3029;3328;3878;4095
5;3028;3327;3875;4095
5;3025;3323;3883;4095
5;3061;3374;3914;4095
5;3055;3360;4032;4095
5;3052;3354;3905;4095
5;3027;3331;3903;4095
5;3043;3344;3894;4095
5;3056;3358;3905;4095
5;3024;3335;3905;4095
5;3024;3328;3910;4095
5;3015;3331;3910;4095
5;3025;3336;3902;4095
5;3022;3339;3901;4095
5;3024;3333;3902;4095
5;3019;3342;3891;4095
5;3041;3344;3904;4095
5;3024;3337;3905;4095
5;3035;3342;3905;4095
5;3042;3337;3920;4095
5;3035;3339;3911;4095
5;3041;3344;3927;4095
5;3045;3346;3913;4095
5;3034;3342;3889;4095
5;3045;3346;3911;4095
5;3043;3338;3921;4095
5;3045;3346;3935;4095
5;3045;3344;3947;4095
5;3051;3344;3964;4095
5;3046;3349;3955;4095
5;3026;3343;3952;4095
5;3045;3356;3965;4095
5;3050;3345;3953;4095
5;3056;3344;3981;4095
5;3054;3347;3971;4095
5;3049;3360;3935;4095
5;3085;3397;3910;4095
5;3088;3366;3903;4095
5;3056;3337;4002;4095
5;3037;3337;3894;4095
5;3029;3335;3885;4095
5;3037;3339;3885;4095
5;3060;3345;3878;4095
5;3083;3338;3863;4095
5;3071;3355;3875;4095
5;3071;3344;3867;4095
5;3070;3347;3887;4095
5;3070;3344;3883;4095
5;3071;3351;3892;4095
5;3077;3350;3890;4095
5;3069;3344;3873;4095
5;3083;3357;3888;4095
5;3070;3354;3888;4095
5;3069;3354;3888;4091
5;3070;3342;3895;4095
5;3080;3360;3882;4095
5;3079;3360;3881;4095
5;3067;3331;3904;4095
5;3066;3351;3895;4095
5;3071;3353;3888;4095
5;3070;3347;3887;4095
5;3078;3354;3886;4095
5;3070;3359;3885;4095
5;3066;3345;3888;4095
5;3071;3349;3892;4095
5;3071;3357;3888;4095
5;3077;3358;3879;4095
5;3069;3365;3890;4095
5;3061;3348;3890;4095
5;3070;3351;3876;4095
5;3071;3354;3893;4095
5;3082;3355;3907;4095
5;3077;3350;3901;4095
5;3077;3367;3913;4095
5;3069;3363;3898;4095
5;3062;3351;3906;4095
5;3070;3357;3901;4095
5;3079;3361;3895;4095
5;3054;3357;3878;4095
5;3070;3357;3904;4095
5;3070;3347;3890;4095
5;3067;3354;3888;4095
5;3058;3355;3927;4095
5;3066;3351;3906;4095
5;3070;3347;3890;4095
5;3067;3359;3909;4095
5;3069;3355;3862;4095
5;3055;3345;3878;4095
5;3065;3363;3898;4095
5;3055;3344;3888;4095
5;3056;3330;3887;4095
