4;3317;3408;3485;3525
4;3333;3417;3509;3568
4;3373;3477;3600;3697
4;3370;3504;3651;3747
4;3376;3503;3635;3695
4;3372;3520;3674;3743
4;3347;3507;3697;3773
4;3371;3494;3626;3684
4;3315;3462;3645;3760
4;3216;3392;3730;3859
4;3233;3410;3736;3853
4;3166;3376;3767;3888
4;3062;3311;3794;3920
4;2938;3218;3823;3988
4;2973;3245;3802;3959
4;2983;3255;3787;3946
4;2987;3253;3789;3917
4;3005;3266;3781;3922
4;3267;3409;3677;3790
4;3336;3465;3678;3766
4;3283;3472;3807;3915
4;3347;3477;3724;3835
4;3343;3467;3707;3817
4;3327;3458;3681;3779
4;3334;3473;3674;3779
4;3333;3462;3662;3759
4;3339;3466;3626;3743
4;3290;3449;3685;3807
4;3270;3421;3696;3818
4;3337;3457;3626;3728
4;3333;3458;3590;3665
4;3328;3457;3623;3707
4;3333;3467;3645;3743
4;3296;3434;3649;3781
4;3309;3453;3647;3761
4;3283;3438;3664;3784
4;3326;3458;3654;3761
4;3326;3458;3664;3779
4;3291;3434;3669;3805
4;3265;3423;3688;3819
4;3271;3414;3678;3817
4;3275;3419;3661;3783
4;3280;3411;3661;3771
4;3318;3433;3608;3723
4;3261;3393;3678;3807
4;3247;3386;3698;3810
4;3283;3415;3632;3744
4;3303;3437;3635;3745
4;3309;3440;3632;3723
4;3278;3406;3649;3785
4;3328;3456;3595;3709
4;3338;3446;3611;3696
4;3319;3458;3617;3697
4;3360;3459;3616;3686
4;3331;3466;3614;3690
4;3295;3428;3645;3755
4;3275;3405;3646;3746
4;3259;3402;3638;3775
4;3254;3386;3661;3793
4;3312;3437;3632;3723
4;3248;3379;3642;3764
4;3191;3339;3673;3819
4;3264;3397;3642;3760
4;3252;3384;3679;3776
4;3189;3353;3683;3851
4;3175;3332;3723;3851
4;3228;3379;3695;3824
4;3297;3409;3639;3747
4;3308;3440;3637;3725
4;3315;3436;3639;3728
4;3360;3461;3614;3679
4;3364;3463;3593;3653
4;3381;3482;3581;3649
4;3363;3483;3605;3662
4;3367;3477;3616;3669
4;3374;3481;3614;3655
4;3371;3476;3624;3669
4;3343;3459;3633;3692
4;3341;3452;3641;3712
4;3360;3450;3600;3677
4;3325;3440;3628;3698
4;3225;3374;3684;3807
4;3216;3367;3698;3811
4;3248;3394;3673;3783
4;3271;3405;3660;3760
4;3254;3380;3647;3762
4;3264;3397;3646;3734
4;3286;3422;3630;3729
4;3305;3431;3633;3702
4;3298;3440;3625;3712
4;3279;3421;3633;3731
4;3281;3408;3632;3727
4;3277;3390;3632;3731
4;3293;3414;3632;3722
4;3313;3408;3619;3711
4;3318;3421;3618;3703
4;3305;3430;3615;3685
4;3286;3408;3615;3698
4;3286;3415;3631;3711
4;3307;3408;3631;3711
4;3295;3414;3621;3725
4;3279;3407;3632;3723
4;3267;3396;3632;3743
4;3280;3327;3614;3728
4;3242;3377;3633;3760
4;3254;3379;3634;3760
4;3267;3399;3645;3747
4;3263;3393;3653;3760
4;3309;3424;3648;3753
4;3308;3435;3651;3749
4;3341;3443;3630;3715
4;3349;3457;3614;3685
4;3312;3441;3699;3803
4;3351;3459;3680;3766
4;3369;3473;3632;3713
4;3360;3478;3645;3755
4;3323;3445;3712;3822
4;3339;3466;3698;3806
4;3315;3451;3741;3827
4;3325;3444;3710;3818
4;3330;3472;3757;3871
4;3349;3481;3735;3845
4;3334;3471;3743;3842
4;3346;3498;3747;3842
4;3370;3489;3721;3820
4;3350;3473;3763;3852
4;3351;3470;3742;3831
4;3372;3494;3725;3833
4;3360;3491;3798;3873
4;3382;3514;3771;3875
4;3393;3498;3713;3799
4;3381;3492;3728;3841
4;3344;3473;3774;3878
4;3336;3474;3761;3883
4;3333;3475;3760;3863
4;3337;3461;3728;3840
4;3331;3446;3722;3831
4;3313;3441;3698;3806
4;3325;3442;3717;3824
4;3299;3428;3728;3843
4;3280;3419;3730;3849
4;3251;3407;3759;3889
4;3266;3397;3758;3873
4;3268;3419;3758;3871
4;3280;3440;3778;3891
4;3296;3435;3760;3868
4;3302;3442;3741;3858
4;3307;3446;3760;3858
4;3291;3431;3751;3878
4;3285;3424;3711;3851
4;3280;3428;3742;3859
4;3294;3405;3717;3842
4;3292;3422;3737;3845
4;3282;3426;3735;3839
4;3285;3421;3722;3824
4;3294;3439;3728;3854
4;3280;3408;3706;3807
4;3279;3415;3702;3818
4;3257;3406;3703;3839
4;3271;3408;3701;3824
4;3279;3416;3710;3830
4;3271;3414;3727;3852
4;3291;3410;3734;3826
4;3290;3427;3711;3818
4;3312;3430;3696;3808
4;3317;3444;3672;3781
4;3305;3428;3696;3811
4;3313;3440;3695;3793
4;3341;3447;3647;3754
4;3290;3428;3711;3835
4;3289;3415;3729;3853
4;3347;3467;3658;3749
4;3381;3492;3649;3729
4;3366;3456;3632;3707
4;3341;3455;3662;3758
4;3328;3440;3687;3794
4;3333;3454;3638;3741
4;3344;3429;3631;3728
4;3298;3414;3629;3728
4;3283;3390;3643;3760
4;3227;3376;3712;3845
4;3280;3414;3721;3841
4;3307;3421;3710;3806
4;3295;3426;3698;3829
4;3279;3408;3707;3818
4;3303;3422;3657;3761
4;3333;3440;3654;3760
4;3310;3453;3723;3829
4;3339;3472;3711;3824
4;3312;3470;3731;3854
4;3312;3454;3714;3855
4;3339;3466;3741;3829
4;3265;3422;3760;3879
4;3265;3439;3755;3869
4;3312;3454;3730;3841
4;3235;3402;3733;3863
4;3246;3407;3741;3860
4;3345;3463;3674;3776
4;3391;3489;3622;3723
4;3355;3472;3650;3725
4;3335;3463;3705;3790
4;3273;3408;3735;3844
4;3269;3408;3743;3872
4;3275;3407;3729;3843
4;3280;3414;3728;3842
4;3309;3429;3750;3825
4;3312;3443;3727;3827
4;3349;3489;3733;3845
4;3310;3479;3785;3888
4;3261;3473;3824;3953
4;3367;3521;3790;3894
4;3367;3504;3766;3857
4;3351;3491;3734;3856
4;3162;3378;3795;3938
4;3183;3401;3805;3951
4;3367;3526;3806;3900
4;3357;3477;3770;3872
4;3343;3472;3787;3898
4;3343;3469;3754;3857
4;3297;3435;3754;3857
4;3280;3426;3760;3883
4;3248;3405;3786;3909
4;3216;3374;3787;3920
4;3241;3409;3792;3905
4;3262;3389;3746;3856
4;3239;3374;3751;3857
4;3243;3392;3774;3901
4;3255;3427;3783;3901
4;3136;3339;3802;3951
4;3227;3405;3789;3913
4;3280;3426;3756;3845
4;3287;3436;3746;3841
4;3288;3435;3745;3855
4;3312;3441;3747;3862
4;3318;3463;3759;3856
4;3318;3451;3743;3839
4;3329;3446;3726;3835
4;3330;3459;3737;3846
4;3345;3477;3751;3846
4;3351;3481;3757;3852
4;3348;3481;3765;3856
4;3365;3479;3736;3827
4;3333;3459;3758;3856
4;3328;3457;3756;3871
4;3327;3466;3753;3842
4;3321;3461;3757;3863
4;3302;3456;3783;3889
4;3291;3447;3788;3908
4;3271;3433;3794;3905
4;3258;3437;3819;3927
4;3242;3419;3817;3906
4;3227;3420;3824;3920
4;3246;3440;3822;3926
4;3250;3419;3802;3922
4;3216;3420;3825;3940
4;3221;3417;3835;3937
4;3231;3415;3826;3931
4;3215;3410;3827;3954
4;3264;3455;3818;3936
4;3248;3450;3820;3937
4;3217;3419;3840;3951
4;3237;3411;3806;3946
4;3237;3410;3787;3910
4;3184;3371;3799;3920
4;3145;3351;3801;3934
4;3184;3386;3824;3957
4;3278;3435;3773;3879
4;3289;3442;3742;3834
4;3303;3446;3743;3850
4;3311;3467;3799;3888
4;3344;3485;3808;3917
4;3314;3472;3792;3906
4;3300;3466;3803;3925
4;3282;3441;3792;3906
4;3285;3437;3767;3878
4;3265;3419;3803;3911
4;3269;3442;3792;3908
4;3255;3437;3812;3937
4;3243;3421;3803;3941
4;3260;3440;3828;3943
5;3248;3427;3840;3958
5;3245;3435;3830;3947
5;3253;3445;3824;3952
5;3225;3433;3831;3951
5;3259;3455;3831;3953
5;3223;3415;3828;3959
5;3201;3402;3818;3949
5;3187;3383;3809;3941
5;3205;3385;3805;3939
5;3280;3429;3823;3930
5;3244;3452;3863;4016
5;3122;3361;3869;4014
5;3264;3476;3840;3970
5;3325;3501;3821;3933
5;3296;3487;3844;3966
5;3216;3431;3888;4003
5;3230;3451;3891;4019
5;3286;3489;3888;3997
5;3370;3537;3827;3935
5;3344;3511;3803;3914
5;3335;3504;3824;3922
5;3312;3477;3823;3933
5;3334;3481;3781;3887
5;3330;3478;3760;3856
5;3287;3463;3817;3929
5;3193;3409;3834;3970
5;3120;3347;3866;4005
5;3217;3436;3886;3999
5;3345;3503;3799;3907
5;3353;3498;3768;3871
5;3355;3483;3734;3829
5;3339;3472;3711;3815
5;3241;3414;3809;3952
5;3249;3429;3806;3920
5;3248;3452;3849;3973
5;3202;3406;3826;3959
5;3255;3455;3811;3933
5;3257;3463;3827;3951
5;3212;3426;3845;3979
5;3289;3487;3859;3965
5;3340;3546;3842;3948
5;3315;3497;3840;3956
5;3292;3490;3842;3945
5;3274;3472;3841;3953
5;3260;3467;3839;3952
5;3269;3472;3854;3952
5;3253;3446;3839;3952
5;3255;3456;3843;3964
5;3242;3443;3853;3973
5;3230;3434;3843;3964
5;3226;3440;3867;3982
5;3236;3470;3856;3990
5;3295;3503;3830;3952
5;3218;3443;3851;3967
5;3206;3419;3847;3974
5;3206;3425;3854;3986
5;3223;3446;3870;3982
5;3233;3446;3842;3968
5;3245;3470;3853;3962
5;3295;3482;3823;3935
5;3317;3505;3824;3934
5;3324;3501;3766;3877
5;3313;3494;3786;3874
5;3280;3453;3787;3901
5;3295;3472;3783;3903
5;3275;3455;3787;3895
5;3263;3440;3808;3925
5;3239;3434;3803;3924
5;3119;3335;3810;3965
5;3152;3346;3791;3915
5;3178;3376;3805;3918
5;3067;3282;3800;3952
5;3329;3435;3599;3712
5;3318;3424;3594;3683
5;3328;3434;3592;3658
5;3291;3424;3621;3728
5;3321;3439;3664;3771
5;3300;3408;3694;3802
5;3361;3458;3618;3722
5;3357;3443;3568;3646
5;3350;3433;3597;3666
5;3325;3421;3600;3682
5;3362;3453;3600;3675
5;3305;3414;3639;3741
5;3199;3343;3723;3823
5;3278;3402;3686;3791
5;3250;3398;3709;3824
5;3260;3408;3670;3771
5;3027;3249;3808;3957
5;3264;3392;3679;3801
5;3248;3400;3691;3824
5;3255;3406;3663;3792
5;3191;3361;3697;3824
5;3170;3344;3708;3837
5;3171;3337;3699;3818
5;3131;3315;3725;3847
5;3105;3298;3713;3857
5;3126;3307;3728;3847
5;3157;3325;3696;3834
5;3056;3262;3728;3859
5;3103;3294;3705;3843
5;3057;3265;3723;3854
5;3056;3253;3749;3875
5;3154;3317;3699;3835
5;3201;3344;3684;3824
5;3190;3337;3692;3813
5;3183;3347;3703;3820
5;3243;3390;3671;3776
5;3218;3359;3683;3806
5;3226;3376;3695;3821
5;3157;3328;3747;3869
5;3168;3351;3739;3855
5;3133;3315;3730;3872
5;3118;3304;3741;3884
5;3079;3290;3756;3881
5;3122;3291;3744;3886
5;3134;3327;3760;3891
5;3038;3255;3749;3923
5;3031;3253;3755;3901
5;3049;3258;3761;3916
5;3087;3286;3755;3888
5;3065;3275;3749;3886
5;3030;3253;3757;3893
5;3022;3248;3771;3918
5;3099;3287;3743;3872
5;3107;3293;3729;3858
5;3063;3265;3738;3870
5;3056;3269;3738;3878
5;3046;3254;3733;3893
5;3011;3248;3753;3903
5;3035;3245;3760;3911
5;3006;3228;3761;3907
5;3003;3238;3759;3909
5;2999;3212;3760;3911
5;3005;3225;3757;3907
5;3018;3225;3760;3905
5;3009;3227;3765;3904
5;3014;3232;3775;3895
5;3013;3221;3769;3921
5;3017;3237;3777;3919
5;3025;3233;3775;3920
5;3022;3249;3776;3919
5;3020;3242;3759;3917
5;3024;3249;3763;3902
5;3031;3237;3755;3893
5;3066;3261;3766;3888
5;3120;3299;3731