1;3098;3376;3825;4071
1;3105;3371;3826;4061
1;3099;3371;3827;4065
1;3099;3376;3827;4069
1;3104;3372;3829;4066
1;3104;3374;3827;4073
1;3105;3376;3833;4074
1;3100;3370;3835;4069
1;3107;3375;3824;4075
1;3100;3374;3837;4062
1;3100;3371;3825;4069
1;3102;3375;3822;4062
1;3102;3376;3827;4067
1;3105;3376;3824;4064
1;3104;3376;3827;4069
1;3102;3376;3831;4074
1;3103;3376;3829;4078
1;3103;3376;3827;4073
1;3106;3374;3824;4080
1;3099;3376;3823;4067
1;3103;3377;3823;4074
1;3102;3376;3825;4074
1;3099;3376;3834;4077
1;3102;3376;3830;4069
1;3106;3376;3829;4069
1;3109;3375;3831;4075
1;3105;3376;3828;4076
1;3106;3375;3831;4077
1;3107;3377;3831;4079
1;3102;3375;3827;4077
1;3103;3376;3829;4071
1;3104;3376;3825;4069
1;3103;3376;3828;4080
1;3104;3371;3829;4075
1;3100;3375;3825;4066
1;3099;3374;3833;4074
1;3103;3370;3824;4069
1;3097;3373;3830;4068
1;3103;3376;3829;4073
1;3103;3375;3826;4063
1;3104;3377;3825;4064
1;3104;3379;3823;4079
1;3110;3375;3825;4072
1;3105;3376;3824;4060
1;3109;3376;3827;4068
1;3104;3376;3827;4067
1;3110;3376;3830;4071
1;3109;3376;3833;4062
1;3108;3379;3833;4082
1;3102;3377;3831;4078
1;3099;3374;3822;4059
1;3100;3365;3810;4051
1;3100;3371;3815;4048
1;3094;3368;3809;4059
1;3096;3361;3808;4048
1;3097;3365;3807;4052
1;3090;3361;3812;4048
1;3098;3365;3807;4059
1;3088;3363;3809;4048
1;3091;3361;3807;4051
1;3092;3365;3809;4062
1;3101;3363;3811;4050
1;3101;3361;3809;4059
1;3095;3367;3815;4048
1;3094;3362;3815;4062
1;3091;3362;3815;4064
1;3096;3365;3820;4062
1;3088;3365;3813;4059
1;3094;3363;3810;4061
1;3088;3365;3807;4049
1;3098;3367;3806;4057
1;3099;3369;3809;4058
1;3097;3367;3807;4058
1;3091;3362;3809;4048
1;3093;3362;3801;4048
1;3100;3365;3806;4048
1;3088;3361;3797;4045
1;3089;3369;3810;4049
1;3097;3361;3807;4049
1;3093;3362;3811;4055
1;3088;3365;3797;4053
1;3091;3361;3805;4061
1;3099;3366;3808;4048
1;3095;3363;3818;4049
1;3099;3370;3803;4051
1;3098;3370;3815;4057
1;3093;3366;3812;4061
1;3099;3363;3811;4050
1;3101;3375;3814;4048
1;3103;3367;3815;4053
1;3106;3375;3814;4053
1;3101;3373;3819;4063
1;3102;3366;3810;4059
1;3095;3376;3810;4069
1;3102;3373;3817;4053
1;3100;3368;3816;4063
1;3101;3371;3811;4057
1;3098;3363;3814;4058
1;3101;3370;3807;4050
1;3094;3364;3808;4051
1;3098;3367;3818;4059
1;3099;3367;3806;4065
1;3100;3370;3807;4051
1;3102;3370;3823;4059
1;3102;3367;3808;4055
1;3098;3373;3803;4063
1;3106;3375;3810;4065
1;3103;3376;3814;4055
1;3106;3370;3814;4059
1;3103;3370;3823;4067
1;3107;3375;3824;4069
1;3105;3375;3821;4064
1;3102;3376;3822;4055
1;3102;3373;3821;4059
1;3099;3366;3821;4085
1;3102;3374;3821;4074
1;3088;3365;3814;4048
1;3099;3362;3812;4048
1;3091;3364;3808;4057
1;3097;3369;3810;4058
1;3096;3364;3808;4057
1;3091;3361;3810;4054
1;3094;3361;3807;4050
1;3089;3358;3798;4045
1;3088;3359;3795;4041
1;3090;3360;3793;4048
1;3095;3361;3809;4048
1;3091;3360;3799;4047
1;3094;3359;3803;4050
1;3092;3358;3803;4048
1;3089;3360;3801;4048
1;3089;3361;3803;4057
1;3088;3359;3796;4048
1;3090;3361;3802;4050
1;3097;3370;3803;4061
1;3103;3366;3813;4069
1;3098;3373;3810;4058
1;3099;3373;3821;4070
1;3105;3378;3811;4058
1;3111;3376;3821;4067
1;3111;3380;3820;4063
1;3115;3379;3824;4078
1;3110;3385;3822;4068
1;3120;3394;3830;4075
1;3118;3394;3829;4071
1;3123;3386;3823;4065
1;3116;3386;3824;4066
1;3132;3397;3825;4075
1;3139;3399;3838;4069
1;3142;3408;3838;4075
1;3126;3393;3827;4073
1;3138;3408;3837;4080
1;3130;3402;3835;4078
1;3126;3395;3835;4075
1;3126;3391;3828;4078
1;3121;3387;3819;4081
1;3120;3390;3824;4079
1;3120;3392;3825;4080
1;3119;3382;3824;4063
1;3113;3382;3823;4078
1;3115;3377;3819;4067
1;3114;3378;3823;4077
1;3109;3381;3824;4065
1;3116;3381;3824;4071
1;3117;3379;3823;4071
1;3114;3381;3817;4081
1;3116;3383;3823;4063
1;3113;3384;3823;4074
1;3114;3383;3824;4071
1;3110;3379;3824;4075
1;3104;3381;3822;4067
1;3107;3383;3824;4071
1;3107;3379;3823;4065
1;3111;3379;3823;4073
1;3108;3378;3815;4071
1;3106;3377;3819;4066
1;3104;3378;3824;4075
1;3113;3377;3824;4065
1;3109;3379;3824;4070
1;3105;3377;3819;4071
1;3105;3375;3812;4071
1;3109;3383;3817;4069
1;3109;3376;3822;4074
1;3106;3380;3820;4066
1;3106;3379;3824;4075
1;3109;3379;3826;4079
1;3106;3379;3820;4069
1;3105;3376;3824;4074
1;3107;3378;3826;4077
1;3109;3377;3824;4071
1;3106;3376;3822;4074
1;3110;3379;3821;4073
1;3111;3382;3819;4074
1;3111;3384;3824;4077
1;3109;3379;3822;4082
1;3111;3381;3821;4080
1;3113;3382;3824;4076
1;3113;3383;3823;4069
1;3111;3381;3827;4080
1;3104;3377;3824;4080
1;3106;3377;3818;4073
1;3107;3378;3825;4074
1;3109;3376;3823;4080
1;3106;3379;3815;4069
1;3103;3379;3824;4080
1;3104;3376;3822;4071
1;3101;3376;3824;4067
1;3104;3379;3819;4079
1;3104;3376;3815;4073
1;3109;3376;3822;4071
1;3109;3376;3819;4071
1;3109;3377;3821;4075
1;3110;3376;3824;4080
1;3111;3381;3834;4080
1;3106;3376;3825;4086
1;3106;3376;3826;4078
1;3105;3381;3827;4079
1;3111;3382;3818;4076
1;3104;3379;3825;4070
1;3107;3379;3824;4087
1;3106;3379;3825;4073
1;3105;3376;3824;4080
1;3106;3376;3829;4075
1;3100;3379;3819;4079
1;3102;3379;3824;4071
1;3103;3376;3821;4079
1;3105;3379;3821;4081
1;3099;3376;3824;4078
1;3107;3376;3827;4067
1;3109;3378;3829;4077
1;3103;3378;3823;4075
1;3098;3382;3824;4080
1;3114;3377;3824;4081
1;3104;3377;3823;4075
1;3105;3381;3820;4075
1;3098;3379;3822;4079
1;3108;3383;3821;4077
1;3109;3379;3825;4079
1;3106;3376;3824;4070
1;3107;3382;3822;4078
1;3110;3382;3826;4077
1;3111;3379;3829;4080
1;3110;3378;3824;4071
1;3107;3378;3824;4079
1;3113;3385;3818;4076
1;3114;3386;3819;4078
1;3113;3380;3817;4075
1;3106;3376;3824;4070
1;3107;3376;3823;4075
1;3106;3378;3819;4077
1;3109;3376;3822;4080
1;3114;3376;3824;4076
1;3111;3381;3822;4065
1;3113;3381;3824;4070
1;3104;3378;3823;4080
1;3114;3383;3822;4086
1;3118;3385;3823;4079
1;3114;3386;3824;4082
1;3120;3385;3815;4077
1;3115;3386;3827;4088
1;3117;3389;3821;4081
1;3118;3386;3824;4086
1;3115;3389;3826;4081
1;3114;3387;3824;4079
1;3117;3387;3825;4069
1;3117;3387;3824;4079
1;3115;3385;3824;4077
1;3111;3383;3823;4093
1;3116;3386;3824;4074
1;3119;3382;3827;4078
1;3110;3383;3824;4067
1;3107;3381;3822;4074
1;3115;3386;3822;4077
1;3114;3378;3824;4080
1;3117;3387;3824;4077
1;3118;3386;3822;4082
1;3118;3383;3827;4081
1;3117;3387;3824;4068
1;3120;3389;3813;4075
1;3114;3387;3818;4079
1;3117;3387;3821;4071
1;3119;3386;3821;4069
1;3118;3385;3824;4063
1;3120;3389;3818;4071
1;3120;3386;3821;4073
1;3121;3390;3823;4080
1;3120;3383;3821;4080
1;3120;3386;3821;4079
1;3118;3391;3821;4079
1;3120;3385;3822;4081
1;3120;3390;3817;4075
1;3120;3391;3822;4079
1;3120;3386;3821;4074
1;3120;3393;3824;4080
1;3120;3390;3823;4079
1;3120;3390;3820;4077
1;3123;3390;3819;4091
1;3120;3392;3822;4080
1;3122;3394;3824;4087
1;3122;3395;3830;4080
1;3122;3395;3819;4086
1;3119;3395;3828;4086
1;3122;3391;3829;4080
1;3125;3394;3822;4080
1;3121;3391;3824;4079
1;3121;3391;3829;4077
1;3120;3392;3821;4066
1;3120;3386;3821;4073
1;3115;3387;3813;4079
1;3118;3387;3812;4080
1;3118;3386;3823;4080
1;3115;3386;3824;4074
1;3104;3375;3814;4064
1;3103;3370;3793;4061
1;3101;3374;3799;4059
1;3088;3353;3786;4033
1;3095;3368;3794;4055
1;3101;3371;3806;4055
1;3102;3373;3795;4051
1;3095;3361;3787;4039
2;3100;3365;3790;4033
2;3092;3359;3787;4035
2;3090;3359;3790;4051
2;3097;3363;3805;4061
2;3102;3379;3803;4063
2;3120;3385;3813;4078
2;3117;3387;3818;4078
2;3120;3389;3816;4077
2;3118;3387;3818;4070
2;3103;3378;3812;4078
2;3106;3377;3817;4075
2;3113;3380;3811;4077
2;3111;3383;3824;4075
2;3111;3381;3822;4079
2;3110;3385;3808;4071
2;3111;3378;3821;4080
2;3114;3386;3822;4071
2;3113;3379;3810;4080
2;3110;3381;3824;4080
2;3110;3388;3829;4087
2;3120;3391;3821;4090
2;3121;3394;3829;4095
2;3126;3395;3835;4088
2;3123;3394;3823;4095
2;3124;3398;3833;4081
2;3120;3395;3824;4087
2;3125;3394;3838;4093
2;3120;3391;3829;4093
2;3122;3392;3835;4092
2;3122;3395;3827;4095
2;3120;3394;3833;4095
2;3119;3393;3835;4095
2;3120;3394;3828;4093
2;3115;3393;3826;4095
2;3119;3393;3825;4095
2;3120;3392;3825;4095
2;3118;3390;3828;4091
2;3118;3393;3824;4095
2;3120;3395;3824;4092
2;3120;3390;3823;4087
2;3119;3392;3827;4085
2;3121;3391;3839;4095
2;3119;3392;3823;4095
2;3119;3392;3829;4093
2;3119;3391;3826;4095
2;3118;3392;3826;4095
2;3120;3391;3832;4095
2;3121;3399;3831;4095
2;3119;3395;3830;4095
2;3121;3393;3827;4090
2;3118;3394;3842;4095
2;3119;3393;3835;4093
2;3120;3401;3830;4095
2;3118;3395;3828;4095
2;3120;3392;3838;4095
2;3120;3394;3833;4095
2;3119;3394;3839;4095
2;3114;3394;3829;4095
2;3123;3399;3834;4092
2;3120;3395;3830;4095
2;3142;3418;3845;4095
2;3117;3394;3834;4093
2;3122;3395;3835;4095
2;3120;3393;3827;4095
2;3120;3391;3826;4087
2;3120;3394;3838;4095
2;3122;3394;3830;4095
2;3119;3392;3831;4095
2;3117;3394;3835;4095
2;3119;3392;3825;4095
2;3119;3392;3827;4095
2;3116;3394;3833;4090
2;3119;3393;3827;4095
2;3118;3392;3824;4095
2;3119;3394;3815;4089
2;3116;3392;3827;4095
2;3119;3386;3824;4085
2;3117;3389;3819;4095
2;3120;3393;3837;4093
2;3116;3393;3830;4095
2;3120;3392;3830;4095
2;3123;3403;3836;4095
2;3120;3394;3834;4095
2;3123;3402;3828;4095
2;3122;3403;3839;4095
2;3127;3400;3841;4095
2;3124;3398;3828;4095
2;3127;3401;3839;4095
2;3119;3399;3827;4095
2;3125;3398;3836;4094
2;3121;3394;3835;4095
2;3122;3395;3838;4095
2;3122;3395;3836;4095
2;3120;3399;3826;4095
2;3118;3394;3833;4095
2;3118;3393;3826;4095
2;3119;3397;3829;4095
2;3120;3397;3827;4091
2;3120;3393;3825;4095
2;3121;3393;3831;4095
2;3117;3394;3831;4095
2;3120;3392;3839;4095
2;3122;3393;3824;4095
2;3114;3399;3839;4094
2;3120;3394;3836;4095
2;3122;3397;3839;4095
2;3122;3396;3835;4095
2;3120;3393;3828;4095
2;3121;3403;3841;4095
2;3120;3397;3833;4095
2;3123;3398;3839;4095
2;3123;3398;3838;4095
2;3121;3397;3836;4095
2;3120;3399;3836;4091
2;3120;3398;3835;4095
2;3120;3397;3839;4095
2;3120;3393;3838;4095
2;3121;3394;3839;4095
2;3122;3401;3835;4095
2;3121;3399;3831;4095
2;3120;3394;3834;4095
2;3120;3398;3831;4095
2;3120;3398;3834;4095
2;3120;3397;3837;4095
2;3121;3396;3825;4095
2;3119;3396;3835;4095
2;3120;3395;3841;4095
2;3120;3395;3824;4095
2;3120;3398;3825;4095
2;3121;3394;3835;4093
2;3119;3394;3833;4095
2;3121;3396;3835;4095
2;3121;3395;3831;4095
2;3119;3395;3842;4095
2;3121;3396;3826;4095
2;3120;3395;3835;4095
2;3121;3395;3824;4095
2;3121;3398;3830;4095
2;3122;3398;3831;4095
2;3118;3399;3831;4095
2;3121;3401;3834;4095
2;3120;3399;3838;4095
2;3126;3399;3845;4095
2;3120;3401;3830;4095
2;3127;3404;3836;4095
2;3125;3397;3837;4095
2;3121;3402;3834;4095
2;3120;3399;3836;4095
2;3123;3399;3840;4095
2;3121;3406;3840;4095
2;3120;3397;3835;4095
2;3123;3397;3835;4095
2;3120;3399;3837;4095
2;3121;3399;3838;4095
2;3121;3401;3833;4095
2;3122;3397;3834;4095
2;3117;3403;3835;4095
2;3123;3404;3839;4095
2;3122;3402;3835;4095
2;3121;3399;3835;4095
2;3122;3395;3839;4095
2;3123;3399;3833;4095
2;3125;3402;3839;4095
2;3120;3398;3831;4095
2;3119;3402;3839;4095
2;3122;3397;3836;4095
2;3120;3399;3836;4095
2;3124;3395;3839;4095
2;3121;3396;3834;4095
2;3120;3399;3834;4095
2;3120;3397;3843;4095
2;3120;3397;3831;4095
2;3122;3398;3831;4095
2;3118;3391;3831;4095
2;3120;3393;3831;4095
2;3120;3397;3840;4095
2;3125;3392;3839;4095
2;3121;3392;3837;4095
2;3120;3398;3839;4095
2;3121;3396;3827;4095
2;3120;3392;3830;4095
2;3121;3394;3829;4095
2;3120;3397;3835;4095
2;3121;3392;3840;4095
2;3120;3395;3830;4095
2;3120;3395;3834;4095
2;3120;3403;3827;4095
2;3120;3392;3838;4095
2;3120;3391;3829;4095
2;3119;3395;3829;4095
2;3120;3392;3829;4095
2;3121;3397;3833;4095
2;3120;3393;3841;4095
2;3119;3392;3834;4095
2;3120;3393;3830;4095
2;3120;3391;3831;4095
2;3120;3395;3826;4095
2;3117;3395;3830;4095
2;3120;3393;3837;4095
2;3120;3395;3839;4095
2;3121;3396;3835;4095
2;3119;3395;3836;4095
2;3116;3397;3826;4095
2;3120;3391;3830;4095
2;3122;3394;3837;4095
2;3120;3395;3824;4095
2;3121;3394;3831;4095
2;3120;3405;3831;4095
2;3120;3394;3831;4095
2;3121;3392;3825;4095
2;3120;3393;3830;4095
2;3118;3395;3831;4095
2;3120;3390;3826;4095
2;3116;3389;3830;4095
2;3118;3392;3831;4095
2;3120;3393;3827;4095
2;3117;3392;3827;4095
2;3119;3394;3835;4095
2;3119;3393;3835;4095
2;3120;3395;3830;4095
2;3119;3388;3827;4095
2;3119;3393;3839;4093
2;3120;3394;3827;4095
2;3120;3391;3834;4095
2;3120;3392;3825;4095
2;3123;3394;3830;4095
2;3119;3391;3826;4095
2;3119;3393;3824;4095
2;3121;3397;3825;4095
2;3120;3392;3824;4095
2;3120;3394;3824;4095
2;3119;3391;3828;4089
3;3119;3391;3824;4095
3;3119;3393;3825;4095
3;3118;3392;3824;4095
3;3118;3391;3827;4095
3;3120;3390;3824;4095
3;3116;3394;3829;4095
3;3120;3387;3820;4095
3;3120;3389;3826;4095
3;3115;3392;3824;4095
3;3111;3391;3831;4095
3;3120;3387;3824;4095
3;3120;3391;3826;4095
3;3120;3391;3823;4095
3;3120;3392;3825;4095
3;3120;3387;3833;4095
3;3120;3389;3823;4095
3;3120;3389;3824;4095
3;3120;3391;3819;4095
3;3119;3392;3822;4095
3;3119;3392;3818;4095
3;3118;3392;3825;4095
3;3115;3391;3822;4094
3;3112;3390;3824;4095
3;3121;3391;3822;4094
3;3119;3393;3831;4095
3;3117;3393;3817;4095
3;3117;3396;3821;4095
3;3120;3392;3825;4095
3;3120;3392;3826;4095
3;3113;3393;3824;4095
3;3118;3392;3829;4095
3;3120;3393;3825;4095
3;3119;3392;3823;4095
3;3118;3387;3823;4095
3;3119;3390;3819;4095
3;3118;3391;3824;4095
3;3120;3387;3823;4095
3;3119;3392;3823;4095
3;3118;3391;3823;4095
3;3119;3391;3821;4091
3;3117;3391;3824;4094
3;3119;3391;3819;4095
3;3120;3390;3824;4095
3;3117;3390;3817;4095
3;3119;3394;3819;4095
3;3119;3386;3814;4095
3;3117;3391;3812;4095
3;3118;3389;3822;4095
3;3120;3396;3821;4095
3;3119;3387;3822;4095
3;3119;3387;3814;4095
3;3119;3392;3813;4095
3;3120;3390;3816;4095
3;3118;3387;3819;4095
3;3117;3389;3824;4091
3;3119;3390;3823;4095
3;3118;3391;3819;4095
3;3120;3393;3824;4093
3;3119;3392;3823;4090
3;3119;3385;3814;4091
3;3119;3394;3815;4095
3;3112;3387;3814;4095
3;3119;3386;3815;4093
3;3115;3392;3823;4095
3;3117;3389;3815;4095
3;3115;3389;3813;4095
3;3120;3388;3821;4095
3;3120;3391;3818;4094
3;3118;3389;3812;4095
3;3120;3388;3818;4095
3;3115;3390;3821;4095
3;3118;3392;3819;4095
3;3118;3387;3823;4095
3;3120;3389;3815;4095
3;3119;3389;3821;4095
3;3120;3391;3818;4095
3;3120;3389;3814;4095
3;3120;3383;3818;4095
3;3118;3385;3818;4095
3;3120;3393;3829;4095
3;3118;3387;3806;4095
3;3118;3390;3813;4095
3;3115;3388;3817;4093
3;3111;3387;3814;4095
3;3120;3393;3821;4095
3;3121;3390;3821;4095
3;3118;3391;3815;4095
3;3120;3390;3817;4095
3;3120;3389;3817;4095
3;3120;3390;3814;4095
3;3118;3394;3821;4095
3;3111;3390;3813;4095
3;3119;3390;3818;4095
3;3118;3392;3817;4095
3;3117;3391;3824;4095
3;3120;3393;3821;4095
3;3118;3392;3814;4095
3;3121;3389;3817;4095
3;3120;3402;3824;4095
3;3120;3390;3823;4095
3;3119;3392;3824;4095
3;3117;3392;3818;4095
3;3120;3394;3819;4095
3;3120;3391;3821;4095
3;3120;3393;3810;4095
3;3120;3395;3813;4095
3;3120;3393;3824;4095
3;3123;3395;3817;4095
3;3119;3395;3819;4095
3;3119;3392;3820;4095
3;3120;3392;3822;4095
3;3120;3394;3824;4095
3;3122;3393;3824;4095
3;3121;3394;3821;4095
3;3123;3393;3817;4095
3;3120;3394;3821;4095
3;3121;3393;3821;4095
3;3120;3392;3807;4095
3;3120;3398;3824;4095
3;3121;3399;3824;4095
3;3123;3394;3818;4095
3;3120;3391;3818;4095
3;3120;3392;3817;4095
3;3120;3390;3811;4095
3;3120;3394;3818;4095
3;3120;3393;3812;4095
3;3120;3393;3811;4095
3;3120;3391;3820;4095
3;3121;3391;3815;4095
3;3120;3392;3817;4095
3;3118;3395;3820;4095
3;3120;3392;3817;4095
3;3120;3394;3820;4095
3;3121;3399;3812;4095
3;3120;3398;3819;4095
3;3121;3397;3805;4095
3;3124;3393;3823;4095
3;3120;3398;3808;4095
3;3122;3397;3818;4095
3;3121;3395;3826;4095
3;3121;3397;3824;4095
3;3124;3397;3825;4095
3;3125;3399;3819;4095
3;3123;3401;3823;4095
3;3123;3398;3824;4095
3;3123;3399;3815;4095
3;3120;3401;3824;4095
3;3122;3393;3822;4095
3;3124;3398;3818;4095
3;3122;3396;3819;4095
3;3120;3393;3822;4095
3;3123;3395;3818;4095
3;3120;3396;3824;4095
3;3120;3395;3824;4095
3;3120;3393;3818;4095
3;3121;3395;3813;4095
3;3123;3405;3818;4095
3;3120;3395;3822;4095
3;3122;3393;3819;4095
3;3122;3394;3811;4095
3;3120;3394;3821;4095
3;3118;3394;3824;4095
3;3120;3396;3817;4095
3;3120;3397;3815;4095
3;3118;3393;3810;4095
3;3120;3402;3815;4095
3;3120;3391;3815;4095
3;3120;3397;3821;4095
3;3121;3395;3810;4095
3;3121;3393;3818;4095
3;3122;3393;3817;4095
3;3121;3392;3808;4095
3;3120;3397;3823;4095
3;3120;3394;3820;4095
3;3120;3393;3814;4095
3;3125;3395;3817;4095
3;3121;3394;3810;4095
3;3121;3396;3813;4095
3;3118;3392;3823;4095
3;3120;3395;3814;4095
3;3120;3397;3802;4095
3;3122;3395;3814;4095
3;3120;3392;3813;4095
3;3120;3394;3816;4095
3;3121;3392;3810;4095
3;3120;3395;3813;4095
3;3123;3396;3815;4095
3;3121;3397;3818;4095
3;3120;3395;3818;4095
3;3120;3397;3814;4095
3;3120;3391;3822;4095
3;3121;3397;3822;4095
3;3124;3395;3813;4095
3;3121;3396;3806;4095
3;3117;3402;3812;4095
3;3120;3396;3811;4095
3;3123;3397;3813;4095
3;3120;3393;3818;4095
3;3120;3396;3803;4095
3;3120;3397;3814;4095
3;3122;3393;3814;4095
3;3123;3401;3810;4095
3;3123;3401;3813;4095
3;3122;3394;3815;4095
3;3123;3394;3813;4093
3;3120;3395;3808;4095
3;3120;3397;3818;4095
3;3120;3395;3813;4095
3;3120;3396;3814;4095
3;3120;3395;3813;4095
3;3127;3396;3808;4095
3;3117;3395;3813;4095
3;3121;3393;3810;4095
3;3117;3403;3815;4095
3;3121;3397;3824;4095
3;3122;3399;3811;4095
3;3120;3399;3811;4095
3;3120;3403;3815;4095
3;3117;3397;3812;4095
3;3120;3399;3814;4095
3;3122;3402;3813;4095
3;3121;3394;3809;4095
3;3120;3395;3822;4095
3;3122;3394;3810;4095
3;3120;3398;3810;4095
3;3124;3395;3813;4095
3;3123;3393;3813;4095
3;3121;3395;3810;4095
3;3120;3395;3803;4095
3;3125;3396;3809;4095
3;3120;3395;3818;4095
3;3123;3397;3799;4095
3;3123;3403;3817;4095
3;3125;3395;3807;4095
3;3122;3393;3808;4095
3;3121;3398;3822;4095
3;3123;3402;3818;4095
3;3125;3395;3819;4095
3;3124;3395;3807;4095
3;3123;3403;3812;4095
4;3122;3398;3814;4095
4;3126;3398;3809;4095
4;3121;3398;3813;4095
4;3120;3398;3821;4095
4;3122;3394;3804;4095
4;3120;3394;3802;4095
4;3120;3395;3807;4095
4;3119;3399;3814;4095
4;3120;3397;3807;4095
4;3121;3393;3811;4095
4;3123;3402;3808;4095
4;3123;3391;3807;4095
4;3123;3399;3814;4095
4;3121;3402;3810;4095
4;3125;3394;3814;4095
4;3126;3403;3808;4095
4;3125;3398;3808;4095
4;3122;3399;3810;4095
4;3125;3403;3802;4095
4;3129;3395;3811;4095
4;3127;3402;3811;4095
4;3125;3397;3812;4095
4;3126;3403;3804;4095
4;3124;3401;3810;4095
4;3123;3400;3803;4095
4;3124;3399;3801;4095
4;3121;3394;3813;4095
4;3123;3397;3814;4095
4;3122;3398;3805;4095
4;3120;3401;3810;4095
4;3125;3395;3810;4095
4;3123;3395;3814;4095
4;3120;3397;3807;4095
4;3123;3395;3809;4095
4;3120;3397;3818;4095
4;3125;3403;3814;4095
4;3126;3399;3807;4095
4;3127;3401;3809;4095
4;3120;3402;3806;4095
4;3120;3401;3810;4095
4;3121;3398;3801;4095
4;3121;3399;3802;4095
4;3125;3398;3805;4095
4;3129;3399;3807;4095
4;3126;3401;3807;4095
4;3131;3401;3806;4095
4;3127;3398;3805;4095
4;3129;3405;3807;4095
4;3124;3401;3805;4095
4;3130;3402;3801;4095
4;3126;3407;3810;4095
4;3129;3402;3801;4095
4;3125;3399;3806;4095
4;3126;3408;3802;4095
4;3129;3405;3805;4095
4;3131;3405;3807;4095
4;3131;3402;3799;4095
4;3129;3403;3809;4095
4;3127;3398;3814;4095
4;3129;3405;3799;4095
4;3122;3404;3818;4095
4;3125;3397;3811;4095
4;3127;3402;3806;4095
4;3129;3406;3803;4095
4;3123;3401;3799;4095
4;3127;3404;3803;4095
4;3123;3398;3798;4095
4;3124;3397;3806;4095
4;3131;3405;3811;4095
4;3128;3403;3802;4095
4;3127;3399;3803;4095
4;3130;3402;3805;4095
4;3132;3405;3804;4095
4;3130;3408;3807;4095
4;3127;3407;3807;4095
4;3129;3403;3806;4095
4;3132;3407;3799;4095
4;3123;3404;3808;4095
4;3127;3406;3811;4095
4;3126;3405;3811;4095
4;3126;3403;3807;4095
4;3134;3404;3810;4095
4;3123;3407;3809;4095
4;3120;3403;3811;4095
4;3129;3405;3801;4095
4;3131;3405;3810;4095
4;3126;3403;3807;4095
4;3128;3402;3799;4095
4;3131;3404;3801;4095
4;3123;3399;3799;4095
4;3125;3398;3798;4095
4;3125;3405;3802;4095
4;3130;3404;3807;4095
4;3129;3404;3806;4095
4;3127;3406;3811;4095
4;3127;3402;3799;4095
4;3132;3406;3811;4095
4;3123;3403;3811;4095
4;3126;3399;3795;4095
4;3134;3407;3807;4095
4;3125;3407;3805;4095
4;3123;3405;3802;4095
4;3129;3399;3803;4095
4;3127;3403;3799;4095
4;3127;3403;3806;4095
4;3124;3399;3803;4095
4;3129;3400;3806;4095
4;3123;3403;3802;4095
4;3130;3403;3807;4095
4;3129;3402;3797;4095
4;3125;3403;3805;4095
4;3127;3402;3800;4095
4;3126;3401;3795;4095
4;3126;3402;3803;4095
4;3129;3403;3799;4095
4;3126;3406;3796;4095
4;3127;3403;3806;4095
4;3122;3404;3810;4095
4;3123;3402;3801;4095
4;3123;3403;3803;4095
4;3129;3404;3804;4095
4;3132;3403;3797;4095
4;3126;3407;3792;4095
4;3123;3408;3794;4095
4;3129;3403;3797;4087
4;3125;3405;3796;4095
4;3131;3408;3803;4095
4;3132;3408;3799;4095
4;3124;3408;3794;4095
4;3130;3406;3794;4095
4;3134;3407;3801;4095
4;3130;3405;3803;4095
4;3129;3405;3795;4095
4;3127;3405;3794;4095
4;3129;3406;3804;4095
4;3132;3408;3797;4095
4;3134;3407;3797;4095
4;3131;3407;3798;4095
4;3134;3407;3794;4095
4;3132;3408;3786;4095
4;3134;3407;3799;4095
4;3133;3405;3799;4095
4;3131;3404;3797;4095
4;3136;3408;3792;4095
4;3134;3408;3798;4095
4;3133;3403;3792;4095
4;3126;3408;3791;4095
4;3132;3400;3785;4095
4;3133;3406;3787;4095
4;3131;3403;3792;4095
4;3133;3406;3792;4095
4;3134;3410;3804;4095
4;3127;3403;3792;4095
4;3131;3405;3788;4095
4;3130;3402;3792;4095
4;3133;3403;3795;4095
4;3126;3407;3797;4095
4;3122;3401;3799;4095
4;3123;3405;3792;4095
4;3129;3404;3793;4095
4;3130;3403;3795;4095
4;3130;3407;3792;4095
4;3130;3406;3795;4095
4;3129;3402;3792;4095
4;3131;3405;3794;4095
4;3126;3404;3787;4095
4;3133;3403;3795;4095
4;3130;3409;3792;4095
4;3130;3406;3794;4095
4;3133;3407;3788;4095
4;3123;3406;3796;4095
4;3127;3403;3796;4095
4;3131;3404;3792;4095
4;3121;3400;3792;4095
4;3131;3408;3792;4095
4;3136;3402;3794;4095
4;3134;3407;3793;4095
4;3131;3408;3793;4095
4;3129;3408;3792;4095
4;3129;3407;3794;4095
4;3133;3408;3793;4095
4;3129;3407;3796;4095
4;3127;3408;3792;4095
4;3130;3408;3793;4095
4;3132;3411;3792;4095
4;3129;3405;3798;4095
4;3130;3408;3799;4095
4;3133;3408;3789;4095
4;3134;3403;3801;4095
4;3134;3408;3794;4095
4;3131;3408;3798;4095
4;3134;3404;3792;4095
4;3131;3408;3794;4095
4;3137;3409;3801;4095
4;3134;3408;3796;4095
4;3134;3408;3797;4095
4;3130;3408;3792;4095
4;3132;3406;3797;4095
4;3133;3408;3791;4095
4;3131;3407;3795;4095
4;3132;3406;3788;4095
4;3125;3408;3783;4095
4;3132;3405;3785;4095
4;3136;3408;3790;4095
4;3135;3408;3790;4095
4;3133;3408;3779;4095
4;3134;3409;3783;4095
4;3136;3408;3787;4095
4;3135;3409;3795;4095
4;3135;3407;3791;4095
4;3136;3409;3792;4095
4;3135;3408;3785;4095
4;3134;3410;3776;4095
4;3137;3410;3781;4095
4;3136;3408;3787;4095
4;3136;3413;3792;4095
4;3136;3403;3792;4095
4;3136;3408;3789;4095
4;3131;3408;3792;4095
4;3137;3408;3788;4095
4;3140;3410;3787;4095
4;3134;3408;3789;4095
4;3126;3411;3783;4095
4;3136;3410;3781;4095
4;3137;3410;3783;4095
4;3136;3410;3786;4095
4;3136;3414;3791;4095
4;3136;3408;3782;4095
4;3137;3408;3784;4095
4;3136;3408;3785;4095
4;3135;3408;3787;4095
4;3135;3408;3783;4095
4;3136;3408;3787;4095
4;3136;3405;3783;4095
4;3136;3408;3787;4095
4;3136;3406;3789;4095
4;3127;3406;3785;4095
4;3135;3406;3781;4095
4;3136;3405;3785;4095
4;3137;3408;3779;4095
4;3126;3408;3780;4095
4;3135;3403;3785;4095
4;3134;3410;3775;4095
4;3132;3409;3788;4095
4;3135;3407;3786;4095
4;3135;3405;3774;4095
4;3135;3410;3782;4095
4;3133;3407;3786;4095
4;3135;3408;3787;4095
4;3136;3407;3792;4095
4;3135;3406;3777;4095
4;3134;3407;3783;4095
4;3133;3410;3778;4095
4;3135;3408;3776;4095
4;3135;3408;3774;4095
4;3139;3411;3775;4095
4;3135;3408;3776;4095
4;3136;3413;3776;4095
4;3136;3411;3776;4095
4;3139;3413;3775;4095
4;3136;3409;3776;4095
4;3137;3409;3777;4095
4;3138;3412;3774;4095
4;3135;3408;3776;4095
4;3138;3410;3783;4095
4;3133;3408;3786;4095
4;3136;3409;3767;4095
4;3137;3409;3782;4095
4;3136;3408;3779;4095
4;3137;3410;3777;4095
4;3135;3410;3770;4095
4;3136;3408;3767;4095
4;3136;3408;3777;4095
4;3135;3405;3774;4095
4;3135;3408;3776;4095
4;3132;3409;3776;4095
4;3131;3411;3778;4095
4;3136;3410;3779;4095
4;3134;3409;3779;4095
4;3142;3409;3774;4095
4;3136;3408;3771;4095
4;3136;3408;3777;4095
4;3138;3408;3775;4095
4;3137;3408;3775;4095
5;3139;3413;3771;4095
5;3139;3413;3771;4095
5;3135;3409;3776;4095
5;3138;3409;3774;4095
5;3136;3408;3777;4095
5;3139;3409;3776;4095
5;3136;3409;3776;4095
5;3136;3411;3777;4095
5;3136;3408;3776;4095
5;3140;3410;3779;4095
5;3137;3408;3774;4095
5;3133;3415;3778;4095
5;3131;3408;3776;4095
5;3136;3411;3775;4095
5;3139;3411;3775;4095
5;3135;3417;3767;4095
5;3139;3415;3773;4095
5;3137;3409;3774;4095
5;3137;3418;3770;4095
5;3142;3409;3773;4095
5;3141;3411;3774;4095
5;3141;3411;3774;4095
5;3142;3411;3769;4095
5;3142;3411;3770;4095
5;3137;3411;3765;4095
5;3136;3411;3770;4095
5;3137;3409;3767;4095
5;3137;3408;3766;4095
5;3138;3414;3769;4095
5;3136;3409;3775;4095
5;3136;3408;3776;4095
5;3134;3409;3775;4095
5;3131;3407;3761;4095
5;3131;3410;3771;4095
5;3136;3408;3760;4095
5;3136;3408;3770;4095
5;3135;3411;3769;4095
5;3135;3408;3760;4095
5;3134;3407;3774;4095
5;3136;3408;3763;4095
5;3131;3408;3767;4095
5;3136;3408;3773;4095
5;3137;3411;3761;4095
5;3135;3406;3763;4095
5;3136;3408;3762;4095
5;3137;3409;3767;4095
5;3134;3406;3765;4095
5;3134;3408;3769;4095
5;3126;3408;3761;4095
5;3135;3408;3757;4095
5;3133;3408;3757;4095
5;3133;3408;3766;4095
5;3134;3408;3769;4095
5;3132;3407;3763;4095
5;3135;3407;3773;4095
5;3134;3408;3773;4095
5;3130;3410;3759;4095
5;3133;3407;3776;4095
5;3136;3410;3762;4095
5;3136;3408;3767;4095
5;3141;3413;3775;4087
5;3142;3413;3770;4095
5;3141;3411;3771;4095
5;3136;3410;3766;4095
5;3136;3411;3768;4095
5;3133;3408;3769;4095
5;3138;3418;3767;4095
5;3145;3410;3773;4095
5;3139;3409;3765;4095
5;3142;3413;3777;4095
5;3136;3413;3773;4095
5;3143;3413;3770;4095
5;3136;3415;3774;4095
5;3138;3413;3768;4095
5;3138;3408;3760;4095
5;3135;3411;3765;4095
5;3136;3411;3766;4095
5;3136;3409;3763;4095
5;3136;3408;3767;4095
5;3136;3410;3767;4095
5;3136;3410;3763;4095
5;3136;3408;3750;4095
5;3137;3408;3769;4095
5;3137;3408;3761;4095
5;3136;3411;3751;4095
5;3138;3409;3762;4095
5;3135;3413;3764;4095
5;3138;3408;3755;4095
5;3141;3413;3748;4095
5;3136;3408;3766;4095
5;3136;3407;3760;4095
5;3139;3406;3758;4095
5;3137;3405;3774;4095
5;3135;3411;3766;4095
5;3133;3408;3762;4095
5;3134;3409;3753;4095
5;3138;3407;3759;4095
5;3136;3411;3760;4095
5;3136;3410;3760;4095
5;3139;3405;3776;4095
5;3136;3410;3759;4095
5;3136;3415;3751;4095
5;3140;3409;3760;4095
5;3141;3411;3764;4095
5;3138;3409;3760;4095
5;3136;3408;3760;4095
5;3138;3409;3760;4095
5;3136;3410;3760;4095
5;3137;3408;3744;4095
5;3136;3411;3765;4095
5;3139;3410;3760;4095
5;3142;3410;3760;4095
5;3136;3415;3754;4095
5;3143;3409;3759;4095
5;3136;3408;3759;4095
5;3142;3411;3760;4095
5;3142;3419;3760;4095
5;3141;3409;3760;4095
5;3157;3424;3760;4095
5;3159;3430;3763;4095
5;3154;3426;3755;4095
5;3155;3426;3760;4095
5;3162;3429;3764;4095
5;3153;3423;3760;4095
5;3153;3427;3749;4095
5;3154;3427;3759;4095
5;3152;3431;3769;4095
5;3158;3428;3760;4095
5;3162;3431;3763;4095
5;3146;3426;3760;4095
5;3153;3423;3757;4095
5;3152;3432;3763;4095
5;3154;3435;3765;4095
5;3153;3428;3763;4095
5;3156;3423;3760;4095
5;3163;3431;3760;4095
5;3161;3437;3760;4095
5;3161;3430;3745;4095
5;3161;3433;3770;4095
5;3160;3435;3762;4095
5;3161;3433;3770;4095
5;3162;3438;3761;4095
5;3162;3430;3744;4095
5;3159;3430;3759;4095
5;3166;3430;3755;4095
5;3161;3435;3756;4095
5;3167;3435;3764;4095
5;3178;3438;3770;4095
5;3160;3435;3759;4095
5;3157;3434;3761;4095
5;3161;3438;3760;4095
5;3158;3433;3758;4095
5;3159;3429;3745;4095
5;3159;3429;3758;4095
5;3161;3430;3759;4095
5;3157;3425;3750;4095
5;3153;3426;3757;4095
