1;3485;3643;3766;3824
1;3465;3632;3774;3812
1;3495;3659;3762;3826
1;3472;3654;3760;3786
1;3472;3632;3745;3794
1;3457;3639;3747;3792
1;3472;3632;3728;3780
1;3483;3629;3763;3749
1;3455;3622;3737;3775
1;3453;3638;3754;3762
1;3443;3646;3742;3763
1;3477;3645;3775;3778
1;3471;3625;3749;3763
1;3467;3622;3773;3778
1;3456;3597;3726;3761
1;3431;3611;3728;3770
1;3438;3609;3759;3743
1;3457;3599;3715;3726
1;3441;3614;3706;3766
1;3434;3600;3719;3741
1;3433;3570;3703;3716
1;3433;3570;3699;3707
1;3423;3575;3683;3742
1;3417;3632;3669;3709
1;3424;3562;3665;3712
1;3414;3627;3659;3701
1;3399;3550;3658;3698
1;3407;3574;3643;3681
1;3393;3538;3643;3689
1;3395;3551;3680;3669
1;3414;3568;3683;3707
1;3393;3549;3663;3710
1;3409;3549;3666;3677
1;3378;3494;3648;3667
1;3374;3520;3665;3676
1;3371;3524;3648;3659
1;3363;3558;3611;3657
1;3376;3517;3623;3678
1;3385;3531;3624;3658
1;3370;3509;3629;3661
1;3383;3563;3613;3664
1;3362;3523;3630;3664
1;3378;3511;3631;3634
1;3373;3523;3626;3654
1;3411;3538;3630;3649
1;3390;3530;3632;3654
1;3390;3529;3625;3661
1;3388;3537;3653;3678
1;3387;3535;3627;3663
1;3401;3554;3621;3649
1;3396;3563;3659;3666
1;3397;3545;3650;3663
1;3403;3553;3647;3673
1;3402;3547;3641;3677
1;3425;3551;3646;3679
1;3403;3522;3661;3687
1;3379;3551;3664;3689
1;3410;3557;3649;3687
1;3414;3559;3651;3691
1;3415;3559;3664;3662
1;3411;3578;3647;3696
1;3421;3563;3658;3679
1;3423;3572;3683;3696
1;3415;3577;3638;3699
1;3433;3557;3669;3685
1;3425;3582;3683;3701
1;3440;3559;3691;3707
1;3445;3568;3706;3695
1;3445;3574;3679;3710
1;3446;3634;3695;3751
1;3455;3607;3693;3709
1;3411;3551;3665;3687
1;3410;3551;3660;3653
1;3414;3555;3669;3686
1;3421;3555;3643;3665
1;3392;3568;3660;3691
1;3422;3550;3670;3697
1;3433;3571;3666;3753
1;3425;3598;3696;3690
1;3439;3575;3691;3696
1;3426;3567;3690;3707
1;3435;3547;3689;3709
1;3431;3593;3690;3718
1;3436;3600;3683;3715
1;3440;3582;3687;3728
1;3443;3577;3696;3717
1;3450;3595;3675;3728
1;3459;3577;3712;3728
1;3456;3595;3740;3738
1;3454;3641;3711;3758
1;3459;3600;3707;3734
1;3463;3599;3723;3762
1;3463;3611;3769;3741
1;3486;3628;3690;3750
1;3490;3631;3713;3751
1;3518;3609;3760;3767
1;3472;3645;3753;3767
1;3535;3651;3762;3790
1;3515;3667;3762;3792
1;3507;3671;3731;3838
1;3535;3667;3799;3817
1;3526;3723;3792;3801
1;3568;3708;3817;3825
1;3543;3699;3827;3827
1;3566;3708;3822;3846
1;3568;3719;3846;3902
1;3561;3719;3855;3857
1;3549;3737;3860;3856
1;3599;3767;3861;3888
1;3593;3759;3875;3868
1;3609;3760;3890;3902
1;3606;3733;3867;3906
1;3610;3781;3888;3915
1;3613;3803;3888;3910
1;3632;3779;3893;3934
1;3610;3777;3903;3925
1;3627;3791;3900;3984
1;3661;3806;3907;3934
1;3664;3844;3927;3963
1;3666;3821;3938;3915
1;3654;3790;3920;3967
1;3648;3813;3969;3949
1;3637;3807;3991;3968
1;3611;3808;3942;3984
1;3645;3772;3911;3955
1;3615;3795;3920;3956
1;3601;3743;3892;3941
1;3571;3758;3862;3938
1;3568;3746;3888;3859
1;3559;3743;3865;3873
1;3552;3707;3867;3873
1;3533;3723;3836;3901
1;3538;3700;3819;3857
1;3534;3712;3831;3876
1;3543;3728;3831;3792
1;3520;3697;3831;3844
1;3501;3668;3811;3856
1;3489;3662;3778;3835
1;3503;3664;3781;3810
1;3504;3667;3791;3809
1;3472;3674;3792;3819
1;3478;3653;3804;3859
1;3478;3665;3803;3870
1;3471;3683;3766;3873
1;3470;3661;3808;3861
1;3483;3638;3814;3851
1;3466;3648;3827;3938
1;3473;3643;3872;3937
1;3467;3623;3817;3851
1;3460;3632;3782;3835
1;3463;3631;3753;3843
1;3491;3632;3743;3800
1;3472;3594;3725;3767
1;3456;3621;3748;3791
1;3443;3631;3738;3753
1;3470;3623;3711;3776
1;3458;3629;3728;3790
1;3456;3599;3767;3772
1;3451;3611;3724;3775
1;3455;3614;3718;3771
1;3449;3600;3729;3773
1;3462;3622;3739;3799
1;3450;3575;3724;3776
1;3447;3607;3710;3736
1;3443;3616;3729;3754
1;3450;3595;3757;3798
1;3449;3594;3731;3755
1;3446;3615;3701;3760
1;3427;3610;3722;3789
1;3441;3600;3731;3760
1;3440;3574;3699;3741
1;3435;3601;3706;3735
1;3431;3600;3704;3772
1;3438;3589;3745;3746
1;3438;3567;3709;3728
1;3440;3599;3761;3777
1;3437;3581;3706;3741
1;3442;3599;3696;3744
1;3435;3614;3687;3722
1;3440;3597;3664;3760
1;3434;3605;3701;3728
1;3434;3590;3703;3728
1;3389;3578;3696;3696
1;3419;3573;3696;3730
1;3415;3568;3664;3763
1;3435;3591;3684;3728
1;3409;3565;3670;3729
1;3456;3568;3675;3730
1;3411;3565;3664;3731
1;3408;3561;3675;3696
1;3407;3557;3670;3711
1;3392;3573;3676;3700
1;3410;3565;3680;3715
1;3411;3536;3697;3702
1;3379;3557;3661;3710
1;3407;3547;3668;3707
1;3407;3553;3674;3665
1;3405;3552;3664;3696
1;3393;3546;3654;3658
1;3394;3535;3643;3685
1;3395;3569;3672;3685
1;3399;3541;3669;3707
1;3376;3556;3639;3687
1;3402;3536;3615;3701
1;3388;3533;3660;3679
1;3375;3574;3621;3712
1;3355;3533;3649;3680
1;3383;3534;3639;3664
1;3383;3493;3664;3670
1;3376;3523;3643;3665
1;3382;3547;3664;3670
1;3396;3532;3649;3672
1;3382;3521;3623;3662
1;3377;3522;3627;3664
1;3375;3522;3619;3659
1;3397;3533;3631;3664
1;3374;3517;3658;3668
1;3378;3533;3633;3667
1;3376;3536;3637;3664
1;3375;3513;3638;3666
1;3386;3534;3622;3665
1;3386;3533;3639;3671
1;3387;3525;3648;3669
1;3396;3531;3648;3664
1;3377;3562;3649;3681
1;3417;3517;3692;3722
1;3437;3541;3682;3763
1;3381;3568;3675;3708
1;3431;3568;3628;3731
1;3421;3564;3706;3769
1;3426;3568;3685;3722
1;3462;3591;3675;3739
1;3433;3543;3711;3735
1;3443;3569;3762;3726
1;3445;3616;3686;3728
1;3442;3583;3707;3730
1;3447;3583;3715;3727
1;3458;3611;3711;3715
1;3472;3607;3728;3750
1;3466;3625;3724;3751
1;3472;3645;3707;3754
1;3489;3625;3707;3729
1;3495;3654;3757;3781
1;3504;3695;3822;3808
1;3507;3638;3762;3799
1;3535;3686;3795;3817
1;3554;3660;3779;3810
1;3522;3667;3776;3779
1;3547;3690;3841;3814
1;3546;3738;3835;3840
1;3551;3760;3815;3849
1;3568;3727;3859;3863
1;3607;3733;3853;3891
1;3596;3748;3871;3888
1;3602;3770;3931;3935
1;3666;3825;3997;4030
1;3531;3788;4058;4046
1;3344;3714;4080;4095
1;3290;3665;4095;4095
1;3314;3728;4090;4081
1;3263;3739;4095;4095
1;3686;3839;4067;4049
1;3633;3817;3986;3949
1;3613;3842;3952;4034
1;3592;3760;3923;3981
1;3568;3734;3901;3941
1;3610;3767;3911;3953
1;3616;3792;3929;3921
1;3632;3802;3930;3970
1;3605;3818;3973;3979
1;3619;3808;3958;3972
1;3630;3783;3947;3985
1;3610;3815;3899;3986
1;3614;3787;3952;4002
1;3567;3771;3950;3959
1;3567;3779;3904;3927
1;3562;3717;3894;3887
1;3559;3731;3873;3920
1;3539;3711;3884;3888
1;3554;3706;3837;3895
1;3511;3692;3854;3894
1;3504;3686;3824;3885
1;3491;3671;3826;3849
1;3495;3685;3729;3861
1;3498;3648;3770;3850
1;3478;3657;3765;3821
1;3445;3638;3776;3807
1;3455;3635;3792;3820
1;3456;3621;3792;3780
1;3460;3627;3779;3791
1;3470;3597;3759;3796
1;3445;3601;3754;3799
1;3437;3613;3745;3757
1;3425;3579;3735;3773
1;3431;3597;3713;3728
1;3430;3572;3717;3783
1;3442;3619;3758;3778
1;3437;3647;3760;3793
1;3480;3647;3776;3775
1;3513;3673;3819;3839
1;3518;3674;3823;3856
1;3515;3684;3768;3840
1;3503;3697;3816;3822
1;3477;3660;3765;3796
1;3439;3597;3807;3748
1;3395;3574;3709;3716
1;3373;3546;3671;3714
1;3378;3539;3679;3715
1;3367;3531;3680;3715
1;3392;3527;3678;3723
1;3378;3535;3663;3699
1;3378;3524;3664;3681
1;3378;3537;3677;3712
1;3376;3529;3695;3716
1;3380;3532;3678;3724
1;3390;3521;3678;3683
1;3381;3515;3647;3691
1;3362;3552;3663;3709
1;3363;3521;3658;3670
1;3376;3520;3670;3693
2;3375;3525;3650;3689
2;3367;3527;3691;3684
2;3374;3505;3651;3683
2;3359;3503;3665;3677
2;3355;3520;3632;3665
2;3355;3495;3631;3638
2;3346;3498;3637;3664
2;3365;3510;3649;3671
2;3397;3501;3642;3686
2;3334;3504;3637;3652
2;3359;3500;3629;3676
2;3344;3501;3629;3649
2;3358;3502;3632;3654
2;3359;3490;3623;3660
2;3358;3520;3613;3734
2;3350;3504;3638;3660
2;3365;3507;3658;3627
2;3344;3504;3641;3663
2;3355;3503;3633;3674
2;3344;3487;3657;3662
2;3344;3499;3641;3677
2;3357;3505;3638;3684
2;3362;3513;3677;3669
2;3358;3505;3642;3672
2;3380;3504;3635;3671
2;3363;3505;3658;3658
2;3356;3520;3632;3699
2;3375;3543;3648;3677
2;3395;3514;3661;3653
2;3386;3493;3643;3673
2;3376;3517;3642;3681
2;3367;3521;3658;3679
2;3378;3530;3664;3679
2;3422;3535;3670;3691
2;3386;3536;3664;3693
2;3380;3539;3653;3708
2;3387;3542;3679;3696
2;3389;3521;3648;3700
2;3418;3539;3680;3695
2;3398;3521;3663;3705
2;3385;3551;3679;3743
2;3401;3543;3676;3706
2;3404;3547;3616;3723
2;3379;3548;3670;3733
2;3397;3545;3649;3697
2;3402;3536;3679;3633
2;3393;3546;3679;3703
2;3403;3504;3681;3706
2;3409;3558;3681;3738
2;3405;3527;3705;3725
2;3411;3545;3688;3680
2;3408;3546;3696;3679
2;3413;3568;3678;3738
2;3439;3583;3695;3713
2;3439;3574;3675;3707
2;3382;3522;3664;3698
2;3406;3523;3674;3693
2;3394;3533;3671;3703
2;3407;3539;3673;3687
2;3377;3536;3670;3710
2;3370;3511;3641;3673
2;3371;3522;3662;3636
2;3376;3518;3664;3683
2;3376;3523;3658;3696
2;3375;3492;3643;3692
2;3375;3511;3619;3674
2;3357;3527;3661;3695
2;3376;3510;3664;3681
2;3389;3531;3658;3701
2;3380;3525;3664;3681
2;3385;3529;3641;3677
2;3376;3520;3654;3689
2;3395;3531;3635;3671
2;3377;3517;3664;3691
2;3395;3552;3643;3696
2;3388;3551;3669;3678
2;3399;3566;3677;3702
2;3401;3553;3701;3700
2;3403;3556;3685;3710
2;3408;3549;3715;3710
2;3424;3567;3683;3730
2;3413;3619;3669;3717
2;3435;3579;3718;3709
2;3439;3568;3696;3728
2;3427;3600;3730;3737
2;3434;3599;3703;3711
2;3446;3568;3738;3760
2;3440;3577;3735;3744
2;3456;3634;3729;3777
2;3472;3626;3746;3772
2;3456;3635;3718;3760
2;3463;3622;3743;3745
2;3465;3632;3731;3779
2;3475;3641;3732;3754
2;3483;3633;3777;3789
2;3481;3647;3762;3781
2;3514;3665;3785;3806
2;3483;3670;3782;3804
2;3518;3667;3782;3802
2;3515;3696;3793;3801
2;3534;3687;3809;3846
2;3535;3697;3829;3829
2;3534;3702;3822;3839
2;3537;3728;3853;3847
2;3546;3726;3825;3828
2;3551;3745;3827;3867
2;3536;3711;3828;3865
2;3566;3735;3824;3879
2;3594;3743;3847;3877
2;3600;3719;3859;3871
2;3610;3732;3888;3861
2;3600;3737;3849;3861
2;3575;3743;3841;3873
2;3568;3744;3824;3855
2;3582;3756;3830;3885
2;3583;3766;3841;3907
2;3600;3775;3860;3897
2;3596;3771;3865;3922
2;3601;3765;3889;3904
2;3607;3814;3919;3907
2;3620;3786;3898;3922
2;3617;3735;3910;3927
2;3649;3796;3909;3916
2;3632;3804;3911;3922
2;3635;3821;3884;3976
2;3629;3827;3920;3911
2;3661;3855;3950;3958
2;3611;3804;3943;3982
2;3632;3805;3984;3975
2;3606;3856;3939;3936
2;3638;3781;3946;3983
2;3625;3797;3920;3947
2;3599;3749;3879;3953
2;3577;3767;3875;3933
2;3565;3780;3843;3943
2;3555;3727;3879;3901
2;3546;3732;3857;3887
2;3547;3728;3802;3886
2;3527;3701;3791;3871
2;3515;3696;3815;3868
2;3519;3693;3808;3859
2;3515;3715;3805;3839
2;3513;3715;3799;3829
2;3505;3680;3792;3831
2;3504;3664;3802;3830
2;3505;3663;3792;3808
2;3455;3617;3766;3803
2;3463;3662;3782;3782
2;3500;3632;3770;3789
2;3472;3637;3758;3781
2;3470;3615;3711;3767
2;3453;3617;3735;3760
2;3453;3600;3715;3711
2;3458;3606;3723;3773
2;3452;3598;3721;3751
2;3441;3604;3679;3753
2;3435;3571;3702;3734
2;3433;3568;3727;3725
2;3431;3569;3682;3715
2;3434;3583;3693;3716
2;3408;3578;3680;3727
2;3413;3575;3683;3774
2;3418;3580;3671;3705
2;3395;3573;3674;3674
2;3409;3536;3675;3705
2;3403;3569;3667;3718
2;3408;3565;3676;3697
2;3435;3563;3666;3712
2;3408;3600;3659;3696
2;3417;3571;3664;3697
2;3417;3564;3665;3681
2;3403;3542;3664;3690
2;3399;3553;3657;3679
2;3414;3545;3653;3675
2;3404;3582;3664;3684
2;3408;3552;3648;3693
2;3397;3534;3659;3677
2;3413;3549;3632;3667
2;3393;3558;3665;3667
2;3390;3543;3637;3664
2;3391;3546;3642;3671
2;3375;3566;3664;3689
2;3383;3539;3641;3667
2;3392;3535;3644;3696
2;3376;3525;3661;3666
2;3408;3541;3619;3699
2;3391;3561;3605;3668
2;3399;3535;3664;3675
2;3390;3536;3625;3674
2;3392;3536;3629;3708
2;3374;3518;3633;3687
2;3390;3533;3639;3667
2;3392;3514;3629;3684
2;3375;3517;3639;3674
2;3398;3520;3600;3605
2;3392;3536;3646;3671
2;3396;3530;3666;3664
2;3383;3518;3639;3673
2;3404;3561;3663;3669
2;3404;3547;3646;3682
2;3391;3551;3650;3696
2;3408;3545;3646;3650
2;3407;3557;3643;3681
2;3385;3550;3678;3687
2;3410;3564;3648;3665
2;3423;3569;3665;3678
2;3413;3521;3664;3691
2;3426;3562;3657;3712
2;3426;3577;3650;3714
2;3435;3571;3734;3711
2;3430;3591;3648;3659
2;3429;3597;3679;3710
2;3438;3573;3667;3705
2;3423;3549;3671;3694
2;3427;3568;3664;3707
2;3421;3580;3675;3702
2;3423;3569;3687;3696
2;3396;3583;3666;3714
2;3427;3573;3641;3706
2;3461;3581;3688;3671
2;3422;3613;3709;3700
2;3430;3583;3655;3657
2;3431;3537;3673;3701
2;3440;3594;3637;3717
2;3421;3552;3647;3681
2;3403;3571;3649;3680
2;3398;3536;3655;3662
2;3392;3534;3695;3691
2;3385;3561;3635;3648
2;3403;3564;3663;3704
2;3433;3566;3702;3682
2;3417;3547;3689;3676
3;3401;3536;3681;3677
3;3411;3568;3644;3709
3;3413;3552;3617;3668
3;3413;3559;3663;3684
3;3409;3557;3681;3660
3;3421;3541;3663;3685
3;3389;3562;3663;3699
3;3421;3561;3634;3691
3;3408;3558;3666;3675
3;3421;3607;3669;3682
3;3440;3567;3696;3711
3;3433;3568;3681;3731
3;3422;3575;3681;3760
3;3409;3579;3673;3714
3;3427;3570;3734;3707
3;3424;3578;3677;3728
3;3428;3623;3690;3693
3;3442;3583;3650;3713
3;3440;3591;3692;3733
3;3439;3572;3700;3713
3;3421;3598;3693;3734
3;3459;3610;3716;3729
3;3453;3632;3716;3731
3;3465;3600;3719;3707
3;3450;3616;3731;3741
3;3466;3634;3728;3766
3;3482;3623;3727;3741
3;3472;3632;3743;3728
3;3478;3632;3714;3713
3;3504;3641;3699;3783
3;3485;3636;3745;3757
3;3492;3637;3758;3762
3;3486;3635;3748;3760
3;3520;3659;3750;3778
3;3499;3653;3758;3774
3;3495;3672;3777;3753
3;3504;3658;3760;3788
3;3504;3683;3729;3813
3;3522;3687;3772;3838
3;3513;3678;3778;3809
3;3526;3684;3792;3822
3;3520;3685;3789;3831
3;3553;3691;3802;3825
3;3539;3699;3801;3824
3;3537;3678;3822;3828
3;3569;3737;3809;3817
3;3550;3728;3796;3866
3;3567;3713;3821;3838
3;3565;3738;3840;3843
3;3574;3724;3811;3846
3;3595;3728;3827;3856
3;3569;3727;3856;3846
3;3583;3714;3841;3869
3;3583;3734;3842;3878
3;3583;3729;3869;3888
3;3616;3754;3829;3843
3;3596;3723;3885;3856
3;3609;3759;3893;3894
3;3612;3776;3862;3908
3;3612;3785;3909;3902
3;3632;3770;3888;3893
3;3632;3824;3904;3930
3;3651;3792;3905;3931
3;3635;3795;3918;3920
3;3642;3805;3924;3938
3;3665;3808;3913;3984
3;3667;3840;3947;3962
3;3662;3835;3967;3954
3;3658;3846;3952;3950
3;3650;3822;3968;3987
3;3649;3832;3987;3986
3;3665;3819;3951;3984
3;3654;3870;3981;3975
3;3620;3808;3959;4005
3;3639;3774;3935;3985
3;3605;3787;3878;3952
3;3555;3789;3938;3933
3;3567;3749;3856;3934
3;3525;3737;3867;3880
3;3537;3702;3846;3883
3;3546;3717;3854;3872
3;3504;3722;3824;3841
3;3504;3685;3792;3839
3;3493;3689;3775;3842
3;3485;3655;3783;3833
3;3479;3622;3781;3793
3;3467;3628;3724;3781
3;3461;3626;3741;3760
3;3457;3615;3734;3763
3;3440;3600;3707;3714
3;3435;3631;3754;3734
3;3439;3575;3684;3706
3;3418;3583;3677;3734
3;3415;3533;3640;3721
3;3408;3582;3701;3697
3;3408;3577;3696;3694
3;3410;3565;3669;3730
3;3401;3558;3642;3674
3;3398;3551;3664;3693
3;3390;3541;3644;3664
3;3390;3502;3639;3679
3;3389;3535;3644;3669
3;3381;3534;3649;3674
3;3376;3538;3642;3678
3;3392;3537;3645;3669
3;3408;3520;3632;3666
3;3409;3538;3650;3665
3;3391;3511;3614;3658
3;3392;3534;3643;3683
3;3397;3536;3659;3664
3;3421;3531;3652;3677
3;3395;3530;3637;3682
3;3389;3554;3663;3675
3;3408;3520;3664;3682
3;3419;3563;3655;3695
3;3434;3564;3664;3709
3;3421;3568;3696;3707
3;3413;3570;3681;3695
3;3431;3535;3664;3695
3;3427;3589;3701;3711
3;3443;3619;3698;3723
3;3442;3642;3713;3728
3;3455;3600;3706;3696
3;3451;3573;3712;3709
3;3470;3619;3733;3713
3;3459;3618;3701;3747
3;3472;3617;3717;3782
3;3483;3609;3738;3792
3;3472;3638;3739;3805
3;3494;3663;3714;3792
3;3431;3595;3677;3728
3;3418;3543;3660;3673
3;3424;3552;3654;3686
3;3405;3536;3664;3668
3;3410;3600;3663;3695
3;3411;3547;3697;3711
3;3419;3539;3671;3697
3;3422;3598;3679;3695
3;3435;3569;3665;3714
3;3431;3579;3679;3709
3;3453;3568;3684;3698
3;3438;3598;3692;3715
3;3440;3597;3702;3712
3;3440;3602;3696;3680
3;3447;3618;3696;3728
3;3440;3600;3729;3752
3;3463;3625;3711;3747
3;3474;3619;3707;3760
3;3474;3600;3703;3738
3;3463;3632;3728;3764
3;3462;3652;3728;3758
3;3495;3646;3760;3777
3;3504;3630;3778;3760
3;3499;3684;3748;3779
3;3499;3674;3713;3794
3;3520;3665;3741;3781
3;3504;3660;3817;3814
3;3515;3674;3777;3790
3;3543;3675;3778;3792
3;3515;3678;3777;3810
3;3521;3687;3776;3773
3;3536;3710;3802;3799
3;3541;3709;3814;3866
3;3529;3678;3831;3831
3;3554;3716;3824;3827
3;3565;3727;3806;3823
3;3572;3733;3840;3856
3;3601;3739;3856;3910
3;3604;3760;3856;3882
3;3574;3735;3867;3871
3;3600;3755;3890;3894
3;3622;3776;3869;3920
3;3633;3806;3915;3918
3;3639;3824;3925;3933
3;3697;3870;3967;4003
3;3741;3952;4079;4048
3;3715;3888;3991;4018
3;3692;3856;3957;3987
3;3676;3834;3963;3957
3;3667;3834;3962;3975
3;3602;3840;3965;3968
3;3636;3806;3957;3988
3;3610;3805;3934;4013
3;3626;3801;3930;3982
3;3599;3763;3901;3947
3;3578;3760;3859;3952
3;3557;3731;3882;3920
3;3568;3747;3866;3909
3;3557;3713;3854;3865
3;3540;3699;3851;3879
3;3518;3670;3820;3846
3;3506;3663;3808;3855
3;3488;3665;3827;3837
3;3495;3671;3791;3807
3;3495;3642;3797;3811
3;3471;3649;3761;3794
3;3485;3600;3758;3813
3;3472;3631;3764;3783
3;3440;3614;3738;3803
3;3447;3598;3735;3783
3;3428;3627;3759;3766
3;3447;3632;3725;3772
3;3435;3600;3728;3726
3;3439;3600;3740;3750
3;3453;3591;3731;3748
3;3431;3594;3726;3744
3;3414;3573;3696;3733
3;3424;3597;3706;3745
3;3412;3574;3698;3734
3;3440;3578;3690;3791
3;3415;3537;3691;3719
3;3429;3573;3734;3734
3;3408;3566;3686;3733
3;3418;3577;3696;3721
3;3413;3562;3679;3696
3;3405;3554;3686;3731
3;3404;3549;3650;3703
3;3407;3538;3671;3712
3;3415;3554;3662;3696
3;3407;3563;3676;3706
3;3387;3568;3664;3719
3;3399;3553;3664;3696
3;3403;3551;3663;3708
3;3408;3547;3632;3707
3;3401;3549;3664;3710
3;3394;3551;3661;3665
3;3386;3566;3664;3648
3;3385;3535;3627;3700
3;3402;3539;3657;3687
3;3399;3557;3664;3707
3;3401;3558;3659;3685
3;3404;3547;3667;3703
3;3401;3536;3649;3685
3;3395;3536;3644;3675
3;3375;3538;3630;3687
3;3399;3536;3646;3702
3;3393;3540;3662;3703
3;3392;3527;3666;3683
3;3376;3545;3653;3718
3;3397;3555;3658;3690
4;3391;3536;3654;3670
4;3408;3568;3651;3680
4;3396;3551;3645;3675
4;3408;3533;3648;3683
4;3405;3533;3664;3696
4;3383;3504;3664;3695
4;3395;3533;3652;3684
4;3413;3545;3664;3658
4;3396;3569;3669;3698
4;3402;3555;3641;3684
4;3409;3558;3694;3690
4;3411;3573;3700;3696
4;3410;3581;3679;3701
4;3415;3564;3676;3707
4;3434;3559;3669;3686
4;3422;3559;3679;3680
4;3444;3559;3699;3698
4;3425;3546;3664;3711
4;3421;3569;3675;3717
4;3415;3579;3682;3742
4;3421;3571;3657;3713
4;3415;3568;3684;3737
4;3421;3536;3675;3721
4;3421;3579;3675;3707
4;3436;3590;3696;3712
4;3433;3574;3694;3728
4;3443;3581;3696;3708
4;3437;3606;3669;3721
4;3440;3593;3717;3718
4;3440;3569;3693;3717
4;3456;3600;3696;3727
4;3458;3609;3697;3701
4;3454;3593;3705;3746
4;3442;3594;3696;3728
4;3453;3603;3674;3745
4;3451;3597;3723;3759
4;3457;3602;3703;3733
4;3461;3605;3707;3738
4;3453;3627;3709;3741
4;3469;3625;3725;3765
4;3472;3600;3725;3721
4;3466;3635;3735;3747
4;3459;3607;3742;3757
4;3457;3600;3725;3735
4;3461;3612;3726;3744
4;3490;3616;3730;3745
4;3466;3602;3712;3743
4;3484;3626;3736;3730
4;3469;3605;3712;3751
4;3470;3594;3728;3715
4;3468;3618;3759;3759
4;3459;3632;3711;3753
4;3479;3626;3728;3764
4;3475;3627;3713;3760
4;3479;3616;3735;3750
4;3472;3631;3749;3760
4;3463;3630;3746;3754
4;3472;3649;3741;3760
4;3468;3612;3739;3745
4;3491;3618;3750;3757
4;3477;3629;3735;3777
4;3481;3643;3725;3775
4;3479;3639;3757;3774
4;3470;3621;3757;3776
4;3472;3634;3746;3760
4;3473;3666;3760;3775
4;3510;3650;3758;3779
4;3495;3646;3787;3763
4;3497;3637;3792;3789
4;3489;3664;3730;3785
4;3499;3638;3747;3789
4;3508;3664;3778;3818
4;3504;3653;3804;3751
4;3495;3664;3776;3802
4;3504;3680;3778;3791
4;3507;3665;3760;3795
4;3509;3671;3767;3823
4;3506;3700;3776;3803
4;3504;3685;3760;3874
4;3524;3664;3792;3801
4;3513;3670;3783;3808
4;3499;3669;3777;3804
4;3519;3669;3779;3805
4;3519;3680;3798;3824
4;3521;3669;3792;3792
4;3536;3679;3814;3839
4;3527;3647;3813;3824
4;3510;3658;3810;3831
4;3519;3696;3830;3823
4;3549;3697;3814;3826
4;3536;3727;3784;3825
4;3549;3696;3792;3856
4;3556;3715;3818;3875
4;3564;3721;3839;3854
4;3557;3716;3855;3850
4;3571;3728;3837;3884
4;3561;3721;3822;3875
4;3550;3743;3845;3870
4;3561;3741;3847;3873
4;3605;3739;3838;3883
4;3593;3737;3876;3895
4;3571;3743;3837;3883
4;3598;3735;3873;3881
4;3581;3779;3870;3858
4;3597;3808;3874;3897
4;3614;3760;3889;3921
4;3617;3790;3891;3914
4;3615;3759;3888;3903
4;3616;3766;3887;3920
4;3614;3766;3893;3926
4;3598;3765;3891;3894
4;3611;3729;3878;3928
4;3646;3783;3901;3874
4;3625;3765;3898;3927
4;3629;3790;3920;3931
4;3639;3787;3883;3933
4;3630;3814;3908;3937
4;3645;3792;3893;3943
4;3638;3853;3905;3953
4;3626;3811;3925;3952
4;3648;3806;3927;3957
4;3654;3809;3961;3956
4;3671;3825;3941;3966
4;3664;3825;3941;3967
4;3654;3839;3965;3969
4;3664;3870;3952;3953
4;3675;3841;3938;3967
4;3659;3852;3953;4005
4;3648;3818;3948;4003
4;3650;3850;3955;4030
4;3632;3811;3907;3971
4;3623;3799;3943;3959
4;3605;3797;3951;3954
4;3617;3795;3895;3939
4;3578;3778;3920;3945
4;3600;3764;3893;3906
4;3564;3763;3885;3930
4;3571;3751;3881;3930
4;3556;3760;3893;3918
4;3552;3738;3866;3890
4;3554;3723;3851;3899
4;3533;3706;3867;3875
4;3536;3697;3838;3872
4;3536;3689;3815;3870
4;3497;3678;3810;3819
4;3515;3654;3834;3807
4;3502;3662;3782;3826
4;3492;3648;3793;3796
4;3475;3657;3767;3815
4;3459;3664;3745;3799
4;3471;3637;3730;3766
4;3458;3597;3733;3803
4;3450;3617;3739;3790
4;3440;3607;3760;3790
4;3431;3595;3694;3747
4;3441;3605;3721;3757
4;3436;3600;3714;3758
4;3423;3599;3698;3733
4;3427;3583;3698;3734
4;3433;3573;3694;3721
4;3423;3573;3714;3738
4;3438;3549;3696;3718
4;3409;3581;3705;3718
4;3412;3600;3691;3712
4;3410;3563;3634;3687
4;3413;3583;3683;3726
4;3412;3591;3670;3727
4;3406;3559;3677;3692
4;3399;3559;3666;3702
4;3408;3547;3666;3736
4;3398;3546;3663;3717
4;3403;3568;3647;3696
4;3390;3536;3646;3695
4;3389;3544;3665;3709
4;3395;3531;3649;3681
4;3403;3546;3649;3696
4;3403;3557;3658;3681
4;3399;3542;3663;3696
4;3393;3565;3689;3699
4;3395;3546;3671;3703
4;3413;3569;3664;3667
4;3398;3536;3678;3739
4;3408;3606;3662;3709
4;3419;3569;3653;3700
4;3428;3568;3679;3711
4;3409;3575;3681;3728
4;3440;3582;3687;3741
4;3425;3574;3694;3718
4;3462;3577;3701;3725
4;3440;3575;3695;3723
4;3442;3590;3699;3738
4;3437;3610;3718;3733
4;3442;3603;3681;3735
4;3422;3602;3721;3722
4;3455;3602;3712;3743
4;3450;3620;3736;3758
4;3455;3618;3731;3771
4;3472;3632;3729;3731
4;3472;3633;3766;3775
4;3489;3650;3753;3774
4;3498;3656;3777;3794
4;3501;3665;3758;3840
4;3516;3703;3787;3807
4;3506;3698;3783;3817
4;3517;3705;3810;3820
4;3538;3679;3787;3842
4;3527;3707;3855;3854
4;3543;3687;3827;3841
4;3555;3706;3837;3850
4;3563;3715;3861;3863
4;3551;3734;3831;3870
4;3583;3743;3803;3837
4;3570;3728;3884;3857
4;3571;3706;3865;3854
4;3559;3738;3886;3876
4;3577;3746;3861;3914
4;3579;3738;3845;3905
4;3569;3759;3866;3856
4;3593;3750;3894;3881
4;3596;3747;3877;3856
4;3583;3731;3854;3893
4;3599;3771;3888;3894
4;3598;3782;3861;3883
4;3605;3763;3912;3919
4;3618;3755;3910;3920
4;3601;3769;3882;3877
4;3618;3767;3886;3952
4;3614;3777;3875;3901
4;3638;3778;3903;3911
4;3622;3786;3889;3920
4;3620;3792;3927;3925
4;3628;3792;3905;3945
4;3629;3797;3906;3925
4;3632;3794;3894;3879
4;3636;3802;3936;3936
4;3652;3823;3927;3940
4;3647;3790;3927;3952
4;3674;3810;3936;3925
4;3673;3824;3952;3913
4;3651;3827;3952;3967
4;3664;3840;3950;3952
4;3662;3856;3943;3991
4;3649;3844;4000;3999
4;3658;3840;3952;4005
4;3661;3862;3984;3978
4;3614;3794;3945;3984
4;3632;3817;3919;3977
4;3615;3787;3936;4016
4;3602;3799;3952;3984
4;3583;3808;3922;3958
4;3600;3776;3893;3941
4;3551;3755;3893;3929
4;3579;3753;3889;3921
4;3567;3722;3843;3931
4;3541;3762;3835;3904
4;3528;3698;3834;3874
4;3517;3694;3827;3865
4;3523;3685;3815;3839
4;3495;3674;3795;3840
4;3505;3669;3796;3824
4;3498;3657;3808;3808
4;3466;3646;3771;3797
4;3472;3641;3786;3792
4;3472;3621;3728;3792
4;3466;3632;3760;3783
4;3447;3610;3714;3759
4;3447;3601;3727;3730
4;3441;3595;3691;3760
4;3435;3600;3655;3746
4;3427;3563;3696;3728
4;3426;3590;3697;3742
4;3418;3568;3699;3728
4;3427;3591;3699;3726
4;3409;3567;3667;3713
4;3421;3583;3706;3728
4;3415;3563;3686;3711
4;3401;3563;3676;3719
4;3418;3572;3674;3705
4;3408;3568;3682;3694
4;3381;3519;3674;3685
4;3399;3566;3645;3712
4;3389;3539;3663;3705
4;3415;3543;3663;3699
4;3393;3548;3664;3707
5;3403;3554;3658;3713
5;3399;3525;3638;3712
5;3405;3541;3665;3686
5;3399;3536;3648;3696
5;3411;3561;3671;3721
5;3394;3582;3654;3697
5;3408;3523;3677;3727
5;3418;3562;3670;3683
5;3440;3568;3665;3712
5;3422;3569;3660;3727
5;3413;3572;3728;3712
5;3438;3536;3696;3715
5;3439;3575;3677;3712
5;3440;3583;3707;3750
5;3440;3605;3710;3732
5;3474;3600;3701;3763
5;3462;3636;3703;3744
5;3456;3611;3727;3744
5;3483;3591;3728;3750
5;3493;3629;3760;3784
5;3473;3635;3776;3781
5;3472;3613;3779;3783
5;3483;3646;3746;3750
5;3504;3643;3738;3787
5;3500;3655;3760;3780
5;3493;3670;3746;3792
5;3509;3677;3764;3782
5;3504;3652;3757;3792
5;3482;3669;3786;3807
5;3509;3661;3772;3797
5;3515;3682;3792;3818
5;3522;3677;3792;3809
5;3536;3715;3829;3843
5;3542;3717;3791;3825
5;3535;3727;3833;3833
5;3540;3696;3807;3875
5;3529;3727;3819;3848
5;3568;3735;3850;3857
5;3558;3733;3835;3852
5;3578;3734;3859;3880
5;3582;3747;3867;3886
5;3597;3735;3850;3905
5;3583;3746;3865;3887
5;3600;3755;3829;3873
5;3600;3775;3883;3895
5;3605;3791;3888;3916
5;3626;3780;3881;3939
5;3606;3770;3887;3891
5;3638;3766;3909;3911
5;3613;3751;3915;3963
5;3631;3783;3873;3953
5;3626;3799;3919;3914
5;3632;3798;3939;3936
5;3632;3792;3939;3951
5;3639;3851;3920;3952
5;3632;3809;3923;4016
5;3638;3818;3924;3954
5;3653;3808;3934;3958
5;3681;3824;3910;3970
5;3659;3856;3950;3969
5;3664;3843;3959;4007
5;3665;3833;3956;4001
5;3675;3844;3986;3979
5;3671;3821;3954;3990
5;3646;3859;3971;3982
5;3637;3809;3959;3993
5;3649;3802;3933;3991
5;3626;3802;3925;3984
5;3618;3777;3948;3966
5;3607;3772;3905;3952
5;3574;3739;3919;3921
5;3573;3728;3869;3936
5;3559;3796;3812;3924
5;3553;3722;3849;3869
5;3538;3727;3838;3879
5;3537;3701;3828;3871
5;3513;3696;3824;3847
5;3512;3690;3821;3851
5;3504;3683;3770;3883
5;3499;3698;3823;3847
5;3519;3687;3779;3823
5;3497;3662;3774;3825
5;3503;3651;3797;3810
5;3478;3657;3767;3822
5;3497;3642;3767;3778
5;3471;3619;3760;3805
5;3462;3617;3753;3760
5;3454;3595;3741;3770
5;3455;3616;3725;3755
5;3453;3579;3728;3755
5;3443;3600;3766;3744
5;3441;3603;3738;3765
5;3436;3600;3706;3757
5;3423;3600;3691;3757
5;3421;3600;3711;3733
5;3431;3591;3719;3742
5;3424;3582;3698;3729
5;3437;3603;3684;3742
5;3462;3565;3662;3731
5;3429;3592;3706;3743
5;3427;3580;3706;3749
5;3421;3575;3697;3723
5;3423;3558;3681;3719
5;3440;3579;3679;3685
5;3411;3595;3674;3718
5;3424;3571;3654;3718
5;3413;3582;3678;3715
5;3420;3569;3711;3728
5;3409;3563;3696;3717
5;3422;3569;3705;3740
5;3414;3573;3669;3773
5;3434;3598;3713;3730
5;3430;3575;3734;3727
5;3441;3598;3712;3743
5;3440;3592;3702;3767
5;3417;3627;3734;3741
5;3440;3593;3749;3745
5;3437;3600;3712;3728
5;3440;3594;3715;3728
5;3437;3579;3691;3758
5;3425;3573;3735;3728
5;3437;3593;3711;3746
5;3450;3600;3745;3703
5;3451;3606;3707;3734
5;3443;3583;3711;3711
5;3441;3583;3724;3739
5;3425;3569;3735;3759
5;3424;3572;3712;3744
5;3440;3571;3667;3729
5;3424;3618;3709;3718
5;3395;3593;3728;3734
5;3437;3547;3688;3691
5;3425;3575;3675;3728
5;3421;3574;3715;3718
5;3414;3568;3680;3726
5;3420;3541;3696;3728
5;3423;3574;3669;3696
5;3489;3625;3747;3795
5;3415;3568;3680;3709
5;3403;3569;3681;3703
5;3418;3569;3681;3728
5;3426;3565;3687;3717
5;3417;3565;3694;3729
5;3426;3590;3689;3718
5;3431;3644;3739;3836
5;3417;3572;3685;3700
5;3403;3568;3696;3693
5;3431;3578;3709;3758
5;3430;3540;3699;3718
5;3429;3595;3696;3747
5;3424;3561;3690;3730
5;3423;3571;3697;3727
5;3437;3581;3699;3728
5;3423;3582;3716;3730
5;3419;3574;3701;3749
5;3408;3567;3714;3696
5;3419;3555;3684;3709
