5;3519;3685;3809;3837
5;3524;3695;3807;3842
5;3529;3701;3824;3856
5;3603;3777;3904;3938
5;3617;3791;3907;3962
5;3625;3805;3931;3959
5;3636;3817;3937;3972
5;3637;3822;3942;3976
5;3659;3839;3962;3985
5;3655;3841;3963;3992
5;3664;3840;3964;3984
5;3669;3837;3954;3966
5;3666;3829;3949;3972
5;3650;3822;3943;3954
5;3642;3819;3935;3952
5;3638;3802;3930;3951
5;3639;3817;3933;3941
5;3631;3803;3920;3933
5;3632;3794;3905;3923
5;3581;3746;3874;3908
5;3569;3734;3841;3865
5;3575;3737;3855;3883
5;3575;3736;3856;3883
5;3570;3728;3843;3883
5;3559;3721;3840;3867
5;3555;3712;3819;3847
5;3549;3707;3816;3843
5;3550;3719;3856;3899
5;3570;3738;3869;3915
5;3597;3756;3871;3911
5;3580;3747;3867;3894
5;3571;3748;3862;3887
5;3572;3747;3858;3883
