5;3583;3761;3885;3910
5;3573;3751;3877;3894
5;3539;3712;3857;3883
5;3531;3695;3808;3833
5;3520;3680;3791;3807
5;3511;3670;3770;3790
5;3505;3658;3760;3785
5;3488;3653;3763;3814
5;3547;3717;3841;3874
5;3558;3740;3870;3893
5;3542;3723;3867;3888
5;3535;3711;3856;3895
5;3534;3699;3859;3885
5;3531;3701;3856;3887
5;3536;3710;3856;3894
5;3543;3717;3874;3898
5;3546;3716;3873;3909
5;3550;3726;3885;3920
5;3565;3747;3891;3925
5;3570;3760;3902;3935
5;3601;3775;3920;3953
5;3623;3811;3947;3985
5;3614;3786;3913;3946
5;3631;3793;3929;3955
5;3605;3777;3910;3945
5;3626;3799;3916;3946
5;3625;3790;3889;3918
5;3598;3760;3866;3888
5;3570;3745;3851;3871
5;3549;3718;3825;3850
5;3527;3696;3803;3824
5;3514;3677;3788;3795
5;3501;3654;3753;3781
5;3481;3642;3728;3759
5;3463;3629;3725;3735
5;3454;3603;3707;3727
5;3444;3599;3699;3729
5;3434;3581;3693;3711
5;3424;3572;3677;3707
5;3424;3568;3675;3698
5;3405;3553;3652;3683
5;3388;3539;3647;3669
5;3390;3534;3643;3667
5;3390;3536;3647;3672
5;3390;3536;3644;3674
5;3389;3538;3659;3674
5;3385;3538;3645;3664
5;3391;3540;3647;3685
5;3392;3539;3645;3688
5;3395;3547;3663;3686
5;3403;3561;3664;3701
5;3410;3570;3691;3712
5;3426;3575;3698;3728
5;3440;3600;3728;3758
5;3445;3627;3737;3770
5;3568;3759;3879;3920
5;3607;3791;3909;3950
5;3643;3813;3939;3955
5;3630;3803;3917;3935
5;3612;3777;3897;3915
5;3600;3767;3885;3910
5;3576;3750;3840;3879
5;3568;3732;3839;3867
5;3546;3724;3825;3863
5;3542;3708;3813;3841
5;3529;3689;3807;3822
5;3509;3666;3775;3810
5;3478;3649;3762;3786
5;3475;3634;3741;3773
5;3459;3619;3722;3755
5;3447;3609;3715;3742
5;3439;3595;3710;3735
5;3428;3578;3699;3726
5;3422;3579;3696;3719
5;3413;3574;3683;3718
5;3408;3567;3679;3712
5;3408;3568;3679;3707
5;3408;3558;3671;3715
5;3410;3568;3693;3723
5;3409;3570;3690;3728
5;3425;3590;3705;3734
5;3430;3593;3712;3754
5;3441;3607;3728;3761
5;3449;3626;3745;3775
5;3472;3634;3769;3803
5;3488;3659;3779;3815
5;3511;3687;3815;3855
5;3537;3715;3839;3887
5;3568;3747;3882;3920
5;3603;3782;3905;3952
5;3637;3808;3942;3970
5;3650;3821;3948;3974
5;3637;3799;3919;3935
5;3619;3782;3893;3920
5;3601;3755;3870;3887
5;3574;3737;3842;3863
5;3547;3714;3825;3842
5;3534;3691;3790;3813
5;3509;3669;3762;3794
5;3494;3647;3739;3771
5;3472;3631;3727;3739
5;3457;3607;3713;3733
5;3444;3594;3694;3712
5;3435;3575;3683;3716
5;3417;3568;3668;3702
5;3423;3571;3684;3709
5;3419;3565;3677;3707
5;3411;3559;3670;3697
5;3401;3549;3658;3687
5;3398;3541;3653;3681
5;3395;3536;3652;3678
5;3395;3540;3655;3681
5;3387;3539;3661;3691
5;3399;3552;3670;3697
5;3402;3550;3661;3697
5;3395;3545;3664;3696
5;3398;3546;3651;3686
5;3408;3563;3668;3711
5;3415;3578;3675;3715
5;3439;3598;3707;3735
5;3440;3605;3724;3747
5;3473;3642;3753;3793
5;3487;3664;3774;3806
5;3510;3694;3811;3854
5;3533;3723;3845;3875
5;3591;3769;3894;3925
5;3619;3792;3921;3943
5;3627;3808;3918;3923
5;3617;3777;3885;3904
5;3600;3754;3867;3893
5;3575;3735;3854;3869
5;3554;3726;3822;3847
5;3535;3702;3809;3830
5;3523;3679;3783;3809
5;3506;3667;3776;3790
5;3488;3649;3746;3760
5;3474;3632;3728;3750
5;3463;3618;3713;3728
5;3447;3594;3696;3722
5;3431;3575;3683;3690
5;3424;3563;3664;3686
5;3407;3552;3653;3674
5;3406;3545;3645;3666
5;3392;3535;3627;3652
5;3386;3532;3625;3645
5;3376;3520;3617;3636
5;3376;3520;3618;3644
5;3371;3517;3614;3634
5;3373;3517;3623;3643
5;3373;3511;3618;3648
5;3376;3522;3629;3658
5;3376;3531;3630;3659
5;3391;3535;3646;3665
5;3393;3545;3647;3676
5;3403;3555;3664;3693
5;3410;3559;3671;3700
5;3426;3581;3693;3712
