4;3648;3817;3926;3955
4;3632;3799;3915;3939
4;3609;3775;3897;3920
4;3593;3763;3879;3909
4;3575;3743;3858;3883
4;3563;3730;3840;3858
4;3548;3707;3824;3846
4;3534;3696;3811;3831
4;3506;3679;3794;3814
4;3505;3657;3776;3793
4;3495;3645;3760;3775
4;3478;3633;3746;3761
4;3463;3619;3725;3745
4;3455;3603;3715;3741
4;3441;3600;3698;3725
4;3431;3581;3688;3714
4;3420;3568;3679;3702
4;3413;3559;3672;3698
4;3402;3551;3664;3692
4;3398;3546;3664;3690
4;3392;3534;3648;3670
4;3387;3534;3645;3669
4;3377;3529;3634;3664
4;3383;3530;3635;3664
4;3378;3526;3633;3659
4;3377;3526;3645;3666
4;3376;3525;3647;3669
4;3378;3536;3650;3676
4;3385;3536;3649;3681
4;3393;3545;3661;3694
4;3397;3559;3676;3705
4;3421;3573;3696;3726
4;3427;3594;3701;3747
4;3433;3597;3717;3745
4;3439;3602;3712;3759
4;3441;3620;3732;3767
4;3456;3632;3745;3776
4;3478;3648;3765;3805
4;3496;3665;3792;3824
4;3520;3696;3814;3858
4;3535;3712;3847;3889
4;3568;3747;3876;3920
4;3600;3785;3910;3956
4;3627;3805;3934;3962
4;3639;3810;3931;3954
4;3642;3799;3905;3937
4;3614;3775;3888;3911
4;3604;3772;3885;3899
4;3583;3745;3857;3885
4;3568;3732;3839;3869
4;3551;3723;3824;3845
4;3536;3696;3805;3830
4;3523;3692;3779;3805
4;3507;3664;3769;3793
4;3493;3645;3749;3777
4;3474;3632;3728;3760
4;3467;3614;3719;3749
4;3441;3600;3701;3729
4;3435;3582;3687;3711
4;3422;3567;3664;3702
4;3408;3558;3664;3695
4;3396;3546;3647;3670
4;3382;3535;3642;3666
4;3380;3524;3625;3658
4;3378;3517;3622;3661
4;3371;3520;3624;3637
4;3367;3511;3615;3647
4;3366;3504;3607;3642
4;3366;3509;3616;3647
4;3359;3515;3613;3647
4;3373;3519;3625;3654
4;3373;3514;3630;3652
4;3377;3523;3642;3663
4;3382;3534;3647;3673
4;3392;3545;3653;3690
4;3397;3551;3664;3701
4;3411;3570;3693;3723
4;3418;3578;3707;3738
4;3443;3606;3728;3760
4;3456;3623;3745;3780
4;3490;3651;3779;3808
4;3494;3680;3793;3835
4;3536;3719;3841;3880
4;3561;3742;3877;3920
4;3605;3792;3919;3954
4;3632;3802;3923;3952
4;3631;3792;3897;3918
4;3609;3765;3882;3906
4;3579;3747;3861;3883
4;3568;3727;3845;3866
4;3543;3709;3811;3839
4;3527;3692;3797;3821
4;3506;3664;3773;3794
4;3493;3650;3759;3783
4;3475;3632;3731;3755
4;3463;3607;3717;3749
4;3446;3595;3697;3723
4;3422;3577;3685;3707
4;3415;3566;3667;3696
4;3397;3552;3651;3680
4;3393;3537;3643;3666
4;3387;3533;3635;3664
4;3387;3520;3632;3655
4;3376;3523;3620;3649
4;3366;3511;3623;3645
4;3367;3508;3606;3642
4;3359;3515;3609;3643
4;3371;3514;3615;3648
4;3369;3507;3622;3654
4;3378;3524;3633;3671
4;3382;3535;3645;3666
4;3392;3541;3648;3682
4;3407;3556;3667;3702
4;3415;3568;3690;3717
4;3431;3598;3703;3737
4;3456;3629;3726;3767
4;3473;3636;3755;3794
4;3504;3674;3793;3825
4;3525;3698;3826;3873
4;3566;3745;3878;3917
4;3601;3783;3914;3955
4;3638;3813;3937;3967
4;3643;3826;3934;3953
4;3633;3792;3908;3933
4;3606;3785;3895;3921
4;3602;3763;3887;3903
4;3598;3757;3872;3895
4;3563;3726;3840;3859
4;3539;3709;3812;3841
4;3529;3683;3799;3824
4;3505;3668;3780;3801
4;3490;3649;3755;3778
4;3479;3632;3743;3760
4;3459;3611;3722;3739
4;3435;3602;3699;3726
4;3423;3571;3682;3712
4;3413;3563;3671;3706
4;3408;3551;3661;3696
4;3392;3541;3655;3687
4;3385;3536;3647;3675
4;3385;3533;3639;3667
4;3376;3524;3633;3661
4;3376;3531;3649;3668
4;3376;3533;3647;3685
4;3401;3552;3666;3695
4;3399;3555;3673;3703
4;3418;3573;3696;3726
4;3431;3591;3713;3750
4;3451;3615;3735;3769
4;3470;3633;3759;3792
4;3483;3669;3778;3824
4;3505;3693;3820;3851
4;3555;3735;3870;3920
4;3592;3767;3910;3954
4;3616;3807;3941;3977
4;3635;3819;3943;3973
4;3640;3799;3917;3934
4;3615;3777;3894;3919
4;3597;3760;3869;3889
4;3562;3734;3839;3866
4;3542;3709;3819;3838
4;3535;3685;3796;3826
4;3503;3663;3776;3789
4;3487;3641;3759;3770
4;3463;3616;3725;3743
4;3450;3600;3702;3730
4;3422;3574;3674;3712
4;3407;3558;3664;3692
4;3399;3537;3647;3669
4;3380;3529;3642;3664
4;3375;3520;3621;3649
4;3374;3513;3622;3648
4;3362;3508;3613;3632
4;3351;3511;3608;3641
4;3363;3504;3615;3650
4;3369;3518;3629;3663
4;3373;3522;3632;3664
4;3383;3536;3647;3677
4;3394;3540;3653;3685
4;3406;3556;3675;3706
4;3408;3575;3686;3726
4;3435;3597;3708;3744
4;3440;3612;3728;3766
4;3459;3637;3758;3792
4;3489;3664;3785;3822
4;3520;3696;3824;3864
4;3541;3730;3856;3892
4;3593;3779;3901;3943
4;3609;3796;3919;3948
4;3615;3797;3905;3936
4;3603;3771;3878;3902
4;3581;3749;3857;3885
4;3553;3723;3830;3856
4;3541;3711;3824;3835
4;3517;3694;3798;3824
4;3507;3666;3776;3793
4;3486;3649;3756;3777
4;3473;3632;3735;3757
4;3458;3617;3718;3739
4;3442;3601;3706;3720
4;3439;3574;3691;3710
4;3418;3571;3673;3694
4;3408;3558;3663;3687
4;3394;3539;3635;3671
4;3391;3535;3638;3671
4;3386;3529;3633;3663
4;3376;3520;3632;3654
4;3367;3507;3610;3643
4;3367;3505;3616;3645
4;3358;3504;3612;3632
4;3359;3504;3613;3639
4;3356;3500;3610;3640
4;3363;3507;3621;3648
4;3363;3515;3631;3653
4;3376;3524;3635;3666
4;3377;3530;3645;3677
4;3391;3541;3655;3689
4;3402;3555;3680;3703
4;3414;3578;3696;3723
4;3427;3599;3705;3742
4;3451;3628;3729;3771
4;3468;3647;3755;3804
4;3489;3673;3801;3830
4;3520;3698;3823;3856
4;3551;3742;3873;3916
4;3583;3773;3902;3950
4;3622;3793;3924;3947
4;3632;3803;3903;3930
4;3598;3771;3888;3904
4;3583;3754;3863;3893
4;3569;3733;3852;3868
4;3543;3714;3830;3851
4;3531;3702;3808;3833
4;3519;3681;3792;3815
4;3510;3664;3776;3787
4;3491;3648;3760;3783
4;3416;3571;3673;3698
4;3415;3557;3666;3695
4;3399;3546;3655;3681
4;3393;3538;3648;3677
4;3382;3529;3638;3659
4;3377;3523;3639;3660
4;3374;3515;3626;3651
4;3374;3516;3625;3653
4;3363;3509;3605;3634
4;3360;3504;3621;3637
4;3359;3504;3611;3638
4;3362;3503;3607;3645
4;3359;3517;3609;3650
4;3366;3519;3628;3649
4;3366;3513;3619;3656
4;3376;3519;3633;3664
4;3376;3521;3635;3669
4;3381;3535;3639;3679
4;3390;3538;3652;3690
4;3403;3555;3667;3710
4;3408;3563;3685;3716
4;3421;3577;3699;3729
4;3435;3600;3711;3747
4;3440;3614;3729;3772
4;3457;3631;3755;3793
4;3487;3654;3774;3809
4;3502;3674;3795;3840
4;3530;3703;3831;3869
4;3551;3734;3856;3906
4;3595;3771;3904;3941
4;3615;3794;3919;3957
4;3632;3807;3921;3943
4;3623;3775;3887;3907
4;3595;3763;3874;3905
4;3583;3748;3873;3887
4;3566;3728;3845;3870
4;3547;3717;3839;3852
4;3536;3705;3807;3831
4;3523;3687;3794;3812
4;3510;3670;3785;3805
4;3504;3663;3771;3798
4;3486;3646;3749;3766
4;3474;3632;3735;3761
4;3467;3623;3723;3755
5;3455;3609;3703;3735
5;3445;3600;3696;3726
5;3424;3579;3687;3703
5;3415;3567;3669;3696
5;3414;3559;3664;3691
5;3408;3557;3663;3682
5;3394;3543;3659;3677
5;3388;3537;3649;3671
5;3389;3536;3647;3665
5;3390;3533;3640;3669
5;3392;3536;3645;3677
5;3392;3536;3655;3678
5;3396;3545;3669;3696
5;3406;3560;3667;3706
5;3411;3565;3683;3719
5;3409;3565;3679;3705
5;3408;3568;3685;3711
5;3415;3570;3690;3728
5;3423;3582;3703;3737
5;3434;3599;3710;3751
5;3446;3619;3728;3762
5;3460;3621;3741;3777
5;3476;3647;3766;3799
5;3486;3665;3783;3825
5;3504;3682;3807;3840
5;3522;3694;3824;3860
5;3536;3727;3854;3904
5;3563;3730;3880;3903
5;3583;3764;3910;3953
5;3614;3794;3923;3975
5;3647;3826;3955;3986
5;3658;3827;3946;3977
5;3635;3807;3922;3947
5;3618;3792;3906;3932
5;3610;3774;3889;3914
5;3583;3761;3874;3891
5;3575;3741;3856;3879
5;3559;3723;3837;3856
5;3542;3705;3818;3837
5;3527;3695;3802;3827
5;3511;3672;3792;3799
5;3503;3661;3762;3792
5;3493;3640;3749;3773
5;3469;3629;3733;3759
5;3455;3600;3715;3739
5;3440;3599;3698;3729
5;3429;3581;3696;3709
5;3427;3573;3679;3710
5;3408;3562;3665;3696
5;3408;3557;3666;3693
5;3401;3547;3649;3680
5;3385;3536;3645;3666
5;3389;3527;3641;3662
5;3391;3531;3643;3665
5;3383;3533;3639;3666
5;3381;3530;3645;3670
5;3382;3535;3648;3669
5;3387;3536;3649;3683
5;3387;3536;3655;3687
5;3395;3541;3657;3692
5;3392;3548;3663;3695
5;3404;3549;3666;3695
5;3403;3555;3668;3702
5;3409;3564;3687;3719
5;3414;3575;3693;3722
5;3430;3596;3702;3743
5;3440;3600;3715;3746
5;3444;3615;3728;3767
5;3459;3627;3747;3773
5;3483;3651;3762;3802
5;3494;3665;3787;3823
5;3514;3694;3811;3849
5;3534;3718;3847;3882
5;3569;3750;3883;3921
5;3599;3779;3909;3952
5;3627;3809;3930;3966
5;3635;3819;3934;3965
5;3638;3803;3914;3939
5;3615;3775;3882;3919
5;3606;3763;3881;3901
5;3583;3753;3863;3889
5;3568;3735;3846;3867
5;3557;3721;3828;3855
5;3546;3702;3815;3831
5;3523;3683;3805;3821
5;3508;3669;3776;3794
5;3500;3664;3757;3783
5;3491;3642;3749;3766
5;3473;3632;3728;3759
5;3452;3616;3716;3729
5;3446;3601;3699;3725
5;3435;3583;3695;3715
5;3427;3568;3681;3697
5;3411;3563;3667;3686
5;3403;3550;3662;3687
5;3395;3542;3641;3675
5;3391;3542;3634;3666
5;3383;3530;3641;3659
5;3377;3526;3632;3657
5;3367;3518;3626;3659
5;3371;3518;3630;3647
5;3363;3507;3614;3646
5;3369;3514;3616;3647
5;3361;3505;3615;3648
5;3361;3505;3624;3642
5;3362;3511;3620;3645
5;3367;3511;3631;3651
5;3375;3518;3630;3658
5;3373;3523;3635;3668
5;3376;3532;3645;3680
5;3386;3536;3653;3680
5;3383;3543;3658;3693
5;3406;3551;3666;3706
5;3404;3557;3678;3710
5;3411;3570;3697;3723
5;3414;3572;3696;3727
5;3419;3595;3709;3743
5;3436;3590;3718;3753
5;3446;3606;3728;3770
5;3444;3617;3735;3779
5;3470;3639;3757;3791
5;3477;3645;3763;3801
5;3492;3664;3787;3835
5;3501;3677;3806;3844
5;3524;3698;3827;3862
5;3533;3711;3835;3885
5;3554;3737;3868;3907
5;3569;3755;3882;3925
5;3600;3786;3911;3953
5;3618;3795;3920;3953
5;3620;3805;3920;3952
5;3633;3804;3921;3947
5;3629;3790;3906;3922
5;3619;3777;3891;3913
5;3604;3767;3882;3905
5;3589;3763;3875;3904
5;3589;3751;3858;3888
5;3514;3670;3780;3797
5;3505;3660;3765;3791
5;3495;3655;3753;3781
5;3480;3637;3747;3767
5;3473;3632;3733;3749
5;3462;3617;3717;3744
5;3467;3615;3712;3735
5;3444;3600;3702;3725
5;3440;3589;3694;3724
5;3434;3575;3691;3712
5;3421;3569;3682;3707
5;3408;3559;3671;3695
5;3411;3555;3664;3690
5;3402;3546;3655;3679
5;3395;3543;3652;3674
5;3391;3531;3645;3667
5;3388;3534;3631;3661
5;3375;3525;3633;3664
5;3377;3522;3631;3653
5;3371;3518;3632;3651
