1;3775;4018;4095;4095
1;3822;3984;4095;4095
1;3783;3995;4095;4095
1;3780;4014;4095;4095
1;3776;3991;4095;4095
1;3770;3998;4095;4095
1;3786;3995;4095;4095
1;3775;4010;4095;4095
1;3760;4002;4095;4095
1;3777;4010;4095;4095
1;3792;4003;4095;4095
1;3779;4013;4095;4095
1;3769;4003;4095;4095
1;3774;3984;4095;4095
1;3794;4007;4095;4095
1;3776;3997;4095;4095
1;3785;3982;4095;4095
1;3771;4005;4095;4095
1;3770;3984;4095;4095
1;3754;4000;4095;4095
1;3763;4007;4095;4095
1;3767;4004;4095;4095
1;3765;3997;4095;4095
1;3780;3995;4095;4095
1;3773;3999;4095;4095
1;3776;4014;4095;4095
1;3777;4006;4095;4095
1;3760;4005;4095;4095
1;3766;3999;4095;4095
1;3757;4002;4095;4095
1;3773;4004;4095;4095
1;3780;4001;4095;4095
1;3775;3997;4095;4095
1;3763;4012;4095;4095
1;3763;4002;4095;4095
1;3762;4005;4095;4095
1;3757;3985;4095;4095
1;3773;3999;4095;4095
1;3765;4001;4095;4095
1;3776;4002;4095;4095
1;3757;3999;4095;4095
1;3770;4011;4095;4095
1;3761;3982;4095;4095
1;3760;4002;4095;4095
1;3751;3992;4095;4095
1;3728;4001;4095;4095
1;3757;4013;4095;4095
1;3757;4003;4095;4095
1;3750;4015;4095;4095
1;3746;3997;4095;4095
1;3760;4000;4095;4095
1;3759;3981;4095;4095
1;3753;4006;4095;4095
1;3754;4016;4095;4095
1;3755;4001;4095;4095
1;3746;3998;4095;4095
1;3765;4006;4095;4095
1;3761;3999;4095;4095
1;3761;3997;4095;4095
1;3759;3986;4095;4095
1;3760;3986;4095;4095
1;3760;3994;4095;4095
1;3760;4009;4095;4095
1;3756;4013;4095;4095
1;3773;3995;4095;4095
1;3755;3994;4095;4095
1;3760;4001;4095;4095
1;3756;3997;4095;4095
1;3754;3998;4095;4095
1;3754;3994;4095;4095
1;3737;4000;4095;4095
1;3751;4005;4095;4095
1;3761;4002;4095;4095
1;3763;3996;4095;4095
1;3770;4009;4095;4095
1;3760;4003;4095;4095
1;3760;4004;4095;4095
1;3760;4003;4095;4095
1;3751;4004;4095;4095
1;3773;3990;4095;4095
1;3760;4013;4095;4095
1;3756;4007;4095;4095
1;3756;4009;4095;4095
1;3745;3994;4095;4095
1;3756;4005;4095;4095
1;3774;4005;4095;4095
1;3770;3984;4095;4095
1;3760;3987;4095;4095
1;3755;3994;4095;4095
1;3758;3984;4095;4095
1;3735;3997;4095;4095
1;3750;3997;4095;4095
1;3760;3994;4095;4095
1;3754;3998;4095;4095
1;3758;3995;4095;4095
1;3749;4000;4095;4095
1;3751;4012;4095;4095
1;3778;4003;4095;4095
1;3763;3985;4095;4095
1;3747;3994;4095;4095
1;3779;3986;4095;4095
1;3760;3998;4095;4095
1;3779;3994;4095;4095
1;3762;3995;4095;4095
1;3777;3984;4095;4095
1;3759;3989;4095;4095
1;3776;3984;4095;4095
1;3760;3995;4095;4095
1;3761;4006;4095;4095
1;3760;3987;4095;4095
1;3760;3985;4095;4095
1;3758;4001;4095;4095
1;3763;3999;4095;4095
1;3750;3994;4095;4095
1;3755;3997;4095;4095
1;3763;3984;4095;4095
1;3769;4006;4095;4095
1;3766;3987;4095;4095
1;3747;3987;4095;4095
1;3762;3998;4095;4095
1;3760;4027;4095;4095
1;3775;3984;4095;4095
1;3760;3984;4095;4095
1;3779;3996;4095;4095
1;3766;3991;4095;4095
1;3776;3997;4095;4095
1;3774;3987;4095;4095
1;3760;3991;4095;4095
1;3775;3997;4095;4095
1;3762;4005;4095;4095
1;3775;3998;4095;4095
1;3762;3974;4095;4095
1;3774;3986;4095;4095
1;3769;3991;4095;4095
1;3758;3993;4095;4095
1;3762;3979;4095;4095
1;3772;3973;4095;4095
1;3766;3988;4095;4095
1;3770;4000;4095;4095
1;3770;3979;4095;4095
1;3769;3998;4095;4095
1;3787;3994;4095;4095
1;3760;3978;4095;4095
1;3776;3991;4095;4095
1;3763;3994;4095;4095
1;3774;4005;4095;4095
1;3773;3977;4095;4095
1;3761;3987;4095;4095
1;3783;3991;4095;4095
1;3770;3993;4095;4095
1;3774;3984;4095;4095
1;3773;3983;4095;4095
1;3777;3984;4095;4095
1;3790;3985;4095;4095
1;3774;4001;4095;4095
1;3783;3990;4095;4095
1;3792;3978;4095;4095
1;3773;3997;4095;4095
1;3770;3990;4095;4095
1;3775;4011;4095;4095
1;3757;3995;4095;4095
1;3787;4001;4095;4095
1;3767;3991;4095;4095
1;3779;3984;4095;4095
1;3769;3991;4095;4095
1;3774;3994;4095;4095
1;3774;3987;4095;4095
1;3769;3989;4095;4095
1;3777;3982;4095;4095
1;3776;3984;4095;4095
1;3771;3993;4095;4095
1;3779;3997;4095;4095
1;3780;3983;4095;4095
1;3779;3990;4095;4095
1;3777;3993;4095;4095
1;3762;3991;4095;4095
1;3760;3998;4095;4095
1;3773;3982;4095;4095
1;3792;3979;4095;4095
1;3765;3987;4095;4095
1;3787;3977;4095;4095
1;3755;4001;4095;4095
1;3790;3991;4095;4095
1;3780;3984;4095;4095
1;3770;3984;4095;4095
1;3765;3969;4095;4095
1;3773;3994;4095;4095
1;3771;3977;4095;4095
1;3787;4016;4095;4095
1;3776;3998;4095;4095
1;3769;3987;4095;4095
1;3760;3986;4095;4095
1;3781;3994;4095;4095
1;3765;3991;4095;4095
1;3778;3990;4095;4095
1;3780;3995;4095;4095
1;3775;3979;4095;4095
1;3783;3989;4095;4095
1;3740;3991;4095;4095
1;3779;3978;4095;4095
1;3766;3987;4095;4095
1;3777;3988;4095;4095
1;3790;3988;4095;4095
1;3771;3999;4095;4095
1;3793;3991;4095;4095
1;3764;3991;4095;4095
1;3774;3985;4095;4095
1;3787;4000;4095;4095
1;3778;3998;4095;4095
1;3781;4004;4095;4095
1;3767;3999;4095;4095
1;3785;4001;4095;4095
1;3792;3992;4095;4095
1;3777;4000;4095;4095
1;3763;3983;4095;4095
1;3777;3991;4095;4095
1;3783;3985;4095;4095
1;3790;4004;4095;4095
1;3771;3991;4095;4095
1;3783;4011;4095;4095
1;3775;4005;4095;4095
1;3774;3974;4095;4095
1;3778;3984;4095;4095
1;3767;3989;4095;4095
1;3760;3994;4095;4095
1;3792;3998;4095;4095
1;3807;4003;4095;4095
1;3783;3995;4095;4095
1;3781;3995;4095;4095
1;3786;4002;4095;4095
1;3791;3995;4095;4095
1;3763;3994;4095;4095
1;3780;3985;4095;4095
1;3786;4003;4095;4095
1;3773;3984;4095;4095
1;3773;3991;4095;4095
1;3781;3984;4095;4095
1;3774;3991;4095;4095
1;3767;3997;4095;4095
1;3793;3999;4095;4095
1;3791;4001;4095;4095
1;3788;4000;4095;4095
1;3782;3985;4095;4095
1;3786;3986;4095;4095
1;3786;3985;4095;4095
1;3774;3993;4095;4095
1;3775;3989;4095;4095
1;3791;4002;4095;4095
1;3803;3991;4095;4095
1;3790;4015;4095;4095
1;3776;3984;4095;4095
1;3781;4001;4095;4095
1;3787;4003;4095;4095
1;3789;4003;4095;4095
1;3792;3987;4095;4095
1;3779;3999;4095;4095
1;3792;3989;4095;4095
1;3792;3995;4095;4095
1;3781;4009;4095;4095
1;3791;4002;4095;4095
1;3783;4000;4095;4095
1;3769;4001;4095;4095
1;3787;3991;4095;4095
1;3782;3994;4095;4095
1;3793;3987;4095;4095
1;3792;3994;4095;4095
1;3795;4015;4095;4095
1;3795;3999;4095;4095
1;3789;4002;4095;4095
1;3779;3990;4095;4095
1;3792;3983;4095;4095
1;3779;4003;4095;4095
1;3789;4012;4095;4095
1;3793;3993;4095;4095
1;3785;3991;4095;4095
1;3801;3995;4095;4095
1;3792;3997;4095;4095
1;3792;4005;4095;4095
1;3787;4015;4095;4095
1;3787;3987;4095;4095
1;3778;4005;4095;4095
1;3791;4007;4095;4095
1;3795;4014;4095;4095
1;3792;3991;4095;4095
1;3791;3985;4095;4095
1;3790;4016;4095;4095
1;3792;4003;4095;4095
1;3814;4010;4095;4095
1;3792;4013;4095;4095
1;3782;4019;4095;4095
1;3795;4005;4095;4095
1;3796;4005;4095;4095
1;3805;4035;4095;4095
1;3793;4055;4095;4095
1;3803;4016;4095;4095
1;3787;4026;4095;4095
1;3792;4019;4095;4095
1;3795;4016;4095;4095
1;3806;4011;4095;4095
1;3803;4019;4095;4095
1;3805;4018;4095;4095
1;3818;4010;4095;4095
1;3794;4029;4095;4095
1;3807;4000;4095;4095
1;3814;4015;4095;4095
1;3797;4011;4095;4095
1;3798;4003;4095;4095
1;3792;4003;4095;4095
1;3798;4023;4095;4095
1;3800;4010;4095;4095
1;3777;4004;4095;4095
1;3801;4001;4095;4095
1;3766;4008;4095;4095
1;3809;4005;4095;4095
1;3791;4012;4095;4095
1;3797;4002;4095;4095
1;3797;4016;4095;4095
1;3792;4017;4095;4095
1;3792;4006;4095;4095
1;3794;4004;4095;4095
2;3803;4022;4095;4095
2;3805;3991;4095;4095
2;3811;4010;4095;4095
2;3805;4016;4095;4095
2;3811;3990;4095;4095
2;3797;3994;4095;4095
2;3791;4027;4095;4095
2;3799;4018;4095;4095
2;3802;4024;4095;4095
2;3818;4015;4095;4095
2;3809;4016;4095;4095
2;3806;4039;4095;4095
2;3812;4016;4095;4095
2;3799;4037;4095;4095
2;3798;4016;4095;4095
2;3795;4032;4095;4095
2;3803;4016;4095;4095
2;3805;3995;4095;4095
2;3760;3900;3991;4088
2;3174;3267;3146;3143
2;2935;2958;2828;2847
2;2971;3019;2893;2919
2;3434;3594;3522;3511
2;3803;4027;4095;4095
2;3819;4037;4095;4095
2;3824;4041;4095;4095
2;3807;4027;4095;4095
2;3824;4038;4095;4095
2;3803;4037;4095;4095
2;3827;4043;4095;4095
2;3809;4034;4095;4095
2;3823;4034;4095;4095
2;3819;4049;4095;4095
2;3823;4038;4095;4095
2;3811;4038;4095;4095
2;3817;4043;4095;4095
2;3847;4031;4095;4095
2;3819;4039;4095;4095
2;3830;4021;4095;4095
2;3820;4034;4095;4095
2;3811;4032;4095;4095
2;3792;4016;4095;4095
2;3805;4016;4095;4095
2;3818;4015;4095;4095
2;3823;4027;4095;4095
2;3801;4046;4095;4095
2;3812;4035;4095;4095
2;3819;4045;4095;4095
2;3815;4021;4095;4095
2;3809;4019;4095;4095
2;3813;4048;4095;4095
2;3815;4035;4095;4095
2;3818;4045;4095;4095
2;3815;4061;4095;4095
2;3815;4038;4095;4095
2;3822;4043;4095;4095
2;3805;4041;4095;4095
2;3809;4048;4095;4095
2;3813;4032;4095;4095
2;3810;4051;4095;4095
2;3808;4037;4095;4095
2;3824;4038;4095;4095
2;3810;4032;4095;4095
2;3813;4055;4095;4095
2;3792;4032;4095;4095
2;3807;4041;4095;4095
2;3813;4007;4095;4095
2;3810;4032;4095;4095
2;3809;4042;4095;4095
2;3822;4033;4095;4095
2;3819;4026;4095;4095
2;3811;4016;4095;4095
2;3794;4018;4095;4095
2;3824;4016;4095;4095
2;3807;4015;4095;4095
2;3817;4028;4095;4095
2;3808;4016;4095;4095
2;3829;4026;4095;4095
2;3802;4033;4095;4095
2;3823;4037;4095;4095
2;3792;4016;4095;4095
2;3786;4033;4095;4095
2;3822;4014;4095;4095
2;3792;4049;4095;4095
2;3777;4019;4095;4095
2;3802;4017;4095;4095
2;3810;4016;4095;4095
2;3798;4016;4095;4095
2;3792;4023;4095;4095
2;3799;4016;4095;4095
2;3797;4016;4095;4095
2;3807;4007;4095;4095
2;3799;4013;4095;4095
2;3805;4017;4095;4095
2;3813;4015;4095;4095
2;3805;4014;4095;4095
2;3792;4016;4095;4095
2;3797;4000;4095;4095
2;3798;4032;4095;4095
2;3813;4010;4095;4095
2;3795;4020;4095;4095
2;3809;4017;4095;4095
2;3802;4029;4095;4095
2;3801;4015;4095;4095
2;3801;4020;4095;4095
2;3819;4013;4095;4095
2;3807;3999;4095;4095
2;3795;4007;4095;4095
2;3799;4021;4095;4095
2;3796;4022;4095;4095
2;3794;4002;4095;4095
2;3787;4017;4095;4095
2;3800;4018;4095;4095
2;3811;4026;4095;4095
2;3789;4016;4095;4095
2;3808;4023;4095;4095
2;3797;4017;4095;4095
2;3820;4006;4095;4095
2;3792;3994;4095;4095
2;3798;3999;4095;4095
2;3803;4030;4095;4095
2;3811;4021;4095;4095
2;3793;4019;4095;4095
2;3792;4018;4095;4095
2;3781;4009;4095;4095
2;3793;4012;4095;4095
2;3797;4007;4095;4095
2;3792;4005;4095;4095
2;3803;4001;4095;4095
2;3805;3978;4095;4095
2;3798;3999;4095;4095
2;3817;4015;4095;4095
2;3799;4013;4095;4095
2;3790;4020;4095;4095
2;3799;3991;4095;4095
2;3790;4010;4095;4095
2;3794;4016;4095;4095
2;3792;4011;4095;4095
2;3793;4018;4095;4095
2;3805;4029;4095;4095
2;3821;4015;4095;4095
2;3797;3986;4095;4095
2;3783;4004;4095;4095
2;3795;4013;4095;4095
2;3824;4017;4095;4095
2;3797;4010;4095;4095
2;3801;4018;4095;4095
2;3798;4010;4095;4095
2;3798;4014;4095;4095
2;3807;4017;4095;4095
2;3805;3997;4095;4095
2;3786;4037;4095;4095
2;3793;4012;4095;4095
2;3793;4003;4095;4095
2;3803;4009;4095;4095
2;3804;4010;4095;4095
2;3778;3903;4095;4095
2;3785;3975;4095;4095
2;3783;3959;4095;4095
2;3788;3920;4095;4095
2;3773;3914;4095;4095
2;3770;3901;4095;4095
2;3766;3870;4095;4095
2;3787;3933;4095;4095
2;3762;3905;4095;4095
2;3764;3865;4095;4095
2;3741;3840;4095;4095
2;3757;3862;4095;4095
2;3770;3911;4095;4095
2;3776;3929;4095;4095
2;3795;3937;4095;4095
2;3794;3949;4095;4095
2;3792;3940;4095;4095
2;3801;3950;4095;4095
2;3783;3925;4095;4095
2;3792;3927;4095;4095
2;3767;3911;4095;4095
2;3762;3941;4095;4095
2;3775;3915;4095;4095
2;3776;3984;4095;4095
2;3780;3941;4095;4095
2;3761;3929;4095;4095
2;3777;3933;4095;4095
2;3763;3937;4095;4095
2;3791;3916;4095;4095
2;3792;3955;4095;4095
2;3793;3951;4095;4095
2;3793;3978;4095;4095
2;3787;3966;4095;4095
2;3778;3963;4095;4095
2;3807;3949;4095;4095
2;3787;3955;4095;4095
2;3777;3940;4095;4095
2;3781;3949;4095;4095
2;3774;3950;4095;4095
2;3785;3941;4095;4095
2;3792;3943;4095;4095
2;3778;3952;4095;4095
2;3789;3947;4095;4095
2;3777;3925;4095;4095
2;3787;3935;4095;4095
2;3791;3956;4095;4095
2;3778;3940;4095;4095
2;3789;3938;4095;4095
2;3793;3941;4095;4095
2;3795;3984;4095;4095
2;3792;4029;4095;4095
2;3792;4002;4095;4095
2;3797;3958;4095;4095
2;3790;3984;4095;4095
2;3790;3980;4095;4095
2;3791;3990;4095;4095
2;3778;3982;4095;4095
2;3766;3993;4095;4095
2;3785;4006;4095;4095
2;3792;3998;4095;4095
2;3789;4010;4095;4095
2;3781;4017;4095;4095
2;3777;4001;4095;4095
2;3794;4001;4095;4095
2;3790;3980;4095;4095
2;3797;4009;4095;4095
2;3777;4006;4095;4095
2;3792;4002;4095;4095
2;3791;4006;4095;4095
2;3787;4003;4095;4095
2;3795;3997;4095;4095
2;3792;4014;4095;4095
2;3794;3991;4095;4095
2;3792;3983;4095;4095
2;3787;4016;4095;4095
2;3786;4031;4095;4095
3;3799;4030;4095;4095
3;3803;4016;4095;4095
3;3792;4015;4095;4095
3;3795;4025;4095;4095
3;3793;4014;4095;4095
3;3791;4021;4095;4095
3;3789;4023;4095;4095
3;3786;4031;4095;4095
3;3798;4011;4095;4095
3;3793;4026;4095;4095
3;3775;3998;4095;4095
3;3792;4010;4095;4095
3;3806;4007;4095;4095
3;3783;4033;4095;4095
3;3786;4007;4095;4095
3;3802;4001;4095;4095
3;3776;3999;4095;4095
3;3801;4016;4095;4095
3;3792;4027;4095;4095
3;3792;4003;4095;4095
3;3798;4008;4095;4095
3;3803;3995;4095;4095
3;3792;4000;4095;4095
3;3792;3999;4095;4095
3;3787;4007;4095;4095
3;3795;3980;4095;4095
3;3789;3987;4095;4095
3;3797;4015;4095;4095
3;3787;4026;4095;4095
3;3801;4005;4095;4095
3;3802;3984;4095;4095
3;3799;3982;4095;4095
3;3803;3994;4095;4095
3;3791;3978;4095;4095
3;3792;3999;4095;4095
3;3792;3999;4095;4095
3;3781;3981;4095;4095
3;3747;4009;4095;4095
3;3791;4016;4095;4095
3;3792;4009;4095;4095
3;3803;3997;4095;4095
3;3783;4016;4095;4095
3;3799;3970;4095;4095
3;3791;3999;4095;4095
3;3777;3980;4095;4095
3;3792;3987;4095;4095
3;3771;3985;4095;4095
3;3782;3991;4095;4095
3;3787;3999;4095;4095
3;3783;4015;4095;4095
3;3785;4002;4095;4095
3;3792;4016;4095;4095
3;3789;3995;4095;4095
3;3789;4007;4095;4095
3;3791;4013;4095;4095
3;3796;4004;4095;4095
3;3774;4003;4095;4095
3;3792;4012;4095;4095
3;3775;4005;4095;4095
3;3783;3990;4095;4095
3;3792;3958;4095;4095
3;3778;3941;4095;4095
3;3792;3952;4095;4095
3;3777;3916;4095;4095
3;3760;3905;4095;4095
3;3760;3905;4095;4095
3;3762;3947;4095;4095
3;3746;3933;4095;4095
3;3771;3918;4095;4095
3;3759;3934;4095;4095
3;3792;3950;4095;4095
3;3762;3924;4095;4095
3;3776;3951;4095;4095
3;3759;3922;4095;4095
3;3765;3924;4095;4095
3;3757;3935;4095;4095
3;3769;3930;4095;4095
3;3767;3952;4095;4095
3;3774;3952;4095;4095
3;3753;3958;4095;4095
3;3772;3960;4095;4095
3;3775;3953;4095;4095
3;3765;3962;4095;4095
3;3773;3967;4095;4095
3;3771;3962;4095;4095
3;3792;3979;4095;4095
3;3789;3963;4095;4095
3;3789;3971;4095;4095
3;3775;3986;4095;4095
3;3775;3984;4095;4095
3;3779;3984;4095;4095
3;3811;4002;4095;4095
3;3792;3984;4095;4095
3;3818;3994;4095;4095
3;3796;3994;4095;4095
3;3793;3989;4095;4095
3;3769;3985;4095;4095
3;3792;4002;4095;4095
3;3805;4003;4095;4095
3;3792;3983;4095;4095
3;3790;3995;4095;4095
3;3797;3981;4095;4095
3;3798;3990;4095;4095
3;3799;3986;4095;4095
3;3796;3984;4095;4095
3;3790;3997;4095;4095
3;3787;3972;4095;4095
3;3798;3994;4095;4095
3;3781;3999;4095;4095
3;3791;4003;4095;4095
3;3789;4004;4095;4095
3;3787;3999;4095;4095
3;3791;3984;4095;4095
3;3782;4000;4095;4095
3;3795;3998;4095;4095
3;3788;3999;4095;4095
3;3800;3998;4095;4095
3;3790;4011;4095;4095
3;3792;4000;4095;4095
3;3791;3985;4095;4095
3;3801;3995;4095;4095
3;3807;3999;4095;4095
3;3791;3995;4095;4095
3;3787;3996;4095;4095
3;3805;3995;4095;4095
3;3798;4004;4095;4095
3;3799;3986;4095;4095
3;3803;3995;4095;4095
3;3790;3991;4095;4095
3;3792;3997;4095;4095
3;3810;3997;4095;4095
3;3793;3984;4095;4095
3;3804;3974;4095;4095
3;3797;3999;4095;4095
3;3801;3973;4095;4095
3;3797;3994;4095;4095
3;3798;4003;4095;4095
3;3779;3991;4095;4095
3;3778;4004;4095;4095
3;3803;4019;4095;4095
3;3806;4003;4095;4095
3;3809;4023;4095;4095
3;3792;4011;4095;4095
3;3802;4007;4095;4095
3;3792;3988;4095;4095
3;3792;3998;4095;4095
3;3797;4011;4095;4095
3;3801;4007;4095;4095
3;3802;4006;4095;4095
3;3795;3990;4095;4095
3;3798;3986;4095;4095
3;3779;3981;4095;4095
3;3785;3968;4095;4095
3;3777;3968;4095;4095
3;3779;3992;4095;4095
3;3787;3991;4095;4095
3;3789;3973;4095;4095
3;3786;4003;4095;4095
3;3799;4014;4095;4095
3;3792;4016;4095;4095
3;3779;4020;4095;4095
3;3786;4000;4095;4095
3;3788;3997;4095;4095
3;3789;3985;4095;4095
3;3777;3986;4095;4095
3;3792;3999;4095;4095
3;3783;4023;4095;4095
3;3806;3997;4095;4095
3;3779;4004;4095;4095
3;3775;4002;4095;4095
3;3789;4003;4095;4095
3;3798;4003;4095;4095
3;3783;3998;4095;4095
3;3787;4007;4095;4095
3;3791;3994;4095;4095
3;3806;3996;4095;4095
3;3780;3997;4095;4095
3;3782;3979;4095;4095
3;3798;4015;4095;4095
3;3775;4007;4095;4095
3;3788;3991;4095;4095
3;3770;3995;4095;4095
3;3792;4001;4095;4095
3;3796;3988;4095;4095
3;3792;3993;4095;4095
3;3803;4010;4095;4095
3;3785;3991;4095;4095
3;3786;3994;4095;4095
3;3787;4014;4095;4095
3;3789;4003;4095;4095
3;3793;3997;4095;4095
3;3789;4007;4095;4095
3;3786;4009;4095;4095
3;3796;4004;4095;4095
3;3796;3988;4095;4095
3;3792;4006;4095;4095
3;3788;3987;4095;4095
3;3760;4012;4095;4095
3;3775;3995;4095;4095
3;3787;3996;4095;4095
3;3778;3986;4095;4095
3;3778;3991;4095;4095
3;3795;3990;4095;4095
3;3806;3999;4095;4095
3;3792;4005;4095;4095
3;3779;3990;4095;4095
3;3797;3985;4095;4095
3;3792;3982;4095;4095
3;3792;3989;4095;4095
3;3788;3987;4095;4095
3;3793;3983;4095;4095
3;3785;3985;4095;4095
3;3792;3977;4095;4095
3;3779;3987;4095;4095
3;3771;3995;4095;4095
3;3772;3984;4095;4095
3;3796;3989;4095;4095
3;3782;3986;4095;4095
3;3767;3979;4095;4095
3;3770;3969;4095;4095
3;3782;3991;4095;4095
3;3782;4003;4095;4095
3;3764;3996;4095;4095
3;3767;3990;4095;4095
3;3780;3997;4095;4095
3;3778;3984;4095;4095
3;3782;3984;4095;4095
3;3778;3988;4095;4095
3;3773;4007;4095;4095
3;3782;3998;4095;4095
3;3771;4009;4095;4095
3;3785;3978;4095;4095
3;3786;3984;4095;4095
3;3792;3977;4095;4095
3;3785;4003;4095;4095
3;3782;3991;4095;4095
3;3792;3995;4095;4095
3;3790;3994;4095;4095
3;3782;3991;4095;4095
3;3789;3994;4095;4095
4;3781;3978;4095;4095
4;3756;3969;4095;4095
4;3770;3984;4095;4095
4;3771;3995;4095;4095
4;3789;3961;4095;4095
4;3792;3963;4095;4095
4;3794;3987;4095;4095
4;3811;3988;4095;4095
4;3792;4001;4095;4095
4;3807;3984;4095;4095
4;3792;3997;4095;4095
4;3771;3995;4095;4095
4;3791;4005;4095;4095
4;3795;3988;4095;4095
4;3781;3992;4095;4095
4;3780;3998;4095;4095
4;3792;3995;4095;4095
4;3795;3998;4095;4095
4;3794;3981;4095;4095
4;3777;3983;4095;4095
4;3789;3979;4095;4095
4;3779;3990;4095;4095
4;3783;4003;4095;4095
4;3766;3983;4095;4095
4;3775;3995;4095;4095
4;3781;3986;4095;4095
4;3763;3975;4095;4095
4;3778;3969;4095;4095
4;3763;3990;4095;4095
4;3783;3992;4095;4095
4;3803;3989;4095;4095
4;3801;3978;4095;4095
4;3758;3983;4095;4095
4;3775;3994;4095;4095
4;3793;3975;4095;4095
4;3760;3979;4095;4095
4;3775;3984;4095;4095
4;3729;3967;4095;4095
4;3765;3965;4095;4095
4;3769;3988;4095;4095
4;3769;3978;4095;4095
4;3761;3986;4095;4095
4;3774;3985;4095;4095
4;3792;3975;4095;4095
4;3771;3961;4095;4095
4;3772;3984;4095;4095
4;3756;3979;4095;4095
4;3771;3970;4095;4095
4;3780;3969;4095;4095
4;3760;3965;4095;4095
4;3760;3953;4095;4095
4;3774;3951;4095;4095
4;3771;3968;4095;4095
4;3766;3966;4095;4095
4;3762;3969;4095;4095
4;3756;3978;4095;4095
4;3761;3971;4095;4095
4;3765;3960;4095;4095
4;3767;3971;4095;4095
4;3771;3969;4095;4095
4;3771;3981;4095;4095
4;3778;3959;4095;4095
4;3772;3991;4095;4095
4;3779;3983;4095;4095
4;3779;3997;4095;4095
4;3757;3984;4095;4095
4;3773;3986;4095;4095
4;3769;3985;4095;4095
4;3773;3977;4095;4095
4;3767;3984;4095;4095
4;3779;4003;4095;4095
4;3763;3983;4095;4095
4;3765;3995;4095;4095
4;3775;3991;4095;4095
4;3761;3984;4095;4095
4;3763;3979;4095;4095
4;3781;3994;4095;4095
4;3766;3984;4095;4095
4;3798;3983;4095;4095
4;3775;3977;4095;4095
4;3759;4016;4095;4095
4;3773;3984;4095;4095
4;3763;3979;4095;4095
4;3748;3984;4095;4095
4;3773;3984;4095;4095
4;3790;3991;4095;4095
4;3776;3980;4095;4095
4;3776;3988;4095;4095
4;3786;3985;4095;4095
4;3777;3986;4095;4095
4;3759;3971;4095;4095
4;3761;3987;4095;4095
4;3789;3986;4095;4095
4;3771;3984;4095;4095
4;3776;3983;4095;4095
4;3776;3990;4095;4095
4;3769;3971;4095;4095
4;3769;3984;4095;4095
4;3760;3994;4095;4095
4;3774;3984;4095;4095
4;3767;4005;4095;4095
4;3767;3994;4095;4095
4;3795;3997;4095;4095
4;3763;3981;4095;4095
4;3761;3992;4095;4095
4;3783;3997;4095;4095
4;3788;4005;4095;4095
4;3774;3984;4095;4095
4;3777;3994;4095;4095
4;3758;3981;4095;4095
4;3792;3988;4095;4095
4;3760;3983;4095;4095
4;3766;4022;4095;4095
4;3763;3989;4095;4095
4;3771;3983;4095;4095
4;3787;3990;4095;4095
4;3783;4000;4095;4095
4;3774;3984;4095;4095
4;3762;3981;4095;4095
4;3764;3984;4095;4095
4;3760;3984;4095;4095
4;3769;3978;4095;4095
4;3762;3981;4095;4095
4;3761;3978;4095;4095
4;3783;3995;4095;4095
4;3775;3994;4095;4095
4;3774;3983;4095;4095
4;3767;4004;4095;4095
4;3766;3999;4095;4095
4;3785;3993;4095;4095
4;3773;3984;4095;4095
4;3769;3991;4095;4095
4;3786;4003;4095;4095
4;3760;3990;4095;4095
4;3766;3996;4095;4095
4;3773;3998;4095;4095
4;3758;3995;4095;4095
4;3784;3993;4095;4095
4;3783;3988;4095;4095
4;3783;4000;4095;4095
4;3775;3999;4095;4095
4;3779;4003;4095;4095
4;3770;4002;4095;4095
4;3779;4002;4095;4095
4;3785;4016;4095;4095
4;3797;3991;4095;4095
4;3799;3990;4095;4095
4;3786;4011;4095;4095
4;3770;4005;4095;4095
4;3792;3994;4095;4095
4;3788;4005;4095;4095
4;3790;3984;4095;4095
4;3785;3984;4095;4095
4;3783;3999;4095;4095
4;3794;3995;4095;4095
4;3763;3994;4095;4095
4;3792;3998;4095;4095
4;3775;4000;4095;4095
4;3797;3985;4095;4095
4;3790;3989;4095;4095
4;3782;3987;4095;4095
4;3770;4014;4095;4095
4;3781;3995;4095;4095
4;3779;3999;4095;4095
4;3787;3984;4095;4095
4;3781;4002;4095;4095
4;3751;3995;4095;4095
4;3786;3988;4095;4095
4;3777;4003;4095;4095
4;3787;3999;4095;4095
4;3776;4006;4095;4095
4;3783;3993;4095;4095
4;3787;4000;4095;4095
4;3793;3987;4095;4095
4;3771;3995;4095;4095
4;3784;3986;4095;4095
4;3776;4013;4095;4095
4;3774;4003;4095;4095
4;3779;3984;4095;4095
4;3773;3992;4095;4095
4;3790;3993;4095;4095
4;3776;3994;4095;4095
4;3779;3986;4095;4095
4;3782;3995;4095;4095
4;3781;3991;4095;4095
4;3776;3998;4095;4095
4;3775;3995;4095;4095
4;3770;3982;4095;4095
4;3775;3993;4095;4095
4;3778;3988;4095;4095
4;3770;3989;4095;4095
4;3786;4005;4095;4095
4;3783;3984;4095;4095
4;3776;3993;4095;4095
4;3787;3967;4095;4095
4;3792;3995;4095;4095
4;3780;4007;4095;4095
4;3782;3975;4095;4095
4;3765;3999;4095;4095
4;3780;3998;4095;4095
4;3766;3991;4095;4095
4;3766;3987;4095;4095
4;3777;3983;4095;4095
4;3767;4000;4095;4095
4;3776;3993;4095;4095
4;3769;3995;4095;4095
4;3776;3987;4095;4095
4;3788;3997;4095;4095
4;3776;3990;4095;4095
4;3786;3997;4095;4095
4;3780;4001;4095;4095
4;3779;4003;4095;4095
4;3775;3984;4095;4095
4;3781;4020;4095;4095
4;3776;3986;4095;4095
4;3779;4000;4095;4095
4;3771;3990;4095;4095
4;3781;3993;4095;4095
4;3770;3995;4095;4095
4;3783;3998;4095;4095
4;3791;4003;4095;4095
4;3791;4005;4095;4095
4;3767;4000;4095;4095
4;3782;3987;4095;4095
4;3774;3997;4095;4095
4;3796;3998;4095;4095
4;3779;3987;4095;4095
4;3779;3978;4095;4095
4;3781;3995;4095;4095
4;3794;3986;4095;4095
4;3785;3987;4095;4095
4;3781;3990;4095;4095
4;3760;3992;4095;4095
4;3775;3991;4095;4095
4;3771;3994;4095;4095
4;3794;3977;4095;4095
4;3778;3984;4095;4095
4;3784;3990;4095;4095
4;3777;3995;4095;4095
4;3791;3991;4095;4095
4;3778;3999;4095;4095
4;3787;3994;4095;4095
4;3779;4005;4095;4095
4;3778;3993;4095;4095
4;3802;3991;4095;4095
4;3775;3994;4095;4095
4;3777;3996;4095;4095
4;3775;3997;4095;4095
4;3774;3995;4095;4095
4;3778;3991;4095;4095
4;3783;3994;4095;4095
4;3776;3987;4095;4095
4;3770;3991;4095;4095
4;3770;3989;4095;4095
4;3765;3991;4095;4095
4;3782;3973;4095;4095
4;3783;4005;4095;4095
4;3783;3980;4095;4095
4;3792;3994;4095;4095
4;3782;3991;4095;4095
4;3781;3991;4095;4095
4;3779;3998;4095;4095
4;3785;3995;4095;4095
4;3787;3999;4095;4095
4;3775;3990;4095;4095
4;3761;3999;4095;4095
4;3785;4010;4095;4095
4;3794;3998;4095;4095
4;3792;3991;4095;4095
4;3785;3990;4095;4095
4;3778;4011;4095;4095
4;3782;4020;4095;4095
4;3788;4003;4095;4095
4;3776;3989;4095;4095
4;3776;3988;4095;4095
4;3771;4001;4095;4095
4;3791;3998;4095;4095
4;3791;3990;4095;4095
4;3801;3995;4095;4095
4;3785;3993;4095;4095
4;3767;3993;4095;4095
4;3762;3997;4095;4095
4;3790;4002;4095;4095
4;3799;4000;4095;4095
5;3789;3996;4095;4095
5;3779;3987;4095;4095
5;3776;3995;4095;4095
5;3789;3981;4095;4095
5;3786;4006;4095;4095
5;3775;3997;4095;4095
5;3795;3983;4095;4095
5;3780;3949;4095;4095
5;3776;3987;4095;4095
5;3792;4000;4095;4095
5;3786;3997;4095;4095
5;3761;3989;4095;4095
5;3781;4014;4095;4095
5;3783;3987;4095;4095
5;3776;3984;4095;4095
5;3767;3987;4095;4095
5;3760;3990;4095;4095
5;3760;3984;4095;4095
5;3771;3982;4095;4095
5;3758;3988;4095;4095
5;3773;3992;4095;4095
5;3777;3986;4095;4095
5;3787;3984;4095;4095
5;3763;3987;4095;4095
5;3777;3987;4095;4095
5;3761;3983;4095;4095
5;3775;3981;4095;4095
5;3771;3984;4095;4095
5;3781;3981;4095;4095
5;3792;4003;4095;4095
5;3779;3984;4095;4095
5;3773;3979;4095;4095
5;3775;3984;4095;4095
5;3762;3984;4095;4095
5;3770;3985;4095;4095
5;3790;3998;4095;4095
5;3774;3991;4095;4095
5;3770;3990;4095;4095
5;3773;3982;4095;4095
5;3773;3990;4095;4095
5;3771;3986;4095;4095
5;3773;3984;4095;4095
5;3772;3994;4095;4095
5;3780;3990;4095;4095
5;3766;4003;4095;4095
5;3775;3992;4095;4095
5;3765;3987;4095;4095
5;3794;3994;4095;4095
5;3771;3984;4095;4095
5;3793;3988;4095;4095
5;3777;3986;4095;4095
5;3766;3973;4095;4095
5;3777;3990;4095;4095
5;3746;4006;4095;4095
5;3782;3997;4095;4095
5;3790;3986;4095;4095
5;3751;3970;4095;4095
5;3767;3986;4095;4095
5;3777;3992;4095;4095
5;3752;3983;4095;4095
5;3788;3989;4095;4095
5;3783;3999;4095;4095
5;3777;3983;4095;4095
5;3771;3982;4095;4095
5;3775;3999;4095;4095
5;3791;3991;4095;4095
5;3786;3999;4095;4095
5;3777;4005;4095;4095
5;3790;4016;4095;4095
5;3790;3999;4095;4095
5;3815;4009;4095;4095
5;3776;4016;4095;4095
5;3778;4006;4095;4095
5;3778;4007;4095;4095
5;3781;4003;4095;4095
5;3789;3999;4095;4095
5;3777;4007;4095;4095
5;3765;3990;4095;4095
5;3790;4013;4095;4095
5;3792;3991;4095;4095
5;3775;4010;4095;4095
5;3783;3995;4095;4095
5;3773;4011;4095;4095
5;3787;4005;4095;4095
5;3790;4004;4095;4095
5;3770;3999;4095;4095
5;3779;4007;4095;4095
5;3773;3994;4095;4095
5;3789;4004;4095;4095
5;3774;3999;4095;4095
5;3775;4003;4095;4095
5;3794;4004;4095;4095
5;3778;4000;4095;4095
5;3766;4000;4095;4095
5;3776;4016;4095;4095
5;3773;3998;4095;4095
5;3786;4003;4095;4095
5;3791;3989;4095;4095
5;3793;3997;4095;4095
5;3785;4005;4095;4095
5;3777;3992;4095;4095
5;3790;3994;4095;4095
5;3757;3999;4095;4095
5;3790;3984;4095;4095
5;3791;3998;4095;4095
5;3792;3991;4095;4095
5;3778;3982;4095;4095
5;3782;3989;4095;4095
5;3775;3994;4095;4095
5;3780;3989;4095;4095
5;3771;3984;4095;4095
5;3785;3982;4095;4095
5;3789;3991;4095;4095
5;3778;3989;4095;4095
5;3777;3994;4095;4095
5;3777;4010;4095;4095
5;3783;4000;4095;4095
5;3782;3991;4095;4095
5;3775;3984;4095