1;3328;3028;3927;4076
1;3322;3016;3861;4078
1;3324;3011;3877;4071
1;3309;3008;3920;4077
1;3325;3024;3941;4079
1;3395;3105;3969;4095
1;3366;3070;3971;4095
1;3375;3078;3963;4095
1;3346;3036;3829;4087
1;3344;3049;3876;4095
1;3360;3057;3835;4091
1;3430;3139;3920;4095
1;3434;3151;3872;4095
1;3421;3134;3877;4095
1;3408;3131;3870;4095
1;3385;3091;3877;4095
1;3392;3105;3889;4095
1;3362;3062;3951;4095
1;3370;3069;3953;4095
1;3367;3077;3966;4095
1;3367;3062;3959;4095
1;3377;3088;3963;4095
1;3375;3060;3965;4095
1;3376;3080;3952;4095
1;3402;3088;3974;4095
1;3385;3088;3974;4095
1;3381;3095;3978;4095
1;3367;3064;3969;4095
1;3413;3101;3972;4095
1;3378;3091;3964;4095
1;3380;3092;3957;4095
1;3282;2970;3898;4059
1;3280;2962;3910;4079
1;3271;2963;3909;4067
1;3269;2958;3904;4070
1;3248;2928;3893;4049
1;3219;2902;3875;4048
1;3222;2903;3867;4047
1;3227;2902;3882;4034
1;3213;2901;3861;4032
1;3233;2914;3875;4045
1;3227;2903;3873;4037
1;3234;2929;3882;4062
1;3242;2921;3870;4047
1;3242;2923;3791;4059
1;3235;2913;3758;4048
1;3314;2999;2181;4074
1;4095;4095;2452;4095
1;4095;4095;2655;4095
1;4095;4095;3024;4095
1;4095;4095;3284;4095
1;3255;2938;3026;4038
1;3239;2922;3638;4045
1;3296;2992;3776;4065
1;3286;2981;3789;4054
1;3280;2973;3783;4057
1;3237;2927;3776;4053
1;3235;2923;3821;4055
1;3229;2909;3827;4045
1;3241;2909;3831;4046
1;3219;2915;3769;4048
1;3227;2924;3789;4048
1;3231;2910;3792;4044
1;3237;2912;3793;4046
1;3231;2919;3792;4037
1;3233;2916;3792;4035
1;3241;2918;3810;4038
1;3242;2916;3820;4045
1;3216;2905;3840;4041
1;3237;2925;3865;4039
1;3371;3055;3920;4095
1;3367;3083;3925;4095
1;3376;3085;3917;4095
1;3344;3037;3934;4095
1;3334;3023;3915;4095
1;3379;3088;3950;4095
1;3393;3081;3953;4095
1;3359;3054;3926;4095
1;3367;3068;3947;4093
1;3323;3026;3911;4079
1;3265;2955;3822;4059
1;3251;2937;3809;4048
1;3241;2913;3810;4047
1;3229;2916;3789;4045
1;3233;2907;3793;4053
1;3221;2902;3860;4048
1;3225;2903;3857;4031
1;3230;2900;3872;4031
1;3216;2901;3872;4035
1;3215;2900;3879;4044
1;3217;2896;3863;4031
1;3217;2898;3872;4018
1;3222;2897;3871;4037
1;3197;2889;3856;4017
1;3215;2879;3874;4035
1;3211;2895;3836;4021
1;3213;2894;3860;4029
1;3213;2890;3853;4038
1;3216;2896;3872;4031
1;3214;2895;3885;4055
1;3216;2896;3863;4046
1;3216;2901;3882;4038
1;3214;2894;3853;4039
1;3229;2915;3888;4048
1;3244;2914;3889;4048
1;3227;2906;3886;4044
1;3235;2913;3885;4041
1;3233;2909;3878;4048
1;3216;2911;3888;4032
1;3223;2898;3888;4048
1;3224;2911;3891;4051
1;3221;2901;3885;4047
1;3227;2902;3878;4045
1;3223;2902;3893;4035
1;3232;2898;3881;4048
1;3216;2905;3888;4047
1;3233;2909;3885;4040
1;3243;2914;3883;4047
1;3226;2908;3888;4043
1;3237;2914;3887;4050
1;3227;2902;3885;4038
1;3216;2903;3872;4039
1;3219;2901;3888;4046
1;3207;2898;3880;4050
1;3215;2900;3875;4040
1;3205;2896;3871;4044
1;3216;2892;3871;4043
1;3227;2895;3871;4048
1;3215;2894;3819;4048
1;3219;2896;3841;4042
1;3227;2896;3846;4045
1;3213;2894;3843;4035
1;3222;2896;3855;4042
1;3216;2896;3866;4039
1;3218;2898;3841;4038
1;3206;2898;3862;4038
1;3215;2901;3852;4037
1;3217;2902;3868;4030
1;3223;2910;3904;4046
1;3227;2898;3858;4047
1;3218;2902;3868;4041
1;3223;2899;3904;4033
1;3225;2901;3850;4033
1;3226;2903;3870;4045
1;3212;2896;3883;4039
1;3215;2896;3879;4032
1;3216;2894;3871;4043
1;3214;2896;3873;4038
1;3215;2894;3867;4045
1;3216;2880;3850;4042
1;3210;2893;3873;4047
1;3214;2896;3863;4039
1;3207;2896;3868;4037
1;3213;2898;3868;4043
1;3209;2896;3903;4035
1;3217;2895;3867;4039
1;3216;2896;3910;4038
1;3221;2896;3879;4042
1;3222;2899;3875;4048
1;3217;2901;3871;4065
1;3225;2911;3888;4036
1;3216;2902;3883;4046
1;3217;2897;3891;4046
1;3218;2898;3879;4039
1;3219;2898;3875;4042
1;3216;2899;3910;4048
1;3216;2895;3777;4048
1;3216;2896;3775;4053
1;3216;2895;3803;4046
1;3213;2895;3855;4039
1;3215;2886;3795;4031
1;3226;2913;3890;4054
1;3318;3014;3950;4095
1;3217;2896;3890;4038
1;3627;3397;4095;4095
1;3440;3158;4010;4095
1;4095;4095;4095;4095
1;4095;4095;4095;4095
1;4095;4095;4095;4095
1;4095;4095;4095;4095
1;4095;4095;4095;4095
1;4095;4095;4095;4095
1;4095;4095;4095;4095
1;4095;4095;4095;4095
1;3340;3038;3969;4095
1;3403;3106;3989;4095
1;3279;2960;3919;4067
1;3232;2913;3911;4043
1;3239;2926;3889;4055
1;3250;2929;3889;4048
1;3248;2928;3904;4042
1;3237;2917;3888;4044
1;3229;2906;3888;4046
1;3236;2918;3901;4050
1;3233;2919;3892;4063
1;3222;2897;3886;4038
1;3234;2912;3904;4034
1;3258;2944;3902;4053
1;3285;2969;3935;4064
1;3279;2971;3920;4082
1;3301;2995;3935;4077
1;3238;2918;3895;4044
1;3219;2897;3890;4043
1;3243;2922;3911;4050
1;3253;2948;3903;4049
1;3238;2931;3888;4053
1;3242;2927;3876;4047
1;3218;2907;3875;4032
1;3217;2901;3872;4048
1;3219;2904;3871;4053
1;3217;2901;3863;4046
1;3229;2899;3873;4059
1;3217;2897;3875;4043
1;3217;2901;3875;4046
1;3216;2896;3841;4048
1;3216;2896;3863;4038
1;3215;2896;3863;4039
1;3728;3409;4095;4095
1;3244;2928;3889;4063
1;3230;2911;3884;4048
1;3216;2898;3875;4051
1;3219;2896;3856;4043
1;3231;2911;3875;4049
1;3226;2901;3879;4039
1;3216;2896;3873;4043
1;3230;2914;3870;4043
1;3230;2908;3867;4035
1;3227;2912;3877;4048
1;3230;2898;3872;4035
1;3217;2896;3885;4048
1;3219;2903;3891;4053
1;3220;2899;3883;4037
1;3216;2901;3888;4048
1;3226;2909;3888;4059
1;3221;2906;3874;4042
1;3238;2928;3860;4031
1;3227;2914;3874;4027
1;3219;2906;3880;4040
1;3216;2893;3878;4015
1;3211;2887;3859;4033
1;3211;2893;3859;4031
1;3212;2899;3841;4034
1;3216;2895;3857;4031
1;3215;2890;3871;4037
1;3205;2895;3857;4046
1;3216;2891;3865;4037
1;3215;2897;3847;4035
1;3214;2893;3861;4048
1;3215;2882;3858;4048
1;3211;2897;3862;4029
1;3215;2897;3854;4048
1;3209;2896;3850;4045
1;3216;2891;3831;4033
1;3211;2898;3847;4033
1;3213;2897;3857;4031
1;3234;2910;3870;4048
1;3216;2896;3874;4034
1;3231;2928;3874;4048
1;3214;2899;3882;4033
1;3216;2902;3888;4048
1;3216;2899;3874;4039
1;3210;2905;3899;4039
1;3217;2893;3888;4034
1;3217;2898;3859;4045
1;3211;2906;3888;4047
1;3219;2900;3872;4045
1;3241;2906;3887;4038
1;3245;2929;3895;4050
1;3352;3050;3945;4095
1;3280;2974;3917;4067
1;3241;2919;3862;4059
1;3241;2928;3897;4048
1;3239;2926;3874;4046
1;3234;2912;3894;4049
1;3232;2917;3891;4048
1;3221;2907;3888;4050
1;3216;2903;3872;4037
1;3223;2898;3873;4034
1;3222;2896;3876;4038
1;3219;2896;3883;4043
1;3218;2898;3873;4046
1;3216;2896;3890;4050
1;3216;2898;3877;4041
1;3216;2894;3862;4061
1;3219;2898;3878;4040
1;3216;2896;3863;4038
1;3203;2897;3867;4033
1;3218;2907;3882;4022
1;3249;2925;3872;4045
1;3219;2902;3879;4031
1;3222;2906;3884;4048
1;3232;2914;3896;4048
1;3223;2902;3887;4055
1;3227;2911;3884;4044
1;3235;2909;3894;4050
1;3248;2918;3888;4041
1;3227;2903;3881;4048
1;3225;2909;3887;4047
1;3235;2921;3907;4073
1;3277;2961;3919;4069
1;4095;4095;4095;4095
1;4095;4095;4095;4095
1;3239;2933;3885;4045
1;3217;2920;3888;4047
1;4095;4095;4095;4095
1;4095;4095;4095;4095
1;4095;4095;4095;4095
1;4095;4095;4095;4095
1;4095;4095;4095;4095
1;4095;4095;4095;4095
1;4095;4095;4095;4095
1;4095;4095;4095;4095
1;4095;4095;4095;4095
1;4095;4095;4095;4095
1;4095;4095;4095;4095
1;4095;4095;4095;4095
1;4095;4095;4095;4095
1;4095;4095;4095;4095
1;4095;4095;4095;4095
1;4095;4095;4095;4095
2;4095;4095;4095;4095
2;4095;4095;4095;4095
2;4095;4095;4095;4095
2;4095;4095;4095;4095
2;4095;4095;4095;4095
2;4095;4095;4095;4095
2;4095;4095;4095;4095
2;4095;4095;4095;4095
2;4095;4095;4095;4095
2;4095;4095;4095;4095
2;4095;4095;4095;4095
2;4095;4095;4095;4095
2;4095;4095;4095;4095
2;4095;4095;4095;4095
2;4095;4095;4095;4095
2;4095;4095;4095;4095
2;4095;4095;4095;4095
2;4095;4095;4095;4095
2;4095;4095;4095;4095
2;4095;4095;4095;4095
2;4095;4095;4095;4095
2;4095;4095;4095;4095
2;4095;4095;4095;4095
2;4095;4095;4095;4095
2;4095;4095;4095;4095
2;4095;4095;4095;4095
2;4095;4095;4095;4095
2;4095;4095;4095;4095
2;4095;4095;4095;4095
2;4095;4095;4095;4095
2;4095;4095;4095;4095
2;4095;4095;4095;4095
2;4095;4095;4095;4095
2;4095;4095;4095;4095
2;4095;4095;4095;4095
2;4095;4095;4095;4095
2;4095;4095;4095;4095
2;4095;4095;4095;4095
2;4095;4095;4095;4095
2;4095;4095;4095;4095
2;4095;4095;4095;4095
2;4095;4095;4095;4095
2;4095;4095;4095;4095
2;4095;4095;4095;4095
2;4095;4095;4095;4095
2;4095;4095;4095;4095
2;4095;4095;4095;4095
2;4095;4095;4095;4095
2;4095;4095;4095;4095
2;4095;4095;4095;4095
2;3935;3733;4095;4095
2;3433;3131;3969;4095
2;4095;4095;4095;4095
2;4095;4095;4095;4095
2;4007;3788;4095;4095
2;3254;2942;3865;4068
2;3248;2925;3836;4052
2;3223;2917;3771;4053
2;3381;3100;3950;4095
2;3284;2960;3888;4069
2;3280;2975;3910;4071
2;3248;2919;3825;4062
2;3241;2922;3840;4061
2;3263;2943;3824;4070
2;3242;2923;3842;4064
2;3238;2926;3851;4055
2;3257;2928;3856;4053
2;3248;2928;3846;4069
2;3248;2923;3839;4055
2;3259;2942;3872;4064
2;3240;2928;3797;4053
2;3239;2928;3810;4047
2;3261;2937;3838;4065
2;3263;2933;3821;4078
2;3246;2917;2944;4064
2;3243;2913;3737;4077
2;3235;2906;2883;4048
2;3239;2913;2823;4050
2;3221;2898;2685;4055
2;3234;2908;2219;4047
2;3226;2897;3716;4048
2;3223;2896;3760;4052
2;3223;2898;3824;4048
2;3214;2889;3740;4048
2;3228;2896;3745;4051
2;3232;2896;3792;4075
2;3218;2895;3782;4044
2;3223;2909;3786;4049
2;3221;2896;3776;4055
2;3219;2904;3809;4054
2;3234;2898;3821;4050
2;3231;2902;3810;4058
2;3231;2912;3850;4055
2;3227;2897;3814;4041
2;3230;2911;3818;4061
2;3227;2902;3815;4071
2;3227;2901;3811;4055
2;3231;2907;3817;4048
2;3228;2902;3824;4049
2;3223;2911;3815;4065
2;3232;2903;3824;4062
2;3227;2903;3822;4060
2;3233;2910;3820;4046
2;3237;2909;3824;4057
2;3237;2919;3823;4063
2;3235;2921;3812;4034
2;3226;2907;3824;4058
2;3236;2913;3818;4039
2;3227;2915;3842;4055
2;3232;2912;3819;4055
2;3222;2896;3811;4048
2;3216;2901;3787;4071
2;3219;2895;3792;4050
2;3216;2902;3795;4048
2;3219;2903;3793;4048
2;3227;2898;3795;4048
2;3214;2895;3799;4056
2;3218;2896;3804;4047
2;3227;2898;3776;4048
2;3219;2896;3758;4047
2;3230;2905;3775;4060
2;3243;2913;3817;4053
2;3230;2901;3817;4059
2;3232;2911;3835;4051
2;3233;2910;3825;4055
2;3230;2897;3835;4048
2;3227;2897;3842;4048
2;3226;2897;3834;4041
2;3218;2902;3826;4048
2;3220;2895;3841;4050
2;3226;2907;3821;4048
2;3271;2944;3807;4081
2;3505;3217;3948;4095
2;3230;2912;3819;4062
2;3246;2923;3815;4061
2;4095;4095;4095;4095
2;4095;4095;4095;4095
2;3235;2928;3849;4053
2;3248;2928;3852;4066
2;3247;2922;3856;4070
2;3237;2915;3855;4057
2;3237;2915;3870;4048
2;3238;2913;3791;4058
2;3207;2896;3812;4046
2;3210;2897;3831;4046
2;3220;2886;3846;4051
2;3218;2895;3907;4051
2;3229;2896;3882;4046
2;3207;2895;3854;4048
2;3220;2896;3857;4050
2;3218;2890;3874;4050
2;3216;2896;3881;4048
2;3214;2888;3873;4048
2;3219;2896;3880;4050
2;3220;2890;3862;4059
2;3215;2896;3888;4064
2;3216;2895;3875;4054
2;3219;2891;3886;4058
2;3216;2891;3858;4044
2;3213;2889;3873;4040
2;3215;2894;3868;4053
2;3217;2891;3839;4047
2;3218;2895;3908;4053
2;3214;2884;3920;4073
2;3216;2893;3888;4047
2;3219;2896;3899;4059
2;3216;2887;3906;4048
2;3216;2910;3892;4048
2;3195;2886;3897;4048
2;3207;2877;3854;4059
2;3205;2884;3824;4040
2;3217;2887;3863;4050
2;3213;2885;3913;4038
2;3218;2889;3887;4052
2;4095;4095;4095;4095
2;3374;3065;3919;4095
2;4095;4095;4095;4095
2;4095;4095;4095;4095
2;4095;4095;4095;4095
2;4095;4095;4095;4095
2;4095;4095;4095;4095
2;4095;4095;4095;4095
2;4095;4095;4095;4095
2;3233;2914;3876;4069
2;3222;2896;3888;4047
2;3219;2908;3877;4045
2;3235;2903;3888;4055
2;3227;2912;3905;4063
2;3285;2989;3683;4063
2;3455;3203;1364;4061
2;3507;3280;1781;4058
2;3531;3305;1889;4054
2;3475;3242;1905;4048
2;3440;3194;1921;4042
2;3261;2946;1973;4052
2;3227;2899;1821;4048
2;3223;2906;1853;4045
2;3222;2898;1843;4049
2;3221;2896;1875;4047
2;3215;2885;1817;4039
2;3216;2895;1831;4048
2;3375;3061;1547;4095
2;3242;2928;1621;4061
2;3251;2924;1647;4064
2;4095;4095;1984;4095
2;3214;2887;1714;4038
2;3206;2889;1760;4043
2;3451;3167;1843;4095
2;3214;2885;1859;4045
2;3235;2912;1858;4077
2;3393;3094;1847;4095
2;3225;2901;1788;4047
2;3393;3067;1777;4095
2;3248;2925;1712;4051
2;3219;2891;1907;4048
2;3221;2896;1798;4048
2;3218;2891;1760;4043
2;3226;2897;1780;4039
2;3229;2906;1839;4034
2;3215;2896;1808;4043
2;3213;2883;1836;4047
2;3213;2883;1899;4041
2;3205;2880;2507;4037
2;3209;2883;2474;4035
2;3216;2882;2111;4044
2;3212;2880;2236;4033
2;3367;3056;1822;4095
2;3212;2882;1809;4042
2;3244;2919;1856;4048
2;3214;2886;2023;4035
2;3216;2886;2450;4048
2;3213;2874;3833;4051
3;3206;2876;3871;4043
3;3206;2876;3829;4048
3;3201;2879;3790;4042
3;3206;2880;3793;4045
3;3216;2896;3803;4050
3;3203;2875;3783;4045
3;4095;4095;4095;4095
3;3205;2880;3815;4050
3;3225;2899;3877;4053
3;3206;2877;3859;4049
3;3212;2884;3840;4047
3;3215;2882;3874;4049
3;3214;2887;3885;4039
3;3232;2906;3900;4049
3;4095;4095;4095;4095
3;4095;4095;4095;4095
3;3271;2944;3913;4071
3;4095;4095;4095;4095
3;3225;2901;3889;4062
3;3216;2888;3885;4049
3;4095;4095;4095;4095
3;3217;2890;3881;4049
3;3213;2880;3858;4051
3;3215;2884;3874;4051
3;3212;2881;3879;4045
3;3211;2886;3881;4047
3;3209;2883;3888;4044
3;3342;3026;3955;4095
3;3216;2882;3887;4054
3;4095;4095;4095;4095
3;3207;2879;3891;4050
3;3213;2879;3879;4041
3;3211;2880;3887;4047
3;4095;4095;4095;4095
3;3212;2881;3888;4040
3;3449;3155;4010;4095
3;3217;2893;3885;4048
3;3351;3039;3952;4095
3;3241;2914;3901;4057
3;4095;4095;4095;4095
3;3868;3665;4095;4095
3;3226;2895;2518;4045
3;3443;3152;1328;4095
3;3259;2931;1492;4065
3;3237;2911;1437;4048
3;3227;2896;1523;4051
3;3221;2895;1456;4045
3;3219;2896;1547;4054
3;3226;2898;1549;4050
3;3231;2900;1983;4048
3;4095;4095;1808;4095
3;3614;3344;1815;4095
3;3277;2958;1510;4065
3;3271;2949;1636;4079
3;3283;2963;1626;4071
3;3259;2931;1806;4062
3;3251;2927;1695;4062
3;3243;2910;1761;4065
3;3237;2903;1775;4066
3;3234;2906;1776;4059
3;3233;2906;1838;4058
3;3231;2904;1823;4059
3;3233;2906;1843;4053
3;3234;2896;1899;4057
3;3239;2909;1842;4051
3;3235;2909;1918;4058
3;3237;2911;1890;4061
3;3231;2913;1989;4061
3;3248;2923;2006;4055
3;3250;2932;1845;4053
3;3239;2927;1858;4057
3;3310;2983;1616;4080
3;3248;2937;1638;4069
3;3248;2921;1681;4061
3;3338;3035;1680;4066
3;3300;2989;1714;4074
3;3286;2971;1669;4076
3;3233;2928;1723;4074
3;3446;3152;1694;4095
3;3333;3024;1767;4095
3;3519;3233;1808;4095
3;3476;3193;1791;4095
3;3351;3034;1684;4095
3;3350;3035;1775;4095
3;3362;3043;1746;4095
3;3377;3086;1789;4095
3;3270;2955;1680;4065
3;3278;2961;1622;4082
3;3266;2940;1603;4063
3;3280;2960;1713;4064
3;3264;2943;2274;4062
3;3408;3124;2222;4095
3;3248;2927;1792;4053
3;3240;2927;1906;4060
3;3243;2907;1982;4053
3;3249;2930;2087;4047
3;3237;2907;2544;4060
3;3230;2899;2736;4053
3;3235;2903;2746;4039
3;3234;2897;2681;4048
3;3224;2895;2748;4053
3;3234;2902;2790;4059
3;3239;2910;2798;4069
3;3239;2913;2960;4058
3;3243;2902;2736;4061
3;3225;2896;1783;4039
3;3221;2896;1581;4048
3;3216;2883;2267;4048
3;3221;2896;1522;4047
3;3213;2896;1609;4046
3;3223;2895;1840;4048
3;3233;2894;1846;4049
3;3230;2903;1703;4057
3;3406;3095;1943;4095
3;3419;3121;1875;4095
3;3423;3153;2303;4095
3;3465;3188;2337;4095
3;3232;2910;1789;4051
3;3546;3254;1744;4095
3;3227;2911;1740;4044
3;3245;2903;1728;4043
3;3237;2898;1739;4041
3;3233;2906;1680;4036
3;3223;2909;1751;4050
3;3230;2903;1725;4038
3;3229;2899;1758;4051
3;3232;2904;1783;4049
3;3231;2902;1735;4043
3;3232;2903;1695;4043
3;3241;2902;2442;4050
3;3234;2901;2225;4048
3;3239;2910;2190;4058
3;3253;2928;2235;4054
3;3392;3099;2487;4095
3;3402;3093;2210;4095
3;3382;3093;2575;4095
3;3371;3062;2580;4095
3;3395;3089;2539;4095
3;3421;3135;2462;4095
3;3408;3110;2480;4095
3;3451;3143;2545;4095
3;3344;3024;2421;4095
3;3395;3097;2234;4095
3;3464;3170;2419;4095
3;3392;3085;1782;4095
3;3456;3162;2449;4095
3;3557;3283;2123;4095
3;3540;3267;2798;4095
3;3537;3262;2919;4095
3;3637;3370;2974;4095
3;3419;3135;2832;4095
3;3738;3494;2956;4095
3;3517;3240;2828;4095
3;3417;3123;2938;4095
3;3419;3120;2890;4095
3;3414;3108;2947;4095
3;3376;3065;2817;4095
3;3344;3028;2888;4095
3;3351;3051;2818;4095
3;3328;3015;2857;4095
3;3319;3022;2895;4095
3;3341;3024;2884;4092
3;3328;3021;2890;4095
3;3332;3021;2896;4095
3;3329;3024;2875;4083
3;3321;3023;2876;4095
3;3331;3018;2817;4093
3;3338;3027;2679;4095
3;3662;3403;1614;4095
3;3312;2992;1632;4083
3;3241;2915;1680;4053
3;3232;2915;1443;4053
3;3339;3025;1328;4095
3;3344;3024;1381;4095
3;3245;2917;1411;4057
3;3226;2898;1531;4051
3;3232;2897;1425;4048
3;3217;2896;1487;4071
3;3217;2896;1555;4048
3;3221;2893;1617;4051
3;3221;2898;1585;4037
3;3221;2890;1662;4047
3;3216;2896;1629;4055
3;3216;2886;1635;4044
3;3218;2889;1598;4061
3;3214;2886;1616;4052
3;3218;2886;1535;4045
3;3209;2889;1554;4033
3;3216;2890;1595;4047
3;3202;2885;1610;4037
3;3229;2896;1604;4044
3;3217;2886;1622;4048
3;3214;2883;1623;4030
3;3216;2883;1794;4041
3;3206;2887;1772;4045
3;3206;2881;1747;4046
3;3213;2885;1681;4045
3;3209;2891;1743;4050
3;3214;2891;1741;4049
3;3214;2881;1831;4036
3;3199;2881;1808;4043
3;3216;2881;1842;4046
3;3216;2883;1887;4036
3;3216;2882;1968;4032
3;3213;2880;1927;4048
3;3213;2892;1915;4031
3;3212;2881;1879;4048
3;3221;2890;1846;4042
3;3216;2883;1984;4054
3;3211;2882;1762;4054
3;3213;2886;1607;4026
3;3219;2880;1616;4044
3;3215;2886;1632;4045
3;3217;2886;1619;4053
3;3216;2881;1658;4042
3;3215;2891;1614;4042
3;3213;2881;1630;4041
3;3217;2882;1610;4048
3;3214;2883;1631;4048
3;3216;2884;1653;4050
3;3217;2887;1659;4067
3;3216;2885;1641;4045
3;3216;2887;1648;4063
3;3219;2885;1643;4045
3;3215;2895;1573;4043
3;3222;2884;1532;4045
3;3728;3485;1615;4095
3;4095;4095;1851;4095
3;3989;3827;1691;4095
3;3231;2894;1502;4049
3;3222;2896;1522;4055
3;3225;2889;1463;4018
3;3216;2896;1598;4051
3;3216;2889;1508;4065
3;3215;2884;1542;4053
3;3210;2877;1521;4038
3;3207;2883;1568;4048
3;3212;2880;1557;4034
3;3209;2880;1585;4059
3;3215;2880;1563;4047
4;3212;2879;1553;4059
4;3210;2877;1517;4042
4;4095;4095;2240;4095
4;3689;3376;1626;4095
4;3231;2896;1450;4042
4;3431;3132;1504;4095
4;3235;2891;1505;4043
4;3213;2885;1808;4055
4;3210;2877;1766;4032
4;3205;2873;3645;4047
4;3212;2871;3411;4049
4;3211;2875;3632;4029
4;3209;2889;3643;4051
4;3211;2873;3668;4049
4;3216;2873;3583;4051
4;3205;2880;3003;4058
4;3209;2879;2158;4048
4;3210;2880;1965;4046
4;3198;2884;2551;4049
4;3211;2879;2832;4051
4;3222;2887;2379;4048
4;3205;2871;2116;4047
4;3209;2879;2176;4038
4;3207;2867;2310;4035
4;3209;2880;2682;4040
4;3202;2871;2662;4048
4;3203;2873;2849;4048
4;3211;2874;2951;4048
4;3205;2878;3008;4043
4;3210;2883;3549;4053
4;3203;2870;3680;4057
4;3212;2880;3723;4048
4;3203;2877;3741;4049
4;3210;2883;3760;4041
4;3213;2886;3228;4042
4;3204;2874;3291;4035
4;3217;2890;3295;4066
4;3217;2891;2032;4051
4;3203;2876;1913;4035
4;3216;2883;2314;4037
4;3207;2879;1723;4033
4;3222;2890;1600;4049
4;3204;2887;1878;4042
4;3205;2886;3721;4048
4;3207;2883;2144;4042
4;3201;2879;1950;4043
4;3216;2880;1877;4048
4;3216;2886;1808;4046
4;3209;2874;1805;4048
4;3206;2880;1905;4043
4;3212;2871;2195;4041
4;3216;2892;3005;4048
4;3201;2877;2423;4037
4;3201;2871;3257;4046
4;3197;2873;2865;4042
4;3205;2871;2352;4047
4;3239;2915;2581;4058
4;3207;2879;2789;4053
4;3205;2871;2354;4043
4;3207;2880;2784;4036
4;3215;2881;2544;4048
4;3213;2883;1728;4047
4;3216;2884;1741;4029
4;3211;2877;1594;4038
4;4095;4095;1958;4095
4;3201;2877;1600;4039
4;3202;2875;2241;4039
4;4095;4095;2404;4095
4;3206;2874;1846;4059
4;3212;2880;3033;4034
4;3213;2871;3003;4048
4;3203;2877;2263;4035
4;3210;2871;2141;4044
4;3213;2880;1511;4048
4;3207;2878;1591;4051
4;3222;2882;1647;4032
4;3209;2878;1733;4032
4;3222;2882;1839;4047
4;3231;2889;1557;4048
4;3191;2877;1607;4038
4;4095;4095;1814;4095
4;3212;2882;1663;4047
4;3211;2884;1840;4054
4;3203;2880;1808;4038
4;3198;2876;2720;4043
4;3212;2883;2493;4050
4;3215;2867;3454;4048
4;3213;2878;3681;4043
4;3204;2876;3682;4038
4;3210;2879;3710;4036
4;3206;2886;3599;4047
4;3206;2871;3627;4048
4;3202;2877;3664;4044
4;3207;2875;3658;4051
4;3214;2879;3696;4046
4;3203;2877;3706;4048
4;3211;2871;3747;4046
4;3211;2874;3760;4051
4;3216;2873;3817;4048
4;3216;2881;3797;4058
4;3216;2885;3789;4051
4;3205;2881;3797;4048
4;3216;2890;3739;4057
4;3216;2890;3759;4055
4;3210;2881;3764;4057
4;3205;2887;3735;4047
4;3214;2881;3758;4048
4;3210;2873;3755;4050
4;3198;2873;3760;4046
4;3216;2885;3474;4062
4;3228;2883;3472;4045
4;3224;2878;3578;4041
4;3224;2879;3627;4055
4;3216;2875;3554;4065
4;3213;2882;3734;4048
4;3216;2878;3901;4059
4;3202;2871;3846;4033
4;3200;2865;3721;4046
4;3201;2864;3761;4033
4;3199;2864;3765;4039
4;3201;2864;3752;4053
4;3191;2874;3757;4045
4;3203;2864;3758;4048
4;3203;2864;3750;4044
4;3201;2865;3755;4044
4;3201;2871;3902;4048
4;3195;2862;3852;4043
4;3191;2863;3888;4048
4;3215;2883;3862;4050
4;3206;2875;3859;4043
4;3203;2876;3830;4055
4;3208;2880;3884;4031
4;3207;2864;3887;4046
4;3216;2880;3869;4034
4;4095;4095;4095;4095
4;3198;2868;3863;4049
4;3684;3424;4061;4095
4;3410;3118;3921;4095
4;3434;3142;3907;4095
4;3451;3177;3920;4095
4;3443;3139;3972;4095
4;3358;3054;3950;4095
4;3204;2873;3873;4047
4;3202;2870;3868;4048
4;3201;2876;3873;4048
4;3200;2871;3870;4045
4;3195;2874;3873;4053
4;3202;2867;3883;4043
4;3207;2874;3869;4048
4;3211;2878;3901;4048
4;3190;2866;3846;4064
4;3207;2875;3758;4049
4;3216;2873;3838;4044
4;3206;2871;3824;4041
4;3206;2875;3664;4055
4;3212;2876;3768;4049
4;3200;2879;3826;4048
4;3205;2879;3725;4037
4;3205;2881;3527;4042
4;3210;2876;3562;4048
4;3202;2878;3451;4039
4;3218;2906;3122;4021
4;3218;2911;3319;4021
4;3218;2897;3059;4016
4;3216;2911;1791;4016
4;3215;2914;1511;4016
4;3210;2893;1579;4031
4;3216;2888;1582;4033
4;3216;2887;1498;4022
4;3213;2883;1527;4054
4;3209;2877;1533;4037
4;3718;3447;2023;4095
4;3518;3221;2038;4095
4;3563;3291;2133;4095
4;3632;3361;2108;4095
4;3530;3262;1677;4095
4;3540;3261;1498;4095
4;3495;3211;1481;4095
4;3518;3223;1454;4095
4;3387;3088;1445;4095
4;3255;2928;1394;4047
4;3213;2884;1397;4047
4;3213;2869;1338;4048
4;3235;2911;1552;4049
4;3235;2912;1652;4048
4;3465;3167;1773;4095
4;3221;2893;1792;4044
4;3541;3271;2107;4095
4;3455;3166;1499;4095
4;3429;3135;1425;4095
4;3280;2938;1424;4071
4;3218;2891;1414;4044
4;3202;2871;1795;4042
4;3200;2878;2276;4041
4;3200;2865;2988;4045
4;3203;2867;2979;4039
4;3209;2873;3481;4035
4;3201;2875;3513;4044
4;3206;2871;3648;4030
4;3196;2874;3694;4041
4;3213;2879;3319;4063
4;3200;2877;3399;4032
4;3203;2869;3267;4054
4;3203;2873;3236;4037
4;3201;2864;3408;4048
4;3206;2865;3510;4048
4;3202;2864;3536;4043
4;3200;2864;3541;4056
4;3205;2882;3563;4032
4;3219;2910;3637;4033
4;3202;2884;3270;4022
4;3209;2878;2890;4045
4;3207;2881;1396;4042
4;3207;2880;1323;4047
4;3206;2875;1331;4026
4;3431;3135;1355;4095
4;3337;3028;1178;4092
4;3211;2879;1185;4049
4;3488;3195;2730;4095
4;3508;3248;2723;4095
4;3411;3157;3232;4095
4;3595;3342;3507;4095
4;3575;3306;3566;4095
4;3599;3334;3506;4095
4;3478;3210;3613;4095
4;3319;2992;3322;4095
4;3223;2885;3510;4047
4;3205;2869;1584;4051
4;3200;2864;1473;4032
4;3185;2864;1456;4049
4;3184;2864;1552;4039
4;3203;2864;2498;4043
4;3195;2870;2704;4037
4;3217;2869;2800;4049
4;3202;2864;2666;4041
4;3209;2864;2757;4046
4;3194;2865;2640;4048
4;3190;2865;3027;4033
4;3199;2869;3001;4048
4;3197;2865;3118;4035
4;3206;2880;3104;4038
4;3195;2866;3171;4058
4;3199;2875;3078;4048
4;3202;2873;2750;4052
4;3195;2864;2849;4051
4;3200;2873;3024;4048
4;3198;2865;1963;4027
4;3195;2865;2295;4038
4;3191;2867;2793;4048
4;3203;2879;3370;4059
4;3197;2866;3281;4046
4;3202;2875;3334;4044
4;3216;2880;3318;4046
4;3199;2864;3296;4047
4;3203;2873;3366;4051
4;3190;2864;3411;4064
4;4095;4095;4031;4095
4;4095;4095;4080;4095
4;4095;4095;4095;4095
4;3246;2915;3285;4057
4;3217;2879;3327;4050
4;3218;2881;3632;4066
4;3217;2880;3600;4045
4;3217;2880;3398;4048
4;3235;2905;3573;4041
4;3230;2896;3631;4055
4;3256;2928;3632;4066
4;3210;2870;3600;4053
4;3243;2913;3189;4067
4;3273;2946;3291;4086
4;3209;2891;3118;4053
4;3248;2918;3583;4060
4;3231;2896;3665;4064
4;3254;2929;3421;4075
4;4095;4095;3283;4095
4;3319;3007;3227;4095
4;3266;2931;3091;4062
4;3313;2995;2697;4095
4;3210;2875;2699;4046
4;3222;2909;2745;4075
4;3216;2897;2833;4048
4;3213;2891;3088;4052
4;3234;2914;3094;4068
4;3221;2890;3197;4054
5;3238;2911;3153;4061
5;3259;2937;3205;4075
5;3378;3086;2918;4095
5;3312;3009;3104;4094
5;3383;3078;2989;4095
5;3375;3061;3202;4095
5;3344;3018;3137;4095
5;3358;3049;3120;4095
5;3395;3083;2935;4095
5;3327;3014;2902;4095
5;3448;3141;2953;4095
5;3312;3008;2953;4095
5;3290;2973;2971;4081
5;3234;2909;2877;4066
5;3422;3120;3421;4095
5;3238;2905;3377;4070
5;3214;2890;3646;4061
5;3214;2874;3491;4032
5;3206;2870;3532;4046
5;3235;2899;3499;4057
5;3216;2891;3473;4063
5;3235;2906;3555;4059
5;3223;2896;3086;4054
5;3226;2891;2576;4051
5;3223;2896;2651;4050
5;3230;2898;2246;4051
5;3219;2891;3022;4067
5;3217;2894;2974;4059
5;3213;2890;2909;4066
5;3213;2890;3425;4044
5;3209;2881;3565;4052
5;3215;2886;3602;4054
5;3217;2886;3328;4053
5;3214;2889;2845;4052
5;3215;2883;2819;4059
5;3216;2891;2489;4048
5;3223;2886;2549;4053
5;3220;2887;1905;4038
5;3531;3242;2010;4095
5;3583;3299;1678;4095
5;3561;3259;1702;4095
5;3412;3104;1840;4095
5;3241;2914;1750;4061
5;3248;2919;2318;4075
5;3835;3600;2570;4095
5;3225;2896;2935;4062
5;3373;3057;3488;4095
5;3472;3184;3689;4095
5;3342;3024;3629;4095
5;3403;3088;3660;4095
5;3354;3035;3567;4095
5;3366;3046;3696;4095
5;3358;3046;3703;4095
5;3357;3041;3711;4095
5;3345;3026;3680;4095
5;3351;3030;3395;4095
5;3241;2912;2871;4061
5;3228;2894;2274;4062
5;3248;2903;2352;4067
5;3248;2907;2481;4073
5;3237;2907;2848;4067
5;3236;2897;3504;4059
5;3233;2905;3589;4059
5;3248;2914;3196;4059
5;3238;2906;2845;4067
5;3231;2912;2891;4067
5;4095;4095;2675;4095
5;3231;2911;2185;4066
5;4095;4095;2111;4095
5;3277;2947;1686;4071
5;3619;3323;2083;4095
5;3520;3216;2166;4095
5;3230;2910;2480;4047
5;3546;3277;2832;4095
5;3359;3035;2973;4095
5;3475;3168;2258;4095
5;3487;3195;1989;4095
5;3387;3067;1993;4095
5;3440;3131;1609;4095
5;3430;3136;1809;4095
5;3478;3174;1839;4095
5;3471;3167;1734;4095
5;3393;3070;1811;4095
5;3606;3302;2881;4095
5;3411;3102;2769;4095
5;3383;3067;3200;4095
5;3390;3093;3339;4095
5;3423;3120;3242;4095
5;3581;3306;3408;4095
5;3534;3253;3170;4095
5;3677;3430;3089;4095
5;3431;3127;1858;4095
5;3243;2913;2380;4073
5;3489;3196;3558;4095
5;3255;2915;3042;4059
5;3406;3090;3199;4095
5;3408;3099;2876;4095
5;3235;2901;2598;4062
5;3387;3071;1878;4095
5;3238;2902;2710;4058
5;3222;2889;2908;4050
5;3419;3120;2961;4095
5;3489;3194;2939;4095
5;3491;3184;2866;4095
5;3435;3131;2601;4095
5;3459;3159;2801;4095
5;3441;3135;2932;4095
5;3472;3172;1903;4095
5;3385;3079;1979;4095
5;3232;2899;1957;4061
5;3239;2905;3071;4066
5;3237;2899;2533;4073
5;3225;2887;2559;4062
5;3247;2922;2321;4077
5;3305;2981;2147;4084
5;3305;2992;2391;4093
5;3324;3003;2653;4094
5;3323;3000;2818;4095
5;3303;2976;3216;4095
5;3328;3004;2892;4095
5;3291;2960;2956;4082
5;3273;2949;2997;4087
5;3264;2946;2819;4073
5;3234;2907;2742;4061
5;3262;2927;3143;4080
5;3359;3037;2966;4095
5;3258;2929;3399;4079
5;3225;2889;3293;4053
5;3223;2895;3146;4057
5;3235;2906;3248;4067
5;3247;2927;3140;4076
5;3225;2896;3039;4048
5;3233;2901;3147;4061
5;3227;2893;3411;4049
5;3504;3216;3189;4095
5;3973;3792;3280;4095
5;3701;3458;3647;4095
5;3260;2927;3550;4075
5;3211;2887;2556;4051
5;3217;2883;1546;4047
5;3214;2878;3418;4052
5;3195;2874;3769;4055
5;3205;2866;3791;4043
5;3214;2871;3791;4053
5;3202;2869;3790;4050
5;3205;2871;3818;4050
5;3201;2868;3820;4048
5;3205;2875;3849;4052
5;3200;2869;3825;4020
5;3203;2881;3834;4048
5;3207;2873;3815;4061
5;3202;2870;3814;4050
5;3206;2873;3803;4050
5;3206;2870;3813;4048
5;3203;2876;3815;4061
5;3211;2870;3807;4054
5;3201;2887;3826;4059
