1;2877;3200;3927;4078
1;2875;3197;3936;4080
1;2880;3200;3933;4080
1;2878;3201;3935;4078
1;2875;3201;3927;4080
1;2878;3200;3932;4080
1;2876;3201;3933;4081
1;2875;3199;3925;4079
1;2878;3198;3936;4080
1;2879;3200;3937;4080
1;2878;3200;3936;4083
1;2875;3198;3925;4089
1;2874;3195;3932;4073
1;2875;3200;3937;4080
1;2878;3199;3938;4080
1;2877;3199;3926;4091
1;2881;3199;3935;4080
1;2878;3203;3933;4085
1;2881;3200;3929;4084
1;2871;3199;3932;4083
1;2882;3200;3936;4087
1;2880;3200;3935;4091
1;2879;3201;3940;4080
1;2879;3202;3931;4075
1;2880;3200;3931;4084
1;2881;3201;3935;4080
1;2885;3205;3929;4080
1;2878;3200;3931;4076
1;2874;3200;3932;4077
1;2882;3207;3931;4078
1;2870;3200;3935;4082
1;2870;3201;3931;4080
1;2871;3201;3930;4080
1;2875;3200;3931;4080
1;2871;3200;3934;4082
1;2877;3201;3933;4079
1;2879;3201;3927;4083
1;2876;3195;3930;4080
1;2879;3205;3938;4080
1;2879;3207;3933;4083
1;2877;3201;3941;4080
1;2879;3199;3948;4089
1;2877;3199;3934;4093
1;2878;3202;3936;4079
1;2879;3201;3933;4080
1;2877;3201;3936;4081
1;2877;3201;3935;4075
1;2880;3201;3936;4090
1;2880;3201;3934;4081
1;2877;3201;3929;4080
1;2878;3200;3935;4082
1;2878;3200;3939;4089
1;2881;3203;3930;4092
1;2880;3202;3942;4077
1;2877;3202;3930;4080
1;2880;3203;3930;4080
1;2878;3202;3924;4070
1;2880;3199;3938;4076
1;2880;3203;3935;4086
1;2880;3200;3935;4093
1;2882;3203;3932;4086
1;2881;3205;3936;4081
1;2878;3200;3935;4069
1;2868;3200;3933;4081
1;2874;3200;3932;4082
1;2875;3198;3927;4089
1;2879;3202;3934;4078
1;2884;3205;3937;4085
1;2887;3206;3934;4085
1;2883;3206;3936;4082
1;2884;3204;3933;4082
1;2881;3206;3927;4084
1;2875;3200;3931;4081
1;2880;3202;3931;4080
1;2878;3203;3939;4083
1;2877;3201;3938;4083
1;2880;3205;3932;4079
1;2880;3205;3931;4080
1;2880;3202;3931;4083
1;2880;3202;3932;4083
1;2883;3205;3934;4086
1;2882;3207;3933;4082
1;2883;3205;3940;4086
1;2884;3205;3934;4080
1;2880;3204;3934;4082
1;2880;3204;3936;4083
1;2880;3210;3939;4081
1;2883;3205;3945;4090
1;2882;3209;3937;4085
1;2885;3207;3934;4082
1;2885;3207;3942;4086
1;2881;3209;3938;4086
1;2878;3207;3941;4082
1;2882;3211;3939;4087
1;2883;3205;3931;4083
1;2883;3205;3937;4081
1;2878;3205;3938;4080
1;2881;3205;3938;4086
1;2879;3202;3935;4082
1;2884;3205;3936;4084
1;2880;3205;3937;4081
1;2880;3205;3934;4084
1;2880;3205;3937;4080
1;2880;3201;3935;4080
1;2881;3202;3933;4082
1;2883;3204;3947;4092
1;2877;3203;3938;4082
1;2884;3205;3942;4081
1;2883;3201;3935;4090
1;2875;3202;3937;4084
1;2881;3205;3939;4086
1;2881;3205;3942;4091
1;2882;3203;3936;4085
1;2881;3206;3938;4086
1;2881;3206;3929;4085
1;2883;3211;3935;4095
1;2882;3201;3937;4085
1;2879;3203;3927;4083
1;2879;3202;3931;4095
1;2882;3206;3940;4081
1;2880;3205;3937;4079
1;2879;3203;3937;4092
1;2880;3204;3936;4077
1;2877;3200;3938;4080
1;2881;3203;3934;4082
1;2879;3205;3935;4080
1;2879;3203;3929;4081
1;2877;3201;3936;4082
1;2880;3205;3935;4083
1;2882;3205;3934;4087
1;2881;3205;3936;4095
1;2877;3206;3937;4082
1;2880;3205;3935;4083
1;2880;3200;3935;4080
1;2878;3199;3935;4082
1;2873;3203;3943;4080
1;2879;3201;3933;4084
1;2875;3200;3931;4083
1;2874;3200;3937;4087
1;2874;3199;3933;4092
1;2871;3199;3933;4084
1;2871;3199;3937;4080
1;2875;3198;3937;4080
1;2875;3199;3936;4087
1;2876;3198;3936;4078
1;2870;3197;3934;4085
1;2876;3200;3932;4080
1;2875;3199;3934;4085
1;2873;3200;3934;4081
1;2877;3200;3939;4084
1;2875;3200;3938;4087
1;2873;3195;3935;4089
1;2875;3200;3937;4080
1;2869;3198;3934;4085
1;2875;3199;3937;4082
1;2867;3198;3927;4082
1;2868;3201;3934;4080
1;2870;3197;3934;4082
1;2871;3201;3940;4093
1;2871;3198;3931;4086
1;2871;3197;3934;4086
1;2871;3200;3935;4081
1;2877;3199;3931;4087
1;2870;3196;3936;4080
1;2869;3197;3937;4079
1;2874;3197;3938;4077
1;2869;3196;3937;4082
1;2871;3198;3926;4085
1;2874;3199;3940;4085
1;2874;3197;3931;4083
1;2878;3198;3935;4081
1;2875;3197;3935;4080
1;2877;3200;3933;4090
1;2871;3198;3929;4086
1;2873;3200;3942;4081
1;2877;3198;3933;4079
1;2879;3201;3935;4080
1;2869;3195;3937;4080
1;2873;3198;3936;4080
1;2873;3199;3927;4080
1;2869;3191;3922;4074
1;2865;3195;3922;4080
1;2876;3200;3937;4095
1;2873;3200;3938;4080
1;2872;3201;3935;4089
1;2867;3195;3937;4077
1;2868;3193;3934;4091
1;2868;3199;3942;4087
1;2869;3197;3937;4083
1;2864;3190;3942;4087
1;2866;3193;3938;4089
1;2863;3194;3935;4080
1;2864;3193;3936;4081
1;2867;3197;3938;4081
1;2867;3197;3943;4087
1;2869;3196;3940;4094
1;2867;3194;3937;4094
1;2867;3195;3941;4080
1;2869;3194;3941;4084
1;2870;3195;3937;4084
1;2864;3195;3942;4087
1;2864;3198;3942;4095
1;2867;3194;3946;4085
1;2869;3200;3937;4094
1;2868;3197;3941;4091
1;2869;3198;3934;4086
1;2867;3194;3929;4082
1;2868;3188;3920;4080
1;2867;3191;3928;4087
1;2867;3196;3932;4081
1;2869;3195;3927;4083
1;2867;3194;3926;4079
1;2864;3194;3924;4080
1;2869;3194;3920;4081
1;2867;3193;3922;4082
1;2870;3189;3924;4080
1;2864;3195;3921;4081
1;2867;3195;3925;4080
1;2869;3194;3926;4080
1;2867;3190;3925;4078
1;2866;3195;3934;4087
1;2871;3195;3934;4080
1;2869;3197;3929;4089
1;2865;3195;3937;4091
1;2869;3193;3935;4080
1;2870;3200;3932;4084
1;2866;3196;3939;4080
1;2871;3196;3929;4085
1;2867;3196;3939;4086
1;2868;3195;3935;4084
1;2870;3195;3937;4082
1;2869;3195;3934;4083
1;2869;3198;3937;4081
1;2864;3197;3927;4079
1;2865;3198;3931;4083
1;2864;3194;3931;4085
1;2864;3190;3937;4093
1;2864;3193;3939;4083
1;2864;3194;3936;4082
1;2866;3193;3937;4085
1;2866;3197;3937;4087
1;2871;3195;3935;4081
1;2866;3200;3933;4092
1;2864;3194;3939;4087
1;2874;3197;3933;4087
1;2869;3195;3939;4081
1;2871;3194;3942;4086
1;2866;3198;3941;4080
1;2871;3197;3936;4083
1;2871;3197;3937;4087
1;2865;3194;3935;4087
1;2871;3196;3936;4082
1;2870;3199;3934;4087
1;2869;3199;3934;4086
1;2866;3195;3941;4085
1;2869;3196;3947;4083
1;2865;3198;3935;4084
1;2871;3198;3936;4085
1;2874;3201;3937;4087
1;2875;3201;3935;4080
1;2873;3198;3947;4080
1;2873;3200;3935;4084
1;2868;3199;3931;4080
1;2871;3198;3934;4083
1;2873;3198;3932;4080
1;2875;3199;3933;4085
1;2871;3199;3934;4093
1;2874;3201;3936;4095
1;2875;3200;3939;4089
1;2875;3199;3935;4081
1;2875;3200;3935;4094
1;2870;3202;3934;4080
1;2874;3200;3933;4087
1;2873;3200;3936;4084
1;2870;3200;3940;4086
1;2874;3197;3936;4081
1;2876;3202;3934;4082
1;2874;3199;3941;4087
1;2873;3201;3935;4087
1;2876;3199;3932;4085
1;2874;3200;3934;4080
1;2875;3206;3938;4085
1;2875;3200;3931;4080
1;2883;3207;3940;4085
1;2871;3201;3934;4087
1;2879;3202;3937;4087
1;2877;3201;3939;4088
1;2880;3203;3941;4090
1;2871;3200;3938;4078
1;2877;3202;3937;4084
1;2877;3200;3934;4080
1;2876;3200;3936;4083
1;2878;3200;3934;4083
1;2875;3201;3950;4085
1;2871;3199;3934;4091
1;2873;3200;3937;4090
1;2877;3197;3941;4085
1;2878;3202;3936;4092
1;2870;3200;3938;4086
1;2879;3205;3947;4091
1;2877;3201;3943;4089
1;2875;3201;3939;4087
1;2875;3202;3945;4090
1;2872;3200;3943;4085
1;2870;3199;3943;4095
1;2874;3200;3941;4095
1;2869;3195;3944;4091
1;2870;3198;3939;4090
1;2873;3201;3942;4089
1;2869;3199;3937;4093
1;2873;3197;3935;4091
1;2874;3203;3941;4085
1;2873;3200;3939;4087
1;2877;3203;3951;4087
1;2870;3199;3941;4095
1;2870;3202;3941;4084
1;2877;3207;3939;4091
1;2870;3200;3941;4087
1;2874;3202;3938;4090
1;2878;3201;3938;4095
2;2875;3203;3929;4088
2;2877;3200;3941;4083
2;2876;3198;3943;4085
2;2869;3200;3936;4083
2;2872;3200;3937;4091
2;2871;3198;3939;4090
2;2870;3198;3937;4086
2;2871;3199;3940;4080
2;2875;3201;3938;4095
2;2867;3200;3935;4082
2;2873;3200;3938;4087
2;2872;3200;3936;4094
2;2877;3202;3937;4085
2;2880;3201;3937;4083
2;2871;3198;3939;4085
2;2865;3203;3936;4091
2;2871;3201;3938;4084
2;2878;3201;3933;4095
2;2881;3203;3939;4095
2;2879;3203;3940;4092
2;2869;3199;3941;4087
2;2879;3206;3939;4095
2;2881;3204;3938;4090
2;2869;3197;3934;4095
2;2878;3205;3950;4080
2;2874;3200;3943;4095
2;2877;3203;3937;4087
2;2878;3201;3937;4088
2;2879;3205;3937;4080
2;2877;3201;3937;4084
2;2878;3207;3941;4083
2;2877;3206;3941;4087
2;2880;3205;3935;4083
2;2878;3203;3938;4093
2;2878;3203;3940;4085
2;2886;3204;3934;4081
2;2881;3205;3941;4080
2;2891;3213;3923;4078
2;2880;3207;3933;4082
2;2880;3200;3938;4082
2;2877;3207;3943;4083
2;2877;3200;3942;4086
2;2875;3202;3933;4081
2;2877;3202;3938;4086
2;2875;3207;3937;4089
2;2878;3205;3941;4091
2;2882;3208;3939;4089
2;2880;3210;3932;4080
2;2875;3201;3938;4089
2;2875;3203;3943;4084
2;2879;3203;3934;4086
2;2879;3202;3936;4085
2;2874;3200;3936;4087
2;2875;3202;3938;4089
2;2880;3206;3934;4095
2;2881;3205;3938;4080
2;2881;3206;3935;4089
2;2877;3204;3935;4090
2;2877;3201;3938;4082
2;2880;3207;3936;4095
2;2874;3205;3936;4095
2;2880;3205;3931;4087
2;2881;3205;3939;4083
2;2875;3205;3937;4082
2;2875;3203;3935;4093
2;2882;3207;3936;4085
2;2868;3202;3936;4086
2;2873;3205;3926;4093
2;2877;3211;3934;4080
2;2877;3210;3935;4082
2;2877;3203;3938;4080
2;2884;3210;3943;4095
2;2880;3203;3933;4095
2;2874;3201;3937;4090
2;2880;3204;3935;4089
2;2882;3207;3935;4080
2;2883;3210;3939;4081
2;2879;3203;3931;4084
2;2879;3203;3937;4080
2;2880;3203;3937;4090
2;2883;3207;3939;4091
2;2879;3211;3936;4082
2;2875;3207;3934;4080
2;2882;3205;3938;4082
2;2880;3205;3937;4083
2;2875;3200;3937;4095
2;2883;3206;3939;4085
2;2882;3209;3929;4081
2;2880;3207;3943;4084
2;2871;3201;3941;4090
2;2879;3203;3934;4082
2;2880;3213;3947;4082
2;2886;3208;3945;4091
2;2878;3201;3936;4080
2;2875;3199;3936;4080
2;2881;3203;3937;4089
2;2884;3207;3936;4086
2;2879;3205;3935;4093
2;2871;3200;3942;4085
2;2878;3203;3939;4081
2;2880;3203;3934;4095
2;2880;3206;3933;4081
2;2881;3205;3939;4083
2;2879;3207;3935;4086
2;2880;3205;3941;4086
2;2883;3205;3931;4086
2;2883;3205;3936;4081
2;2884;3207;3933;4087
2;2882;3206;3933;4090
2;2884;3206;3932;4095
2;2894;3207;3921;4080
2;2880;3204;3935;4080
2;2881;3205;3942;4080
2;2874;3199;3937;4089
2;2880;3202;3943;4081
2;2879;3208;3928;4080
2;2883;3205;3933;4080
2;2875;3201;3941;4094
2;2877;3207;3939;4086
2;2876;3205;3941;4093
2;2879;3205;3933;4090
2;2879;3205;3935;4093
2;2878;3201;3939;4082
2;2878;3201;3940;4086
2;2877;3203;3929;4088
2;2874;3198;3934;4091
2;2874;3201;3937;4085
2;2876;3202;3941;4084
2;2880;3201;3936;4082
2;2879;3205;3936;4090
2;2870;3199;3937;4095
2;2880;3202;3941;4089
2;2883;3206;3939;4093
2;2882;3210;3939;4090
2;2873;3201;3939;4093
2;2879;3204;3937;4095
2;2879;3205;3943;4094
2;2881;3207;3943;4079
2;2877;3205;3937;4091
2;2881;3205;3934;4085
2;2882;3205;3935;4082
2;2880;3207;3937;4095
2;2880;3206;3937;4090
2;2879;3207;3935;4080
2;2880;3205;3938;4091
2;2879;3210;3939;4094
2;2879;3205;3935;4085
2;2883;3209;3938;4085
2;2884;3205;3933;4087
2;2874;3202;3939;4082
2;2871;3200;3937;4083
2;2871;3200;3937;4085
2;2871;3201;3939;4084
2;2875;3199;3940;4093
2;2875;3200;3939;4083
2;2877;3201;3938;4090
2;2878;3203;3941;4095
2;2879;3203;3940;4095
2;2878;3201;3930;4080
2;2877;3205;3942;4086
2;2880;3200;3939;4089
2;2878;3201;3942;4084
2;2877;3203;3937;4086
2;2878;3203;3937;4094
2;2881;3203;3936;4083
2;2876;3200;3935;4091
2;2874;3200;3935;4085
2;2874;3200;3931;4085
2;2877;3200;3950;4092
2;2871;3203;3932;4082
2;2877;3201;3941;4087
2;2879;3203;3935;4091
2;2877;3200;3939;4095
2;2875;3203;3935;4085
2;2874;3202;3931;4081
2;2877;3201;3942;4082
2;2880;3203;3937;4083
2;2875;3203;3943;4083
2;2878;3203;3937;4080
2;2878;3205;3941;4090
2;2880;3203;3943;4095
2;2880;3204;3945;4087
2;2880;3204;3940;4087
2;2878;3204;3945;4092
2;2880;3209;3936;4089
2;2881;3207;3932;4084
2;2883;3211;3935;4089
2;2879;3205;3943;4093
2;2874;3201;3935;4094
2;2871;3198;3939;4084
2;2871;3206;3943;4095
2;2875;3206;3929;4087
2;2871;3201;3950;4095
2;2873;3201;3946;4095
2;2876;3201;3937;4091
2;2879;3206;3935;4086
2;2873;3205;3941;4085
2;2874;3202;3939;4095
2;2875;3203;3939;4084
2;2877;3203;3941;4084
2;2879;3201;3946;4086
2;2881;3203;3939;4090
2;2878;3211;3939;4080
2;2882;3206;3945;4080
2;2879;3204;3943;4089
2;2880;3201;3946;4094
2;2880;3205;3938;4083
2;2880;3203;3938;4087
2;2880;3202;3946;4088
2;2879;3205;3932;4094
2;2880;3202;3938;4093
2;2877;3204;3934;4086
2;2881;3205;3931;4086
2;2875;3201;3933;4091
2;2877;3199;3943;4094
2;2882;3205;3946;4082
2;2880;3203;3941;4095
2;2875;3200;3943;4087
2;2883;3206;3934;4090
2;2883;3210;3935;4092
2;2878;3203;3948;4088
2;2880;3209;3946;4082
2;2878;3207;3939;4081
2;2889;3211;3938;4092
2;2885;3215;3942;4089
2;2882;3206;3940;4088
2;2883;3205;3933;4085
2;2884;3213;3938;4090
2;2885;3206;3946;4086
2;2879;3203;3943;4081
2;2882;3210;3943;4086
2;2881;3211;3939;4095
3;2879;3205;3938;4086
3;2882;3207;3945;4091
3;2881;3206;3937;4095
3;2880;3205;3940;4095
3;2879;3206;3942;4092
3;2878;3205;3939;4095
3;2879;3203;3947;4095
3;2879;3204;3935;4083
3;2878;3199;3949;4083
3;2880;3203;3941;4095
3;2880;3201;3945;4082
3;2882;3205;3949;4086
3;2883;3206;3930;4091
3;2882;3206;3937;4091
3;2883;3209;3939;4081
3;2879;3207;3933;4085
3;2881;3207;3939;4087
3;2882;3206;3929;4081
3;2880;3205;3942;4085
3;2880;3206;3934;4082
3;2883;3202;3930;4087
3;2881;3201;3930;4080
3;2879;3202;3927;4087
3;2881;3201;3933;4084
3;2880;3204;3933;4080
3;2881;3208;3940;4084
3;2881;3204;3934;4093
3;2882;3203;3937;4086
3;2880;3206;3945;4082
3;2882;3205;3933;4083
3;2879;3204;3931;4080
3;2880;3202;3949;4090
3;2878;3206;3937;4089
3;2879;3205;3937;4085
3;2879;3205;3931;4087
3;2881;3203;3939;4081
3;2880;3209;3952;4085
3;2880;3200;3931;4086
3;2879;3202;3937;4086
3;2885;3204;3942;4095
3;2879;3206;3940;4089
3;2883;3207;3937;4095
3;2882;3206;3939;4093
3;2881;3209;3943;4083
3;2883;3205;3934;4087
3;2883;3203;3943;4081
3;2880;3203;3935;4095
3;2881;3205;3945;4081
3;2880;3210;3938;4091
3;2884;3206;3941;4081
3;2880;3204;3944;4085
3;2878;3205;3948;4085
3;2880;3203;3941;4081
3;2885;3206;3935;4089
3;2882;3207;3932;4092
3;2878;3203;3937;4086
3;2880;3202;3938;4091
3;2880;3201;3939;4087
3;2879;3202;3940;4089
3;2879;3209;3942;4085
3;2882;3206;3937;4089
3;2882;3205;3937;4091
3;2881;3206;3938;4091
3;2883;3205;3937;4083
3;2874;3203;3937;4089
3;2876;3200;3941;4086
3;2879;3203;3940;4095
3;2876;3203;3939;4095
3;2877;3203;3935;4093
3;2878;3204;3934;4086
3;2879;3203;3937;4087
3;2882;3205;3937;4095
3;2878;3203;3939;4086
3;2880;3202;3945;4085
3;2880;3202;3944;4090
3;2880;3205;3936;4083
3;2881;3205;3943;4090
3;2879;3205;3949;4095
3;2878;3202;3941;4087
3;2880;3205;3937;4086
3;2882;3207;3937;4095
3;2879;3202;3935;4090
3;2880;3201;3937;4090
3;2881;3203;3941;4080
3;2882;3207;3940;4087
3;2880;3205;3935;4087
3;2881;3202;3942;4091
3;2882;3205;3949;4087
3;2880;3202;3938;4086
3;2882;3205;3937;4089
3;2880;3205;3939;4091
3;2881;3203;3940;4085
3;2881;3206;3934;4095
3;2878;3207;3936;4091
3;2878;3204;3939;4087
3;2880;3206;3939;4087
3;2881;3205;3944;4087
3;2880;3204;3939;4095
3;2880;3203;3936;4087
3;2880;3201;3942;4095
3;2880;3201;3942;4087
3;2877;3203;3941;4095
3;2879;3204;3937;4092
3;2879;3202;3945;4091
3;2876;3207;3943;4093
3;2880;3202;3935;4089
3;2878;3205;3942;4085
3;2879;3202;3938;4093
3;2882;3205;3947;4093
3;2880;3206;3935;4090
3;2879;3209;3940;4095
3;2877;3200;3939;4093
3;2879;3205;3943;4090
3;2880;3207;3943;4088
3;2879;3202;3942;4095
3;2880;3207;3943;4089
3;2878;3207;3943;4090
3;2881;3210;3938;4095
3;2878;3206;3950;4090
3;2879;3206;3950;4093
3;2881;3206;3942;4095
3;2881;3215;3939;4091
3;2886;3210;3945;4090
3;2885;3206;3951;4091
3;2882;3206;3947;4091
3;2877;3203;3942;4093
3;2880;3200;3931;4087
3;2885;3206;3952;4087
3;2880;3206;3937;4093
3;2878;3204;3937;4092
3;2883;3206;3950;4092
3;2881;3205;3952;4086
3;2885;3206;3939;4089
3;2879;3206;3941;4085
3;2879;3207;3941;4087
3;2878;3203;3938;4087
3;2880;3202;3940;4089
3;2882;3203;3934;4087
3;2880;3206;3939;4082
3;2878;3202;3942;4086
3;2880;3201;3951;4091
3;2881;3202;3940;4095
3;2880;3206;3945;4093
3;2880;3204;3952;4089
3;2878;3206;3945;4091
3;2880;3203;3943;4095
3;2883;3205;3945;4093
3;2881;3205;3942;4082
3;2882;3207;3941;4095
3;2879;3205;3950;4095
3;2875;3200;3948;4095
3;2880;3202;3938;4080
3;2883;3207;3929;4095
3;2876;3200;3943;4094
3;2880;3206;3943;4094
3;2880;3204;3943;4095
3;2870;3201;3941;4090
3;2878;3202;3942;4095
3;2875;3210;3947;4095
3;2876;3206;3950;4095
3;2880;3202;3942;4095
3;2880;3205;3944;4085
3;2878;3207;3951;4091
3;2879;3204;3945;4094
3;2880;3207;3952;4090
3;2881;3211;3947;4095
3;2881;3205;3942;4086
3;2882;3210;3941;4086
3;2884;3210;3943;4090
3;2885;3213;3946;4095
3;2883;3213;3951;4091
3;2880;3210;3952;4091
3;2883;3205;3949;4095
3;2881;3207;3949;4093
3;2884;3202;3949;4095
3;2882;3203;3942;4093
3;2881;3206;3948;4095
3;2878;3208;3943;4095
3;2881;3207;3936;4095
3;2881;3203;3941;4090
3;2879;3204;3936;4091
3;2883;3205;3945;4095
3;2880;3207;3944;4088
3;2880;3209;3941;4095
3;2881;3211;3947;4092
3;2880;3206;3943;4093
3;2881;3206;3943;4090
3;2880;3203;3947;4094
3;2883;3208;3945;4085
3;2874;3202;3950;4087
3;2882;3206;3948;4095
3;2880;3210;3941;4082
3;2880;3203;3943;4094
3;2877;3203;3945;4095
3;2881;3206;3942;4093
3;2879;3206;3939;4090
3;2883;3210;3946;4094
3;2879;3207;3939;4095
3;2882;3203;3943;4092
3;2883;3206;3937;4094
3;2880;3205;3939;4093
3;2880;3202;3943;4095
3;2882;3207;3949;4090
3;2881;3207;3939;4086
3;2883;3205;3946;4090
3;2882;3205;3949;4087
3;2883;3203;3943;4091
3;2889;3213;3946;4087
3;2885;3210;3944;4083
3;2881;3210;3941;4091
3;2885;3208;3939;4095
3;2880;3205;3949;4095
3;2881;3206;3943;4089
3;2883;3203;3943;4088
3;2880;3207;3934;4090
3;2880;3207;3944;4081
3;2879;3204;3940;4091
3;2879;3203;3936;4095
3;2882;3201;3936;4095
3;2880;3204;3937;4087
3;2880;3203;3930;4085
3;2879;3205;3946;4094
3;2879;3203;3937;4082
3;2873;3201;3948;4095
3;2877;3201;3947;4090
3;2880;3204;3937;4095
3;2877;3202;3946;4095
3;2880;3205;3945;4080
3;2877;3204;3941;4095
3;2880;3203;3939;4086
3;2879;3204;3939;4081
3;2876;3201;3936;4083
3;2880;3205;3937;4086
3;2875;3204;3943;4086
3;2878;3200;3943;4090
3;2878;3202;3938;4089
3;2877;3200;3941;4083
3;2877;3200;3939;4082
3;2878;3202;3938;4093
3;2877;3202;3929;4086
4;2879;3204;3934;4091
4;2874;3202;3935;4082
4;2876;3200;3931;4085
4;2877;3201;3934;4086
4;2871;3200;3942;4091
4;2867;3199;3931;4084
4;2875;3200;3933;4080
4;2879;3205;3941;4081
4;2877;3202;3935;4087
4;2873;3200;3938;4085
4;2873;3200;3933;4083
4;2870;3199;3939;4093
4;2878;3200;3946;4084
4;2872;3197;3937;4089
4;2869;3197;3938;4095
4;2869;3195;3940;4095
4;2868;3195;3936;4080
4;2864;3195;3950;4087
4;2869;3198;3935;4087
4;2873;3197;3948;4095
4;2874;3199;3939;4081
4;2873;3201;3942;4082
4;2875;3200;3939;4083
4;2880;3204;3947;4095
4;2882;3205;3947;4090
4;2880;3211;3939;4095
4;2883;3206;3935;4095
4;2882;3205;3946;4095
4;2879;3203;3943;4089
4;2880;3205;3949;4095
4;2879;3203;3951;4095
4;2882;3205;3948;4091
4;2881;3207;3943;4095
4;2885;3211;3942;4095
4;2880;3206;3952;4095
4;2880;3205;3942;4087
4;2881;3205;3952;4095
4;2877;3203;3939;4091
4;2876;3203;3939;4095
4;2875;3200;3943;4090
4;2878;3204;3941;4095
4;2881;3205;3941;4095
4;2884;3207;3938;4095
4;2869;3200;3937;4087
4;2878;3203;3937;4094
4;2879;3209;3949;4087
4;2880;3201;3941;4095
4;2874;3203;3948;4095
4;2880;3204;3942;4095
4;2875;3201;3939;4086
4;2880;3203;3933;4090
4;2883;3207;3946;4086
4;2881;3205;3943;4093
4;2875;3201;3935;4095
4;2873;3203;3946;4095
4;2879;3206;3943;4085
4;2875;3205;3943;4095
4;2878;3201;3942;4095
4;2875;3205;3946;4095
4;2875;3205;3947;4092
4;2880;3206;3939;4095
4;2881;3205;3949;4095
4;2880;3204;3943;4092
4;2880;3201;3939;4087
4;2880;3202;3939;4095
4;2880;3206;3933;4089
4;2883;3205;3942;4087
4;2882;3206;3952;4092
4;2879;3203;3954;4091
4;2876;3202;3943;4093
4;2878;3202;3939;4093
4;2877;3204;3944;4095
4;2875;3209;3937;4089
4;2883;3205;3943;4095
4;2880;3205;3936;4095
4;2880;3206;3947;4089
4;2880;3207;3950;4095
4;2879;3207;3948;4093
4;2878;3201;3947;4093
4;2877;3199;3937;4083
4;2880;3202;3938;4088
4;2880;3203;3951;4085
4;2877;3204;3946;4095
4;2875;3203;3942;4095
4;2879;3203;3946;4095
4;2879;3203;3952;4086
4;2880;3205;3946;4091
4;2879;3203;3942;4095
4;2879;3205;3941;4093
4;2880;3200;3946;4095
4;2880;3204;3951;4095
4;2878;3201;3941;4092
4;2876;3203;3952;4095
4;2878;3199;3948;4095
4;2880;3201;3947;4095
4;2878;3203;3947;4095
4;2880;3202;3943;4095
4;2877;3206;3949;4093
4;2879;3202;3951;4091
4;2879;3203;3944;4086
4;2880;3208;3930;4085
4;2879;3205;3952;4095
4;2880;3203;3947;4095
4;2875;3204;3946;4086
4;2881;3205;3939;4091
4;2879;3206;3946;4095
4;2879;3203;3949;4090
4;2875;3202;3946;4085
4;2879;3207;3946;4085
4;2878;3205;3942;4095
4;2875;3201;3944;4083
4;2878;3205;3942;4095
4;2877;3201;3941;4091
4;2876;3202;3944;4095
4;2879;3203;3946;4087
4;2876;3204;3941;4091
4;2874;3204;3943;4094
4;2878;3201;3942;4087
4;2875;3200;3938;4090
4;2871;3203;3943;4083
4;2878;3202;3942;4091
4;2877;3200;3935;4095
4;2878;3202;3950;4092
4;2880;3201;3940;4093
4;2880;3205;3939;4094
4;2879;3203;3948;4095
4;2880;3205;3936;4095
4;2878;3206;3952;4086
4;2878;3203;3943;4087
4;2880;3207;3945;4092
4;2881;3206;3945;4095
4;2880;3201;3935;4095
4;2881;3205;3940;4095
4;2879;3203;3952;4091
4;2877;3201;3947;4084
4;2878;3201;3942;4090
4;2880;3205;3943;4093
4;2875;3203;3945;4090
4;2880;3202;3942;4087
4;2880;3203;3946;4090
4;2879;3203;3941;4086
4;2877;3203;3936;4095
4;2877;3202;3942;4095
4;2880;3202;3940;4090
4;2878;3201;3939;4089
4;2881;3205;3947;4095
4;2880;3205;3947;4095
4;2873;3203;3946;4085
4;2878;3205;3944;4095
4;2877;3203;3937;4095
4;2881;3206;3945;4086
4;2878;3200;3938;4087
4;2880;3203;3942;4087
4;2878;3205;3947;4095
4;2880;3202;3943;4094
4;2881;3206;3947;4085
4;2882;3205;3946;4095
4;2878;3206;3943;4090
4;2871;3205;3947;4085
4;2871;3205;3943;4095
4;2875;3200;3952;4095
4;2877;3207;3949;4094
4;2879;3204;3939;4095
4;2878;3205;3941;4090
4;2880;3205;3939;4089
4;2879;3206;3938;4087
4;2875;3202;3943;4091
4;2875;3198;3947;4093
4;2877;3204;3947;4091
4;2879;3207;3945;4094
4;2879;3209;3942;4094
4;2880;3202;3939;4094
4;2880;3203;3945;4095
4;2876;3206;3946;4093
4;2878;3206;3944;4090
4;2878;3205;3943;4090
4;2873;3202;3945;4090
4;2875;3203;3939;4095
4;2879;3204;3937;4094
4;2878;3202;3935;4094
4;2879;3202;3939;4094
4;2876;3201;3955;4093
4;2880;3202;3952;4091
4;2879;3201;3952;4095
4;2875;3203;3942;4094
4;2876;3205;3946;4095
4;2879;3203;3939;4095
4;2877;3203;3943;4092
4;2877;3201;3942;4095
4;2873;3202;3942;4095
4;2877;3201;3937;4093
4;2878;3201;3938;4091
4;2873;3201;3943;4095
4;2874;3201;3941;4093
4;2875;3204;3942;4091
4;2876;3203;3943;4095
4;2873;3202;3942;4093
4;2875;3203;3942;4095
4;2874;3202;3941;4091
4;2877;3200;3938;4085
4;2876;3201;3935;4086
4;2879;3206;3939;4094
4;2878;3202;3948;4095
4;2877;3203;3941;4087
4;2878;3202;3943;4095
4;2875;3200;3943;4095
4;2877;3206;3951;4091
4;2871;3203;3939;4095
4;2877;3199;3938;4095
4;2874;3204;3950;4094
4;2879;3202;3943;4095
4;2876;3202;3942;4091
4;2878;3202;3946;4093
4;2875;3201;3947;4087
4;2879;3205;3949;4095
4;2877;3205;3941;4090
4;2874;3200;3947;4087
4;2879;3206;3943;4089
4;2880;3205;3943;4095
4;2879;3203;3950;4094
4;2875;3204;3947;4091
4;2875;3201;3941;4095
4;2880;3206;3938;4095
4;2879;3201;3949;4095
4;2881;3210;3940;4087
4;2883;3216;3945;4095
4;2881;3206;3938;4095
4;2879;3206;3946;4093
4;2881;3207;3954;4093
4;2874;3200;3942;4094
4;2869;3203;3947;4095
4;2875;3203;3952;4095
4;2874;3203;3947;4095
4;2869;3200;3952;4094
4;2877;3201;3947;4095
4;2880;3202;3947;4089
4;2880;3203;3951;4093
4;2871;3199;3938;4095
4;2878;3205;3946;4093
4;2879;3204;3941;4090
4;2867;3201;3943;4095
4;2878;3206;3950;4091
4;2871;3202;3942;4087
4;2869;3201;3947;4095
4;2875;3201;3945;4090
4;2880;3204;3942;4094
4;2880;3205;3949;4087
4;2879;3200;3948;4083
4;2877;3205;3952;4095
4;2878;3202;3939;4095
4;2874;3204;3952;4085
4;2879;3205;3947;4095
4;2874;3202;3946;4095
4;2877;3201;3946;4095
4;2882;3207;3951;4095
4;2876;3202;3942;4095
4;2871;3205;3955;4095
4;2878;3206;3952;4095
4;2874;3206;3952;4095
4;2878;3205;3953;4095
4;2875;3207;3953;4095
4;2881;3210;3954;4095
4;2879;3205;3954;4095
4;2880;3212;3952;4095
4;2884;3214;3953;4095
4;2877;3211;3954;4095
4;2883;3216;3950;4095
4;2887;3213;3953;4095
4;2890;3215;3952;4095
4;2884;3213;3952;4095
4;2880;3207;3959;4095
4;2879;3215;3957;4095
4;2882;3214;3962;4095
4;2879;3213;3953;4095
4;2884;3207;3958;4095
4;2881;3206;3958;4095
4;2882;3213;3965;4095
4;2883;3211;3968;4095
4;2883;3211;3967;4095
4;2883;3214;3968;4095
4;2881;3211;3961;4095
4;2884;3215;3958;4095
4;2883;3214;3967;4095
4;2887;3213;3965;4095
5;2889;3215;3963;4095
5;2881;3213;3964;4095
5;2882;3211;3956;4095
5;2880;3212;3959;4095
5;2880;3213;3954;4095
5;2883;3208;3951;4095
5;2884;3213;3959;4095
5;2879;3209;3957;4095
5;2882;3209;3958;4095
5;2885;3211;3950;4095
5;2884;3210;3955;4095
5;2880;3213;3959;4095
5;2881;3210;3954;4095
5;2877;3210;3956;4095
5;2880;3211;3951;4095
5;2879;3205;3955;4095
5;2878;3207;3955;4095
5;2880;3207;3951;4095
5;2881;3205;3955;4095
5;2878;3205;3951;4095
5;2880;3207;3953;4095
5;2878;3207;3952;4095
5;2881;3205;3954;4095
5;2879;3204;3962;4095
5;2876;3206;3952;4095
5;2879;3205;3953;4095
5;2879;3203;3964;4095
5;2879;3205;3952;4095
5;2870;3200;3954;4095
5;2870;3206;3952;4095
5;2874;3203;3950;4095
5;2880;3205;3951;4091
5;2879;3203;3952;4095
5;2877;3203;3952;4095
5;2875;3202;3952;4095
5;2870;3201;3952;4095
5;2869;3206;3950;4095
5;2876;3203;3957;4095
5;2878;3211;3943;4095
5;2882;3211;3941;4095
5;2887;3210;3945;4095
5;2886;3216;3947;4095
5;2883;3214;3951;4095
5;2883;3214;3950;4095
5;2882;3213;3952;4095
5;2883;3216;3952;4095
5;2885;3214;3952;4095
5;2887;3213;3952;4095
5;2886;3212;3946;4095
5;2881;3212;3946;4095
5;2883;3209;3954;4094
5;2885;3209;3955;4094
5;2885;3213;3951;4095
5;2882;3207;3947;4092
5;2887;3213;3948;4095
5;2881;3205;3952;4095
5;2884;3213;3947;4095
5;2882;3206;3952;4095
5;2880;3207;3957;4095
5;2879;3211;3955;4095
5;2881;3204;3952;4095
5;2880;3211;3951;4095
5;2881;3213;3938;4095
5;2882;3205;3957;4095
5;2876;3202;3943;4094
5;2880;3207;3949;4095
5;2880;3209;3950;4094
5;2880;3203;3951;4095
5;2878;3206;3950;4095
5;2879;3204;3953;4095
5;2877;3206;3950;4095
5;2879;3207;3962;4095
5;2877;3203;3946;4095
5;2875;3205;3952;4095
5;2879;3207;3955;4095
5;2880;3206;3946;4089
5;2883;3207;3942;4095
5;2883;3209;3951;4095
5;2883;3210;3946;4095
5;2881;3209;3947;4095
5;2880;3207;3950;4095
5;2882;3210;3949;4095
5;2877;3214;3952;4094
5;2878;3206;3952;4095
5;2882;3210;3950;4095
5;2880;3213;3949;4095
5;2881;3210;3950;4093
5;2889;3213;3948;4095
5;2881;3214;3952;4095
5;2883;3211;3953;4095
5;2880;3214;3951;4095
5;2879;3209;3954;4095
5;2882;3214;3952;4095
5;2881;3210;3953;4095
5;2880;3216;3947;4095
5;2879;3210;3947;4095
5;2883;3213;3949;4095
5;2881;3207;3956;4095
5;2882;3207;3947;4095
5;2879;3210;3950;4095
5;2879;3209;3943;4095
5;2880;3209;3952;4095
5;2880;3211;3948;4095
5;2879;3207;3951;4092
5;2880;3213;3949;4095
5;2880;3210;3947;4095
5;2880;3206;3946;4095
5;2882;3207;3941;4095
5;2880;3207;3952;4095
5;2879;3207;3952;4095
5;2880;3214;3950;4095
5;2875;3209;3949;4095
5;2880;3209;3952;4095
5;2875;3207;3950;4091
5;2883;3209;3951;4095
5;2879;3206;3951;4095
5;2881;3211;3951;4095
5;2880;3210;3949;4095
5;2880;3207;3952;4089
5;2882;3207;3952;4094
5;2879;3205;3954;4095
5;2874;3199;3939;4095
5;2876;3208;3952;4095
5;2878;3205;3951;4095
5;2880;3206;3950;4095
5;2873;3206;3949;4095
5;2879;3206;3950;4095
5;2877;3203;3946;4095
5;2878;3203;3951;4095
5;2879;3209;3946;4095
5;2877;3203;3948;4095
5;2871;3200;3948;4095
5;2874;3202;3951;4095
5;2871;3206;3939;4095
5;2875;3203;3951;4090
5;2877;3207;3948;4095
5;2877;3207;3949;4094
5;2878;3206;3945;4095
5;2877;3211;3942;4095
5;2880;3207;3952;4095
5;2879;3207;3950;4094
5;2878;3211;3947;4095
5;2879;3211;3952;4095
5;2877;3207;3950;4095
5;2872;3205;3958;4095
5;2877;3207;3943;4095
5;2878;3207;3946;4095
5;2876;3203;3946;4095
5;2880;3210;3952;4095
5;2880;3206;3950;4095
5;2875;3203;3952;4095
5;2880;3207;3957;4095
5;2880;3212;3950;4095
5;2874;3205;3951;4090
5;2878;3203;3958;4093
5;2880;3207;3947;4093
5;2878;3205;3946;4094
